Bin Id	Bin size (Mbp)	SRR828660_das_check_bin_abundance: mapped reads	SRR828660_das_check_bin_abundance: % mapped reads	SRR828660_das_check_bin_abundance: % binned populations	SRR828660_das_check_bin_abundance: % community
DAS_Check_Bin_01	2.975407	141253	1.1160397540324325	1.3564621570594328	1.3564621570594328
DAS_Check_Bin_02	2.781754	256797	2.0289527352783066	2.637713407621904	2.637713407621904
DAS_Check_Bin_03	2.544082	13599	0.10744567984458418	0.15273277791346798	0.15273277791346798
DAS_Check_Bin_04	2.452323	50574	0.3995851027619679	0.5892587160591658	0.5892587160591658
DAS_Check_Bin_05	1.671048	19283	0.15235495583815847	0.32971754577947926	0.32971754577947926
DAS_Check_Bin_06	1.771809	49810	0.39354873983813066	0.8032597775185428	0.8032597775185428
DAS_Check_Bin_07	2.703889	283695	2.2414737953900516	2.997914239092548	2.997914239092548
DAS_Check_Bin_08	2.564749	64475	0.5094168841811579	0.7182950340141134	0.7182950340141134
DAS_Check_Bin_09	5.077456	3768187	29.77244017916936	21.205214046483036	21.205214046483036
DAS_Check_Bin_10	3.353911	611368	4.830417706833131	5.208438634056833	5.208438634056833
DAS_Check_Bin_11	2.009624	349386	2.760498293858364	4.967605191571041	4.967605191571041
DAS_Check_Bin_12	1.708853	39305	0.31054874963536894	0.6572029098971472	0.6572029098971472
DAS_Check_Bin_13	1.819704	16645	0.13151212155401898	0.26136018689397184	0.26136018689397184
DAS_Check_Bin_14	2.070462	72761	0.574884558509581	1.0041249939188375	1.0041249939188375
DAS_Check_Bin_15	2.11443	754109	5.958214146769582	10.190539910003176	10.190539910003176
DAS_Check_Bin_16	3.234694	216890	1.7136475844909085	1.9158553145643102	1.9158553145643102
DAS_Check_Bin_17	2.28673	97827	0.7729309892018633	1.2223630920411097	1.2223630920411097
DAS_Check_Bin_18	1.458125	56448	0.44599556848791005	1.1061402235378115	1.1061402235378115
DAS_Check_Bin_19	2.373878	127693	1.0089022131329135	1.5369688899928364	1.5369688899928364
DAS_Check_Bin_20	2.613867	331676	2.6205716088044935	3.625658901184334	3.625658901184334
DAS_Check_Bin_21	4.585951	4803040	37.948812274485746	29.925621294140097	29.925621294140097
DAS_Check_Bin_22	1.928793	151355	1.195855641802856	2.242164816526477	2.242164816526477
DAS_Check_Bin_23	2.774628	150083	1.1858055715945826	1.5455502149050855	1.5455502149050855
DAS_Check_Bin_24	1.470956	135339	1.0693132483628343	2.6289338802942437	2.6289338802942437
DAS_Check_Bin_25	2.318974	95030	0.7508318961416895	1.1709038449310158	1.1709038449310158
