Bin Id	Bin size (Mbp)	SRR828661_das_check_bin_abundance: mapped reads	SRR828661_das_check_bin_abundance: % mapped reads	SRR828661_das_check_bin_abundance: % binned populations	SRR828661_das_check_bin_abundance: % community
DAS_Check_Bin_01	2.975407	55282	0.8085859122166066	0.8098825496690862	0.8098825496690862
DAS_Check_Bin_02	2.781754	147225	2.1533964206448735	2.3069995882257857	2.3069995882257857
DAS_Check_Bin_03	2.544082	57611	0.8426511882477286	0.9870950718730863	0.9870950718730863
DAS_Check_Bin_04	2.452323	13188	0.1928951740225138	0.2344152936362415	0.2344152936362415
DAS_Check_Bin_05	1.671048	6681	0.09772009839584582	0.17427585497929152	0.17427585497929152
DAS_Check_Bin_06	1.771809	12013	0.17570895704674389	0.29554202787039324	0.29554202787039324
DAS_Check_Bin_07	2.703889	48909	0.7153707966535583	0.7884689573918641	0.7884689573918641
DAS_Check_Bin_08	2.564749	23691	0.34651801393443843	0.4026458236192453	0.4026458236192453
DAS_Check_Bin_09	5.077456	606720	8.87423111790564	5.208669697265349	5.208669697265349
DAS_Check_Bin_10	3.353911	1638483	23.96538242477483	21.294874310209956	21.294874310209956
DAS_Check_Bin_11	2.009624	50032	0.7317964321121027	1.0852198537935946	1.0852198537935946
DAS_Check_Bin_12	1.708853	4716	0.06897889298530294	0.12029671457085098	0.12029671457085098
DAS_Check_Bin_13	1.819704	34561	0.5055088041698589	0.8278854033500384	0.8278854033500384
DAS_Check_Bin_14	2.070462	12255	0.17924858641537053	0.25800654712477866	0.25800654712477866
DAS_Check_Bin_15	2.11443	1802769	26.368322715907883	37.16476958731975	37.16476958731975
DAS_Check_Bin_16	3.234694	248750	3.6383587001895896	3.35208144194419	3.35208144194419
DAS_Check_Bin_17	2.28673	25393	0.3714124320559367	0.4840428379032356	0.4840428379032356
DAS_Check_Bin_18	1.458125	28547	0.4175446263891948	0.8533955897056806	0.8533955897056806
DAS_Check_Bin_19	2.373878	64161	0.9384552062828714	1.1781413629501323	1.1781413629501323
DAS_Check_Bin_20	2.613867	81775	1.1960875686753918	1.363709111432544	1.363709111432544
DAS_Check_Bin_21	4.585951	1608346	23.524581555839703	15.287439398827612	15.287439398827612
DAS_Check_Bin_22	1.928793	65908	0.9640078199481225	1.4894886116476052	1.4894886116476052
DAS_Check_Bin_23	2.774628	103572	1.5149028635016528	1.6271300781561027	1.6271300781561027
DAS_Check_Bin_24	1.470956	54965	0.8039492902750585	1.6288129945854521	1.6288129945854521
DAS_Check_Bin_25	2.318974	41321	0.604384401409182	0.7767112919481258	0.7767112919481258
