Bin_Id		Bin_size_(Mbp)		mapped_reads		perc_mapped_reads	perc_binned_populations		perc_community
DAS_Check_Bin_01	2.975407	21069	0.5038911715607257	0.6264135399544888	0.6264135399544888
DAS_Check_Bin_02	2.781754	33796	0.8082731042795712	1.0747567315944921	1.0747567315944921
DAS_Check_Bin_03	2.544082	54434	1.301856378220919	1.8927913276140556	1.8927913276140556
DAS_Check_Bin_04	2.452323	41979	1.0039796616330963	1.5143212308612408	1.5143212308612408
DAS_Check_Bin_05	1.671048	15680	0.37500657696483836	0.8300814851712418	0.8300814851712418
DAS_Check_Bin_06	1.771809	9890	0.23653157182284765	0.4937907860891001	0.4937907860891001
DAS_Check_Bin_07	2.703889	74882	1.7908955673648612	2.4499215059593906	2.4499215059593906
DAS_Check_Bin_08	2.564749	96651	2.3115281039686604	3.333688956601151	3.333688956601151
DAS_Check_Bin_09	5.077456	1144598	27.374475636530615	19.94207787298453	19.94207787298453
DAS_Check_Bin_10	3.353911	951988	22.767969463750163	25.10981620599072	25.10981620599072
DAS_Check_Bin_11	2.009624	6384	0.15268124919282705	0.2810228691004909	0.2810228691004909
DAS_Check_Bin_12	1.708853	10727	0.25654946116720795	0.5553121415544994	0.5553121415544994
DAS_Check_Bin_13	1.819704	35152	0.8407035199915815	1.7088851804146612	1.7088851804146612
DAS_Check_Bin_14	2.070462	15894	0.38012465142086355	0.6790934447387746	0.6790934447387746
DAS_Check_Bin_15	2.11443	39398	0.942251857095708	1.648331118049744	1.648331118049744
DAS_Check_Bin_16	3.234694	67937	1.6247973099018	1.8579616943486623	1.8579616943486623
DAS_Check_Bin_17	2.28673	28858	0.6901747320185782	1.1163874184698446	1.1163874184698446
DAS_Check_Bin_18	1.458125	9827	0.23502484896897108	0.5961970099525845	0.5961970099525845
DAS_Check_Bin_19	2.373878	1406	0.033626227500801194	0.05239508132355324	0.05239508132355324
DAS_Check_Bin_20	2.613867	23637	0.5653080650330283	0.7999677204138401	0.7999677204138401
DAS_Check_Bin_21	4.585951	1275367	30.50197787269866	24.60194023358774	24.60194023358774
DAS_Check_Bin_22	1.928793	53087	1.2696412086308912	2.4348160511141383	2.4348160511141383
DAS_Check_Bin_23	2.774628	96258	2.3021290233087632	3.0689913401795903	3.0689913401795903
DAS_Check_Bin_24	1.470956	25947	0.6205545696751696	1.5604543329540386	1.5604543329540386
DAS_Check_Bin_25	2.318974	46414	1.1100481672988525	1.7705847209774066	1.7705847209774066
