#rname	startpos	endpos	numreads	covbases	coverage	meandepth	meanbaseq	meanmapq
DAS_Check_Bin_09_k119_41989:3-49450	1	45022	1187	37772	83.8968	2.29315	36.2	41.7
NODE_39_length_37768_cov_25.508657	1	35529	69	5475	15.4099	0.167159	36.2	0.971
NODE_21_length_46020_cov_7.992255	1	44173	6876	44162	99.9751	13.7557	36.9	1.05
NODE_68_length_36781_cov_8.797283	1	22515	1	91	0.404175	0.00404175	37.2	1
NODE_18_length_65286_cov_9.613313	1	61998	91	7289	11.7568	0.128891	36.3	0.945
DAS_Check_Bin_01_k119_158026:3-190576	1	190574	74	6326	3.31945	0.0342649	36.3	42
DAS_Check_Bin_01_k119_45347:194-20015	1	19822	2	167	0.842498	0.00918172	37.1	11.5
NODE_10_length_44613_cov_10.908120	1	44613	2289	43061	96.5212	4.43292	36.1	0.992
NODE_13_length_36623_cov_12.491687	1	36623	1703	35418	96.7097	4.06662	36.6	0.991
NODE_14_length_36060_cov_13.057825	1	36060	1806	33388	92.5901	4.36351	36.2	1.61
NODE_15_length_35381_cov_29.469003	1	35381	11618	35377	99.9887	28.5728	36.3	1.77
NODE_16_length_35370_cov_4.255189	1	35370	468	23668	66.9155	1.17272	37	0.996
NODE_18_length_31157_cov_3.163269	1	31157	686	25661	82.3603	1.93318	36.8	0.984
NODE_22_length_23860_cov_5.129553	1	23860	1522	23569	98.7804	5.57863	36.3	4.84
NODE_25_length_23308_cov_5.171419	1	23308	891	21412	91.8655	3.29119	36	1.75
NODE_28_length_21720_cov_3.485299	1	21720	220	12216	56.2431	0.851013	35.5	1
NODE_38_length_13971_cov_7.375898	1	13971	503	12763	91.3535	3.18775	37.1	0.992
NODE_39_length_13673_cov_7.531429	1	13673	1089	13429	98.2155	7.07453	37.5	2.52
NODE_86_length_6245_cov_8.653635	1	6245	473	6234	99.8239	6.52986	36.1	0.994
NODE_88_length_6209_cov_8.324829	1	6209	260	5775	93.0101	3.6154	35.4	0.996
NODE_96_length_5842_cov_1098.051840	1	5842	94405	5842	100	1416.52	36.3	1.82
NODE_99_length_5721_cov_1061.804977	1	5721	222810	5721	100	3380.15	36.1	41.7
NODE_102_length_5581_cov_15638.208288	1	5581	1275922	5581	100	19999	36.5	1.88
NODE_104_length_5514_cov_1878.878732	1	5514	111968	5514	100	1763.54	36	4.31
NODE_105_length_5492_cov_29.344308	1	5492	2920	5457	99.3627	46.3693	36.2	4.17
NODE_109_length_5407_cov_11252.763079	1	5407	669083	5407	100	10874.5	36.5	3.37
NODE_120_length_5084_cov_34199.553390	1	5084	857003	5084	100	14794.9	36.7	2.01
NODE_2_length_172485_cov_32.775068	1	172485	1575	82634	47.9079	0.811897	37.4	1.49
NODE_6_length_61068_cov_9.739465	1	61068	1618	53191	87.1013	2.32572	36.9	1.13
NODE_7_length_58087_cov_6.947994	1	58087	78	6176	10.6323	0.118099	37.1	0.987
NODE_11_length_41469_cov_25.463877	1	41469	91	6999	16.8777	0.19265	36.8	1.09
NODE_12_length_40031_cov_3.840454	1	40031	499	24762	61.8571	1.10979	37.2	41.7
NODE_17_length_37325_cov_319.259539	1	37325	39	3055	8.18486	0.0949766	37.5	1
NODE_19_length_36060_cov_32.684877	1	36060	1461	34002	94.2928	3.50519	36	0.995
NODE_23_length_32292_cov_5.397959	1	32292	709	26815	83.0391	1.91119	36.2	0.996
NODE_24_length_31545_cov_5.801683	1	31545	52	3560	11.2855	0.135299	34.9	18.5
NODE_28_length_27475_cov_4.040518	1	27475	406	17831	64.899	1.25092	35.8	2
NODE_30_length_25734_cov_5.275400	1	25734	274	14531	56.4662	0.94109	36.9	0.996
NODE_31_length_25359_cov_5.009406	1	25359	534	20224	79.7508	1.85622	37	0.998
NODE_41_length_22305_cov_25.908899	1	22305	1222	21083	94.5214	4.74217	35.9	3.28
NODE_42_length_22193_cov_5.490695	1	22193	569	18816	84.7835	2.21845	35.9	40.6
NODE_48_length_18890_cov_3.341333	1	18890	151	9228	48.8512	0.705135	36.7	1
NODE_52_length_17580_cov_3.189843	1	17580	133	8483	48.2537	0.651706	35.5	0.992
NODE_214_length_6245_cov_8.318255	1	6245	414	6187	99.0713	5.69063	36.1	0.995
NODE_217_length_6209_cov_8.798343	1	6209	289	5920	95.3455	3.98921	35.8	0.99
NODE_258_length_5581_cov_2813.330800	1	5581	967435	5581	100	15152.7	36.4	1.03
NODE_262_length_5514_cov_38.326067	1	5514	63771	5496	99.6736	1008.27	36.2	0.996
NODE_268_length_5407_cov_226.692078	1	5407	443131	5407	100	7213.57	36.5	0.996
NODE_292_length_5084_cov_88208.156095	1	5084	816483	5084	100	14149.6	36.8	2.31
NODE_7_length_46020_cov_16.937757	1	46020	8276	46006	99.9696	15.8316	36.8	0.993
NODE_9_length_43915_cov_6.954241	1	43915	2283	42263	96.2382	4.49942	36.1	0.993
NODE_10_length_38461_cov_14.877649	1	38461	5715	38415	99.8804	13.106	36.8	18.7
NODE_11_length_37351_cov_3.546841	1	37351	3434	37207	99.6145	8.25346	37.9	29.4
NODE_12_length_36623_cov_10.841993	1	36623	1705	35529	97.0128	4.10922	36.8	0.991
NODE_14_length_35381_cov_20.886033	1	35381	11363	35381	100	27.9999	36.3	1.62
NODE_16_length_25443_cov_3.831850	1	25443	297	15668	61.5808	1.02728	36.6	1.18
NODE_25_length_21201_cov_4.167171	1	21201	1342	20873	98.4529	5.53757	36.3	1.03
NODE_34_length_13780_cov_2.793515	1	13780	401	12225	88.7155	2.50885	35.8	0.998
NODE_39_length_12439_cov_7.203731	1	12439	460	11653	93.6812	3.27406	37.2	3.53
NODE_57_length_7439_cov_2.481446	1	7439	559	7439	100	6.60734	36.7	41
NODE_72_length_6209_cov_12.989275	1	6209	265	5812	93.6061	3.64181	35.8	0.981
NODE_76_length_5842_cov_1509.613790	1	5842	92702	5842	100	1390.57	36.4	1.43
NODE_87_length_5402_cov_34.239200	1	5402	2809	5394	99.8519	45.3112	36.2	3.43
NODE_89_length_5277_cov_5.447721	1	5277	86	3747	71.0063	1.43282	36.4	1
NODE_4_length_238892_cov_6.753413	1	238892	866	59405	24.8669	0.316536	36.4	17.1
NODE_5_length_189738_cov_6.430987	1	189738	980	63571	33.5046	0.455244	36.8	31.6
NODE_10_length_119230_cov_6.136941	1	119230	425	30253	25.3736	0.311239	36.5	1.62
NODE_12_length_90299_cov_8.811644	1	90299	8655	89719	99.3577	8.54828	37.6	41.7
NODE_13_length_76125_cov_44.994597	1	76125	379	22929	30.1202	0.444532	37.2	0.984
NODE_18_length_62590_cov_137.633981	1	62590	4734	60869	97.2504	6.51117	35.8	41.2
NODE_20_length_55983_cov_7.738449	1	55983	374	21432	38.2831	0.582355	36.3	27.6
NODE_24_length_47733_cov_200.310583	1	47733	955	38818	81.3232	1.77351	37.2	1.53
NODE_27_length_46064_cov_34.699428	1	46064	8385	46056	99.9826	15.999	36.8	1
NODE_32_length_43849_cov_21.327442	1	43849	504	27617	62.9821	1.01129	36.8	0.996
NODE_34_length_42243_cov_6.125960	1	42243	349	20683	48.962	0.731601	36.8	0.991
NODE_40_length_37489_cov_12.035128	1	37489	455	24125	64.3522	1.01376	35.2	0.991
NODE_41_length_37113_cov_5.778240	1	37113	835	29861	80.4597	1.95697	35.9	0.989
NODE_44_length_36060_cov_186.741564	1	36060	1518	33039	91.6223	3.65164	36.2	0.994
NODE_57_length_28964_cov_3.647964	1	28964	168	10356	35.7547	0.505662	36.3	41.5
NODE_58_length_28915_cov_2.851594	1	28915	57	4409	15.2481	0.174408	36.5	1
NODE_61_length_27709_cov_4.008787	1	27709	55	4089	14.7569	0.170089	35.8	1
NODE_63_length_26925_cov_11.515333	1	26925	291	14962	55.5692	0.915395	35.5	1.3
NODE_64_length_26668_cov_4.755420	1	26668	92	6754	25.3262	0.29601	35.6	1.43
NODE_66_length_25532_cov_5.218589	1	25532	63	4551	17.8247	0.210207	36.6	4.52
NODE_69_length_23559_cov_18.031867	1	23559	40	3188	13.532	0.147375	36.5	4.5
NODE_71_length_22160_cov_3.786655	1	22160	2596	21973	99.1561	10.3341	36.8	1.05
NODE_94_length_15427_cov_6.269321	1	15427	860	14756	95.6505	4.66675	34.9	41.9
NODE_95_length_15356_cov_3.584733	1	15356	19	1363	8.87601	0.0988539	35.2	10.8
NODE_113_length_12763_cov_3.351196	1	12763	2	180	1.41033	0.0141033	35.8	23.5
NODE_165_length_6963_cov_2699.768674	1	6963	212	6180	88.7548	2.68548	37	1.04
NODE_180_length_6209_cov_8.318817	1	6209	286	6079	97.9063	3.99179	35.5	0.997
NODE_194_length_5842_cov_59.714187	1	5842	51434	5841	99.9829	769.579	36.4	2.02
NODE_203_length_5535_cov_3.585219	1	5535	49	914	16.5131	0.786269	36.6	40.2
NODE_205_length_5514_cov_740.579227	1	5514	67248	5502	99.7824	1063.41	36.2	1.53
NODE_209_length_5407_cov_424.684417	1	5407	410983	5407	100	6685.62	36.5	0.996
NODE_212_length_5277_cov_13.385101	1	5277	87	4158	78.7948	1.44476	36	1
NODE_213_length_5084_cov_56753.835156	1	5084	790590	5084	100	13692.6	36.8	0.997
NODE_3_length_160031_cov_246.186322	1	160031	1198	74960	46.8409	0.665184	37.3	0.99
NODE_4_length_135187_cov_5.588891	1	135187	308	23756	17.5727	0.19885	36.9	1.19
NODE_11_length_82624_cov_5.458404	1	82624	258	19417	23.5004	0.275634	36.7	0.996
NODE_20_length_47234_cov_31.155747	1	47234	2559	41179	87.1808	4.69634	36.1	1.9
NODE_22_length_45867_cov_5.463743	1	45867	1923	41741	91.0044	3.62758	36.1	1.01
NODE_24_length_43860_cov_6.177765	1	43860	3608	43599	99.4049	7.16117	36.2	41.7
NODE_25_length_43849_cov_10.709458	1	43849	556	28765	65.6001	1.11549	36.7	0.995
NODE_27_length_42291_cov_8.031513	1	42291	312	19427	45.9365	0.655553	37	0.997
NODE_30_length_41337_cov_7.787607	1	41337	939	33809	81.7887	1.97349	36.1	0.991
NODE_33_length_39957_cov_24.373239	1	39957	52	4398	11.0068	0.112746	35.4	1.94
NODE_34_length_38904_cov_21.835774	1	38904	61	4941	12.7005	0.139446	36.9	0.984
NODE_37_length_37729_cov_6.620083	1	37729	91	7148	18.9456	0.212277	36.3	1
NODE_38_length_37629_cov_17.014451	1	37629	444	23199	61.6519	0.987643	35.1	0.993
NODE_42_length_35867_cov_6.690467	1	35867	73	5383	15.0082	0.175231	35.6	40.4
NODE_43_length_35817_cov_5.543007	1	35817	285	17186	47.9828	0.694921	36.6	5.29
NODE_46_length_35128_cov_9.695264	1	35128	475	23696	67.4562	1.19255	36.9	25.4
NODE_47_length_34443_cov_6.100820	1	34443	111	8187	23.7697	0.285864	38.2	40.6
NODE_49_length_32550_cov_5.505924	1	32550	403	18539	56.9555	1.04676	35.3	18.4
NODE_72_length_21497_cov_3.547617	1	21497	394	16135	75.057	1.6105	36.6	41.4
NODE_77_length_19576_cov_17.607807	1	19576	25	2164	11.0544	0.113711	36.3	8.96
NODE_103_length_15861_cov_5.174997	1	15861	30	2498	15.7493	0.169914	37.3	40.7
NODE_210_length_6209_cov_9.798343	1	6209	313	6032	97.1493	4.3176	35.5	0.994
NODE_235_length_5514_cov_1351.351346	1	5514	57316	5513	99.9819	905.886	36.2	0.995
NODE_243_length_5277_cov_12.775565	1	5277	98	4279	81.0877	1.65189	36.6	1
NODE_249_length_5084_cov_78920.386956	1	5084	792698	5084	100	13735	36.7	0.997
NODE_1_length_164730_cov_5.305092	1	164730	826	52603	31.9329	0.437989	36.6	20.9
NODE_2_length_124404_cov_11.033221	1	124404	9820	119904	96.3828	7.06288	37.7	1.87
NODE_4_length_117427_cov_5.768318	1	117427	223	17001	14.4779	0.168513	36.5	0.991
NODE_8_length_96678_cov_134.288192	1	96678	473	31362	32.4396	0.434587	37.1	0.977
NODE_28_length_43893_cov_22.428281	1	43893	532	28562	65.0719	1.06971	36.9	0.992
NODE_29_length_42291_cov_14.926058	1	42291	343	20750	49.0648	0.726963	37.3	0.997
NODE_33_length_37337_cov_16.555415	1	37337	2257	35010	93.7676	5.23036	36.1	2.46
NODE_34_length_37325_cov_110.555514	1	37325	55	4672	12.5171	0.132244	37.3	0.964
NODE_36_length_36495_cov_5.297722	1	36495	90	6866	18.8135	0.218441	36.8	0.989
NODE_38_length_36114_cov_4.509720	1	36114	309	18981	52.5586	0.765326	37.2	0.994
NODE_39_length_36060_cov_13.462408	1	36060	1613	33800	93.7327	3.8838	36.2	1.03
NODE_48_length_30963_cov_4.644332	1	30963	498	7097	22.9209	1.43181	38.1	1.31
NODE_54_length_29179_cov_6.736266	1	29179	1268	27646	94.7462	3.81939	36.8	0.983
NODE_66_length_21974_cov_4.464985	1	21974	250	13516	61.5091	0.950988	35	0.992
NODE_181_length_6454_cov_8661.914049	1	6454	5768392	6454	100	79142.4	36.9	12.7
NODE_228_length_5277_cov_15.499043	1	5277	93	3988	75.5732	1.53174	36.2	1
NODE_232_length_5084_cov_53965.325313	1	5084	783219	5084	100	13562.3	36.7	0.997
NODE_2_length_164227_cov_5.664328	1	164227	352	28508	17.3589	0.189683	36.7	0.972
NODE_17_length_61395_cov_5.757956	1	61395	172	12897	21.0066	0.244043	36.4	0.971
NODE_26_length_47746_cov_5.112222	1	47746	3392	22199	46.4939	6.35854	37.9	31.9
NODE_31_length_42291_cov_15.102069	1	42291	339	21752	51.4341	0.709773	37	0.997
NODE_48_length_29632_cov_4.402171	1	29632	325	17132	57.8159	0.917623	35.4	0.985
NODE_50_length_28964_cov_4.022381	1	28964	50	3867	13.3511	0.14922	36.2	0.98
NODE_51_length_27921_cov_3.034092	1	27921	1151	26176	93.7502	3.57433	36.1	0.994
NODE_55_length_25017_cov_5.657880	1	25017	17	1336	5.34037	0.0559619	35.6	1
NODE_56_length_24833_cov_5.809872	1	24833	1200	23682	95.365	4.25442	36.8	1.06
NODE_97_length_12527_cov_5.050513	1	12527	777	12081	96.4397	5.53604	37.6	3.26
NODE_176_length_5514_cov_454.349698	1	5514	59898	5513	99.9819	944.914	36.2	0.996
NODE_184_length_5277_cov_11.715818	1	5277	89	3941	74.6826	1.47432	36.1	1
NODE_193_length_5034_cov_15.769632	1	5034	24254	4810	95.5503	416.962	36	24
NODE_1_length_114607_cov_10.147007	1	114607	1354	63289	55.2226	1.04438	37.3	0.996
NODE_4_length_36816_cov_7.960991	1	36816	822	29942	81.3288	1.93614	36.1	0.989
NODE_5_length_36230_cov_4.885114	1	36230	169	12344	34.0712	0.403561	36.5	42
NODE_10_length_27385_cov_7.189535	1	27385	46	3939	14.3838	0.151214	37.1	1
NODE_11_length_26673_cov_11.045683	1	26673	810	23733	88.9776	2.63184	36	0.975
NODE_20_length_17239_cov_6.178596	1	17239	49	3579	20.7611	0.247404	36	0.98
NODE_86_length_6209_cov_9.690445	1	6209	302	6008	96.7628	4.13239	35.3	1
NODE_113_length_5514_cov_54.894486	1	5514	61854	5514	100	976.989	36.2	1
NODE_124_length_5277_cov_25.805247	1	5277	97	4394	83.267	1.5848	35.8	1
NODE_1_length_167064_cov_31.023334	1	167064	28	2285	1.36774	0.014282	35.7	1
NODE_7_length_61042_cov_7.357896	1	61042	1587	54180	88.7586	2.30667	37	1.12
NODE_11_length_50106_cov_8.639548	1	50106	1168	40045	79.9206	2.01128	36	1.74
NODE_13_length_47685_cov_12.449024	1	47685	1041	39540	82.9192	1.93986	37.1	1.02
NODE_14_length_46328_cov_8.666393	1	46328	19	1617	3.49033	0.0349033	36.3	1
NODE_26_length_33164_cov_59.471171	1	33164	279	5146	15.5168	0.759227	38.1	0.606
NODE_27_length_32852_cov_6.310150	1	32852	42	3485	10.6082	0.111591	36.2	1
NODE_29_length_31681_cov_4.792196	1	31681	25	2120	6.69171	0.0669171	36.2	1
NODE_32_length_29822_cov_3.040481	1	29822	1	72	0.241432	0.00241432	33.2	1
NODE_37_length_23975_cov_6.355811	1	23975	4	341	1.42231	0.0142231	36.7	1
NODE_109_length_6469_cov_258.754599	1	6469	303019	6469	100	4129.53	36.9	0.979
NODE_117_length_6209_cov_39356.593760	1	6209	321	6123	98.6149	4.38654	35.6	1
NODE_131_length_5556_cov_340.263043	1	5556	8513	5556	100	132.448	36	0.985
NODE_139_length_5354_cov_334.782412	1	5354	3033	3849	71.8902	49.1821	36	0.937
NODE_147_length_5084_cov_13961.725393	1	5084	630485	5084	100	10900.3	36.7	0.996
NODE_3_length_123329_cov_12.346099	1	123329	9322	118377	95.9847	6.75918	37.7	0.99
NODE_6_length_84822_cov_16.799037	1	84822	4	300	0.353682	0.00353682	34.7	21.5
NODE_7_length_82293_cov_17.234271	1	82293	14	973	1.18236	0.0118236	32.7	1
NODE_13_length_50138_cov_17.827646	1	50138	1161	40712	81.1999	2.01243	36.1	1.35
NODE_17_length_47511_cov_6.251033	1	47511	16	1338	2.81619	0.0294037	36.2	0.938
NODE_22_length_41227_cov_3.669387	1	41227	75	6071	14.7258	0.161375	37.1	0.973
NODE_24_length_39433_cov_10.753847	1	39433	4	257	0.651738	0.00831791	36.1	1
NODE_34_length_29970_cov_6.653919	1	29970	26	2047	6.83016	0.0772105	35.8	0.615
NODE_35_length_29279_cov_5.928107	1	29279	1	91	0.310803	0.00310803	35.2	0
NODE_36_length_28663_cov_6.412088	1	28663	53	4220	14.7228	0.163765	36.3	0.981
NODE_41_length_24643_cov_3.795713	1	24643	141	9060	36.765	0.490444	35.3	0.986
NODE_42_length_24457_cov_5.553315	1	24457	839	21504	87.9257	2.98258	36.3	0.981
NODE_46_length_21332_cov_3.397377	1	21332	40	2985	13.9931	0.16501	35.8	0.95
NODE_52_length_17163_cov_9.937398	1	17163	489	15477	90.1765	2.46897	36.1	0.998
NODE_119_length_6469_cov_423.735111	1	6469	299452	6469	100	4081.18	36.9	0.98
NODE_133_length_5840_cov_3038.520311	1	5840	10553	5617	96.1815	155.632	36	0.999
NODE_140_length_5469_cov_7.356114	1	5469	9671	5469	100	145.658	34.5	41.9
NODE_1_length_157272_cov_245.867635	1	157272	1042	65361	41.5592	0.588096	37.4	0.998
NODE_3_length_116508_cov_7.831949	1	116508	11	942	0.808528	0.00808528	35.2	1
NODE_5_length_78818_cov_6.835964	1	78818	1301	44823	56.869	1.44543	36.6	28.4
NODE_8_length_61519_cov_6.420002	1	61519	119	9846	16.0048	0.167997	36.1	0.983
NODE_11_length_55539_cov_10.359851	1	55539	2	181	0.325897	0.00325897	35.9	1
NODE_12_length_54742_cov_5.935359	1	54742	661	30919	56.4813	1.06147	36.5	7.34
NODE_15_length_49707_cov_409.118646	1	49707	35	2441	4.91078	0.0557467	34.4	6.86
NODE_19_length_46049_cov_20.145976	1	46049	71	5612	12.187	0.134422	36.6	1
NODE_31_length_37539_cov_17.903879	1	37539	39	3058	8.14619	0.0900663	36.6	1.26
NODE_32_length_37308_cov_5.588865	1	37308	185	13580	36.3997	0.437788	36.5	1.89
NODE_38_length_34710_cov_5.008022	1	34710	65	5256	15.1426	0.160472	36	1
NODE_39_length_34383_cov_15.503059	1	34383	542	23941	69.6303	1.37652	36.4	9.11
NODE_40_length_33198_cov_25.854600	1	33198	78	4623	13.9255	0.207693	36.7	0.91
NODE_41_length_33019_cov_71.818742	1	33019	8	641	1.94131	0.0220176	36.3	1
NODE_42_length_30783_cov_6.353228	1	30783	3408	30692	99.7044	9.76396	36.8	0.991
NODE_43_length_30206_cov_3.324367	1	30206	31	2596	8.59432	0.0897173	36.4	40.9
NODE_51_length_25704_cov_4.962455	1	25704	25	1955	7.60582	0.0869904	36.4	1
NODE_68_length_16862_cov_6.336764	1	16862	3	257	1.52414	0.0152414	36.2	20.3
NODE_137_length_7399_cov_2.692266	1	7399	1	55	0.743344	0.00743344	30.6	0
NODE_157_length_6469_cov_65.568288	1	6469	301496	6469	100	4109.92	36.9	0.98
NODE_186_length_5556_cov_469.135975	1	5556	8307	5556	100	129.294	35.9	0.992
NODE_193_length_5407_cov_407.749626	1	5407	237355	5407	100	3848.14	36.5	0.998
NODE_194_length_5354_cov_104.200415	1	5354	2956	4191	78.2779	47.9686	36	0.836
NODE_196_length_5277_cov_172.009958	1	5277	98	4065	77.0324	1.64355	36.3	1
NODE_4_length_95966_cov_30.590652	1	95966	14597	95182	99.183	13.3791	36.7	3.61
NODE_6_length_82210_cov_5.532554	1	82210	14	1072	1.30398	0.0130398	33.3	1
NODE_11_length_50594_cov_377.385821	1	50594	69	5422	10.7167	0.11701	34.9	1
NODE_15_length_36350_cov_5.563659	1	36350	815	30042	82.6465	1.99433	37.1	1.02
NODE_16_length_36268_cov_5.202911	1	36268	1630	34537	95.2272	3.94588	36.7	0.994
NODE_17_length_36060_cov_30.766366	1	36060	1493	32584	90.3605	3.58059	36.2	0.993
NODE_22_length_25354_cov_3.861378	1	25354	273	15060	59.3989	0.945689	36.6	0.996
NODE_25_length_22867_cov_5.385543	1	22867	410	15889	69.4844	1.56903	36.6	0.976
NODE_4_length_50595_cov_67.659972	1	50595	69	4874	9.63336	0.112738	35.1	0.942
NODE_9_length_29359_cov_4.137114	1	29359	13	976	3.32436	0.0350829	34.6	1
NODE_3_length_50595_cov_82.409794	1	50595	53	3944	7.79524	0.0880917	34.9	1
NODE_5_length_44363_cov_4.177530	1	44363	47	3512	7.91651	0.0894439	34.9	0.957
NODE_7_length_36147_cov_14.136346	1	36147	1402	32218	89.1305	3.34346	36	0.996
NODE_18_length_15213_cov_9.438580	1	15213	22	1652	10.8591	0.117597	35.7	40.1
NODE_47_length_5840_cov_40.463440	1	5840	11101	5451	93.339	162.96	36	0.995
NODE_51_length_5556_cov_13.876568	1	5556	8488	5551	99.91	131.844	36	0.98
NODE_57_length_5407_cov_151.267377	1	5407	252458	5407	100	4094.62	36.5	0.998
NODE_62_length_5084_cov_1208.538278	1	5084	623601	5084	100	10787.4	36.7	0.996
NODE_2_length_148288_cov_23.186888	1	148288	70	1170	0.789005	0.042114	37.6	1
NODE_6_length_84805_cov_14.802077	1	84805	12	883	1.04121	0.010931	34.2	1
NODE_24_length_41128_cov_5.105933	1	41128	40	3137	7.62741	0.083617	35.7	0.975
NODE_25_length_41104_cov_10.069039	1	41104	137	7764	18.8887	0.290288	36.3	0.883
NODE_35_length_36642_cov_6.903080	1	36642	1624	35043	95.6362	3.89198	36.7	0.992
NODE_42_length_32103_cov_4.370444	1	32103	33	2037	6.3452	0.0920163	36.4	40.7
NODE_45_length_29051_cov_4.288419	1	29051	224	12982	44.6869	0.69137	37.1	1
NODE_54_length_22851_cov_9.800140	1	22851	23	1924	8.41976	0.08853	35.6	1
NODE_102_length_12697_cov_5.155751	1	12697	400	11825	93.1322	2.81444	37.3	1.84
NODE_209_length_6209_cov_65496.679721	1	6209	281	5874	94.6046	3.89451	35.9	0.996
NODE_235_length_5556_cov_134.878749	1	5556	8578	5556	100	133.282	36	0.991
NODE_249_length_5277_cov_379.647453	1	5277	80	3790	71.8211	1.30112	36.5	0.975
NODE_4_length_133646_cov_16.294571	1	133646	55	4451	3.33044	0.0357212	36.8	1.18
NODE_7_length_115553_cov_35.746429	1	115553	139	2182	1.88831	0.107241	37.7	0.95
NODE_18_length_57319_cov_76.520624	1	57319	57	4424	7.71821	0.0857133	36.3	0.614
NODE_24_length_50596_cov_1234.024079	1	50596	87	6633	13.1097	0.147561	35.4	0.966
NODE_35_length_43849_cov_26.763073	1	43849	545	28234	64.3892	1.09761	36.9	0.98
NODE_38_length_43069_cov_9.555959	1	43069	239	15982	37.1079	0.487775	36.5	1.61
NODE_49_length_38057_cov_4.796748	1	38057	139	9231	24.2557	0.325538	37.1	11.6
NODE_51_length_37849_cov_4.749140	1	37849	315	18715	49.4465	0.737774	37.3	1
NODE_53_length_36807_cov_5.676671	1	36807	1870	34962	94.9874	4.30084	35.6	21.1
NODE_61_length_31489_cov_8.070020	1	31489	744	26707	84.8137	2.09117	37.1	1.05
NODE_64_length_27677_cov_8.435522	1	27677	3	238	0.85992	0.0085992	34.7	1
NODE_69_length_26777_cov_5.823441	1	26777	361	17071	63.7525	1.13661	35.2	1.2
NODE_76_length_25339_cov_4.381387	1	25339	2738	25143	99.2265	9.52993	36.8	0.993
NODE_77_length_25099_cov_4.340960	1	25099	25	2033	8.09992	0.0862186	35.9	5.92
NODE_78_length_24488_cov_6.858102	1	24488	45	3602	14.7092	0.163182	36	42
NODE_80_length_24274_cov_3.099385	1	24274	338	14984	61.7286	1.19441	35.7	38.1
NODE_86_length_22502_cov_3.552991	1	22502	5	421	1.87094	0.0187094	35.4	0
NODE_101_length_17827_cov_4.586484	1	17827	822	17004	95.3834	3.90509	35.3	1.85
NODE_110_length_17112_cov_3.368119	1	17112	544	15726	91.9004	2.7538	36	0.993
NODE_229_length_6678_cov_5.842066	1	6678	190	6132	91.8239	2.50285	36.9	1.35
NODE_261_length_5874_cov_27.383915	1	5874	3399	4925	83.8441	50.1156	36	0.87
NODE_4_length_127150_cov_117.090247	1	127150	9813	122771	96.556	6.90846	37.7	0.99
NODE_7_length_88941_cov_46.993812	1	88941	153	2830	3.18188	0.15381	38.1	1.57
NODE_11_length_72839_cov_23.773563	1	72839	1438	51348	70.4952	1.6978	35.9	41.6
NODE_21_length_59130_cov_12.292323	1	59130	85	6782	11.4696	0.128209	37	1
NODE_23_length_57177_cov_114.389377	1	57177	45	3697	6.46589	0.0668276	35.9	0.644
NODE_28_length_50596_cov_1491.292179	1	50596	60	4699	9.2873	0.0989406	35.3	0.983
NODE_30_length_49587_cov_4.531979	1	49587	2	182	0.367032	0.00367032	37.4	1
NODE_35_length_46803_cov_6.051467	1	46803	11	945	2.0191	0.020191	36.1	1
NODE_36_length_46752_cov_29.126753	1	46752	30	2458	5.25753	0.0556982	36.6	3.2
NODE_39_length_43620_cov_4.962217	1	43620	210	14938	34.2458	0.422444	36.7	0.986
NODE_40_length_43084_cov_6.633898	1	43084	8	678	1.57367	0.0160849	34.9	1
NODE_45_length_40665_cov_4.748239	1	40665	259	17246	42.4099	0.562695	37	0.954
NODE_50_length_39226_cov_10.101606	1	39226	48	3944	10.0546	0.109851	37.7	42
NODE_56_length_37457_cov_9.262072	1	37457	53	4221	11.2689	0.122167	35.8	1.75
NODE_58_length_37241_cov_46.337493	1	37241	123	7406	19.8867	0.286969	36.4	1.89
NODE_60_length_36992_cov_10.212497	1	36992	1359	33957	91.7955	3.26379	37.1	20.7
NODE_64_length_33972_cov_8.070260	1	33972	49	3817	11.2357	0.125633	36.8	31.4
NODE_68_length_32950_cov_15.789907	1	32950	27	2082	6.31866	0.068953	35.7	0.926
NODE_76_length_29309_cov_5.208553	1	29309	43	2986	10.188	0.125661	36.4	4.79
NODE_77_length_28348_cov_7.729650	1	28348	105	6465	22.8058	0.325667	36.9	0.886
NODE_80_length_27821_cov_14.253908	1	27821	31	2342	8.4181	0.0966177	36.6	1.55
NODE_90_length_25254_cov_6.697329	1	25254	1032	23039	91.2291	3.50238	36	1.02
NODE_92_length_24473_cov_5.235728	1	24473	2705	24353	99.5097	9.73702	36.9	0.993
NODE_98_length_23476_cov_4.904359	1	23476	6	530	2.25762	0.0225762	36.6	0.667
NODE_107_length_20703_cov_32.120399	1	20703	441	16668	80.5101	1.84785	36.2	0.964
NODE_119_length_18951_cov_5.567686	1	18951	2	182	0.960371	0.00960371	35.2	1
NODE_127_length_17877_cov_5.437717	1	17877	102	6554	36.6616	0.505957	36.5	41.6
NODE_337_length_5407_cov_169.755419	1	5407	273914	5400	99.8705	4446.22	36.5	0.996
NODE_345_length_5277_cov_154.251628	1	5277	74	3810	72.2001	1.22513	36.2	1
NODE_17_length_37229_cov_5.527304	1	37229	53	4158	11.1687	0.123989	37.3	1
NODE_35_length_16708_cov_7.810064	1	16708	5	434	2.59756	0.0259756	36.2	0.6
NODE_79_length_6268_cov_7.561404	1	6268	501	6159	98.261	6.91544	36.1	1
NODE_1_length_167064_cov_29.887916	1	167064	21	1834	1.09778	0.0111454	36.2	0.905
NODE_2_length_128004_cov_9.723710	1	128004	912	57104	44.6111	0.633074	37.4	0.988
NODE_9_length_50597_cov_221.425567	1	50597	67	5077	10.0342	0.111548	34.9	0.955
NODE_15_length_44579_cov_4.400862	1	44579	25	2098	4.70625	0.0496198	36.3	1
NODE_25_length_26906_cov_5.574876	1	26906	11	895	3.3264	0.0344533	36.1	1.91
NODE_81_length_6245_cov_24.756704	1	6245	484	6197	99.2314	6.72666	36	1
NODE_98_length_5354_cov_128.256463	1	5354	3433	4216	78.7449	55.7488	36	0.869
NODE_14_length_82374_cov_240.205894	1	82374	18	1531	1.8586	0.0187195	36	1
NODE_21_length_64073_cov_37.552313	1	64073	46	3839	5.9916	0.0623508	36.2	17.9
NODE_22_length_61496_cov_10.163685	1	61496	105	8202	13.3375	0.150254	36.8	1
NODE_27_length_56163_cov_10.570810	1	56163	392	23968	42.6758	0.612877	36.5	1.54
NODE_29_length_50686_cov_11.681381	1	50686	2	120	0.236752	0.00327507	33.9	1
NODE_34_length_49123_cov_12.946462	1	49123	144	10448	21.2691	0.249557	35.8	14.5
NODE_35_length_48678_cov_17.660634	1	48678	21	1731	3.55602	0.0381692	36.5	1
NODE_36_length_48286_cov_161.551720	1	48286	1176	10195	21.1138	2.18397	37.9	24.4
NODE_41_length_46049_cov_22.527873	1	46049	92	7420	16.1133	0.17514	37	1.89
NODE_42_length_46014_cov_7.064688	1	46014	370	21147	45.9578	0.713544	36.8	0.824
NODE_44_length_45313_cov_24.797539	1	45313	12	1025	2.26204	0.0226204	37	1
NODE_45_length_44530_cov_6.085261	1	44530	84	6215	13.9569	0.156119	34.8	5.43
NODE_54_length_41545_cov_23.951314	1	41545	312	19178	46.162	0.66357	37.1	2.5
NODE_56_length_41017_cov_5.694693	1	41017	67	5138	12.5265	0.139601	35	42
NODE_58_length_39387_cov_195.566714	1	39387	42	3280	8.32762	0.0947267	36.2	1
NODE_66_length_37340_cov_6.786992	1	37340	11	972	2.60311	0.0267274	36.4	1
NODE_74_length_32607_cov_43.428176	1	32607	6	515	1.57942	0.0162542	36.6	1
NODE_76_length_32402_cov_4.278047	1	32402	225	13925	42.9757	0.612956	36.8	1.49
NODE_85_length_29888_cov_3.843428	1	29888	128	9368	31.3437	0.379149	37.1	0.945
NODE_86_length_29401_cov_5.339501	1	29401	30	2476	8.42148	0.0843849	36	10.6
NODE_90_length_26510_cov_4.099074	1	26510	346	17136	64.6398	1.13452	36.4	1.09
NODE_91_length_25386_cov_3.813628	1	25386	336	16831	66.3003	1.12215	35.4	1
NODE_98_length_23399_cov_4.973441	1	23399	43	3514	15.0177	0.16146	37.4	0.977
NODE_99_length_23338_cov_3.337113	1	23338	565	18370	78.7128	2.13694	37	1.24
NODE_100_length_23190_cov_23.457402	1	23190	17	1285	5.54118	0.0651143	36.4	0.882
NODE_102_length_22820_cov_4.048935	1	22820	14	1197	5.2454	0.0553024	37.5	1
NODE_103_length_22548_cov_3.955764	1	22548	119	8383	37.1785	0.46758	37	1.83
NODE_122_length_18523_cov_15.849144	1	18523	14	1133	6.11672	0.061923	34.2	1
NODE_137_length_15986_cov_191.716590	1	15986	897	14544	90.9796	5.01551	37.4	3.62
NODE_142_length_15505_cov_266.883107	1	15505	6	432	2.7862	0.0325701	35.3	1
NODE_394_length_5277_cov_264.588280	1	5277	71	4119	78.0557	1.19443	36.4	1
NODE_2_length_111600_cov_9.640486	1	111600	8073	109302	97.9409	6.46928	37.7	0.99
NODE_9_length_45523_cov_3.740213	1	45523	5	373	0.819366	0.00959954	36	1
NODE_11_length_38676_cov_4.256959	1	38676	7	634	1.63926	0.0163926	38.2	1
NODE_14_length_36134_cov_22.605782	1	36134	1430	31815	88.0473	3.40845	36	0.998
NODE_16_length_32623_cov_3.888142	1	32623	716	26338	80.7345	1.9489	37.2	0.987
NODE_23_length_22286_cov_4.358508	1	22286	291	14617	65.5883	1.15377	36.8	0.99
NODE_25_length_20188_cov_3.698455	1	20188	27	2155	10.6747	0.118635	36.7	1.04
NODE_50_length_10983_cov_6.236914	1	10983	7	609	5.54493	0.0571793	35.2	1
NODE_97_length_5840_cov_82.570614	1	5840	11158	5600	95.8904	164.437	36	0.994
NODE_1_length_291783_cov_17.309309	1	291783	369	29951	10.2648	0.11293	37.6	0.924
NODE_2_length_224719_cov_12.772874	1	224719	138	11799	5.25056	0.0554693	38.2	0.949
NODE_5_length_146551_cov_138.816527	1	146551	20050	145015	98.9519	12.0263	36.7	1.07
NODE_9_length_107083_cov_7.960225	1	107083	8932	103132	96.3103	7.46002	37.7	0.99
NODE_18_length_51491_cov_4.309861	1	51491	340	22242	43.1959	0.58552	36.9	1.48
NODE_23_length_46505_cov_8.013886	1	46505	44	3431	7.3777	0.0831523	36.2	1
NODE_28_length_40659_cov_13.346394	1	40659	82	6559	16.1317	0.17787	36.2	0.976
NODE_34_length_37084_cov_5.937697	1	37084	343	18601	50.1591	0.816956	36.5	0.834
NODE_37_length_29802_cov_5.098867	1	29802	363	18395	61.724	1.07486	36.8	0.994
NODE_39_length_28630_cov_5.069326	1	28630	28	2252	7.86587	0.084387	36.1	0.714
NODE_42_length_27529_cov_6.863980	1	27529	33	2564	9.31381	0.106034	37	39.8
NODE_44_length_27445_cov_5.378131	1	27445	1177	25851	94.192	3.78849	36.8	0.992
NODE_46_length_25582_cov_5.547381	1	25582	20	1777	6.94629	0.0694629	35.8	0.9
NODE_48_length_24386_cov_133.440549	1	24386	6047	24022	98.5073	21.9812	36.9	41.7
NODE_60_length_14961_cov_14.778747	1	14961	2	182	1.2165	0.012165	36.3	1
NODE_63_length_14529_cov_5.416955	1	14529	2	168	1.15631	0.0115631	32.8	1
NODE_85_length_9810_cov_429.929062	1	9810	3387338	9810	100	30604.7	36.9	6.15
NODE_122_length_6209_cov_70622.697433	1	6209	293	5851	94.2342	4.01224	35.6	0.99
NODE_136_length_5744_cov_864.749341	1	5744	5442	4354	75.8008	82.1616	36.1	8.85
NODE_147_length_5556_cov_89.738411	1	5556	8685	5548	99.856	134.922	35.9	0.985
NODE_1_length_224519_cov_7.116856	1	224519	140	11998	5.34387	0.0554296	38.1	0.957
NODE_2_length_167110_cov_64.689713	1	167110	24	2019	1.20819	0.0123332	36.2	0.958
NODE_4_length_142877_cov_8.785747	1	142877	128	10643	7.44906	0.079481	37.4	0.984
NODE_5_length_139191_cov_8.620788	1	139191	166	13928	10.0064	0.107485	38	0.94
NODE_21_length_49714_cov_4.278741	1	49714	311	20088	40.4071	0.557388	37	0.981
NODE_26_length_46532_cov_8.982421	1	46532	469	25276	54.3196	0.88322	36.6	0.753
NODE_28_length_46427_cov_14.788256	1	46427	42	3369	7.25655	0.078058	36.3	0.952
NODE_29_length_46367_cov_11.001188	1	46367	38	3116	6.7203	0.0689068	35.4	0.947
NODE_31_length_43850_cov_11.756000	1	43850	486	26630	60.7298	0.977834	36.8	0.986
NODE_32_length_43436_cov_7.077891	1	43436	4	342	0.787365	0.00787365	35.2	1
NODE_35_length_40899_cov_23.333831	1	40899	79	5878	14.372	0.163769	35.9	0.987
NODE_38_length_39875_cov_5.639704	1	39875	2	123	0.308464	0.00416301	32.7	1
NODE_46_length_36623_cov_13.706793	1	36623	1735	35451	96.7998	4.16331	36.7	0.992
NODE_49_length_32431_cov_3.692241	1	32431	267	16241	50.0786	0.730659	37.1	0.985
NODE_53_length_30710_cov_4.642636	1	30710	410	11775	38.3426	1.19668	37.8	4.65
NODE_54_length_30192_cov_5.904702	1	30192	152	10085	33.4029	0.425576	35.2	1.07
NODE_55_length_29701_cov_27.068205	1	29701	434	15027	50.5943	1.29915	37.2	18.9
NODE_56_length_28912_cov_8.397962	1	28912	71	5013	17.3388	0.207768	35.5	10.8
NODE_58_length_27890_cov_4.360841	1	27890	32	2861	10.2582	0.103442	36.3	1
NODE_60_length_25063_cov_6.534149	1	25063	324	16346	65.2196	1.09077	35.3	1
NODE_87_length_14015_cov_251.795559	1	14015	563	12200	87.0496	3.58473	37.6	2.2
NODE_173_length_6469_cov_774.838478	1	6469	303373	6469	100	4133.67	36.9	0.985
NODE_218_length_5084_cov_12194.464307	1	5084	626519	5084	100	10827.9	36.7	0.999
NODE_4_length_149990_cov_22.694054	1	149990	11669	144921	96.6204	6.95973	37.7	7.96
NODE_11_length_90295_cov_118.359719	1	90295	9208	89653	99.289	8.93834	36.7	1.06
NODE_14_length_82304_cov_225.187151	1	82304	14	1110	1.34866	0.0137539	34.8	1
NODE_17_length_66579_cov_12.543699	1	66579	104	7768	11.6673	0.138347	36.9	1
NODE_33_length_48678_cov_22.032392	1	48678	22	1773	3.6423	0.0381487	36	0.909
NODE_34_length_48295_cov_29.851223	1	48295	51	3891	8.05673	0.0886013	35.7	5.71
NODE_39_length_46496_cov_26.700803	1	46496	32	2811	6.04568	0.0623279	36.4	1
NODE_40_length_46294_cov_8.238197	1	46294	35	2806	6.06126	0.0656241	36.2	7.63
NODE_44_length_45871_cov_5.078160	1	45871	2068	42532	92.7209	3.90447	36	0.993
NODE_49_length_42667_cov_9.849948	1	42667	87	7046	16.5139	0.18028	36.7	41.1
NODE_52_length_42307_cov_7.097250	1	42307	332	19942	47.1364	0.697166	37	1
NODE_54_length_41741_cov_10.161829	1	41741	212	14484	34.6997	0.449199	36.5	1.23
NODE_55_length_41584_cov_17.221676	1	41584	70	5890	14.1641	0.146932	36.5	1
NODE_65_length_38961_cov_7.399476	1	38961	16	1246	3.19807	0.0367547	36.9	1
NODE_66_length_38717_cov_7.546868	1	38717	68	4761	12.2969	0.142289	34.8	0.971
NODE_68_length_38440_cov_54.510460	1	38440	4	281	0.731009	0.00936524	32.9	1
NODE_69_length_37272_cov_3.102802	1	37272	621	27133	72.7973	1.43647	35.8	12.6
NODE_76_length_34918_cov_18.678370	1	34918	98	6620	18.9587	0.236927	35.5	2.66
NODE_78_length_34810_cov_11.848741	1	34810	2	182	0.522838	0.00522838	36.6	1
NODE_82_length_32967_cov_14.811011	1	32967	403	20153	61.1308	1.01538	35	1.11
NODE_84_length_32573_cov_4.820715	1	32573	281	15860	48.6906	0.732232	35.6	41.9
NODE_85_length_32529_cov_5.865646	1	32529	168	11237	34.5446	0.45916	37.1	1.37
NODE_86_length_32364_cov_4.582315	1	32364	61	4880	15.0785	0.164164	36.8	9.84
NODE_87_length_32215_cov_15.592506	1	32215	187	12079	37.495	0.485116	35.1	1.41
NODE_88_length_32149_cov_48.332741	1	32149	37	3154	9.81057	0.101372	36.5	1
NODE_89_length_31829_cov_62.477403	1	31829	1522	28846	90.628	4.05671	35.3	22.2
NODE_90_length_31247_cov_3.493845	1	31247	224	13798	44.1578	0.635517	37.1	18.8
NODE_92_length_30284_cov_3.410831	1	30284	140	10239	33.8099	0.408533	36.8	10.6
NODE_94_length_29316_cov_3.978435	1	29316	247	14186	48.39	0.754162	37	41.5
NODE_98_length_27642_cov_3.629318	1	27642	10	710	2.56856	0.028435	35.8	1
NODE_99_length_27136_cov_4.809424	1	27136	359	17647	65.0317	1.16237	36.5	3.42
NODE_103_length_25437_cov_4.427586	1	25437	14	1094	4.30082	0.0430082	34.3	1
NODE_110_length_22758_cov_8.333524	1	22758	2	180	0.790931	0.00790931	36.9	1
NODE_119_length_21232_cov_24.778675	1	21232	105	6611	31.137	0.438395	36.8	0.771
NODE_120_length_20547_cov_20.156207	1	20547	39	3055	14.8684	0.16562	35.3	42
NODE_181_length_12451_cov_62.323975	1	12451	501	11259	90.4265	3.60557	37.6	0.994
NODE_214_length_10360_cov_3.570597	1	10360	128	6679	64.4691	1.06448	35.6	41.2
NODE_309_length_6605_cov_445.087328	1	6605	4846	5571	84.3452	63.2954	36.2	7.74
NODE_390_length_5581_cov_3.514839	1	5581	1048802	5581	100	16458.3	36.5	1.15
DAS_Check_Bin_07_k119_159765:247-42184	1	41938	0	0	0	0	0	0
NODE_23_length_52152_cov_8.571204	1	52152	0	0	0	0	0	0
NODE_86_length_17581_cov_4.636540	1	17581	0	0	0	0	0	0
NODE_44_length_30436_cov_7.486422	1	30436	0	0	0	0	0	0
NODE_79_length_8516_cov_194.794823	1	8516	0	0	0	0	0	0
NODE_39_length_25023_cov_3.154598	1	25023	0	0	0	0	0	0
NODE_60_length_19783_cov_3.659621	1	19783	0	0	0	0	0	0
NODE_96_length_11662_cov_7.022019	1	11662	0	0	0	0	0	0
NODE_164_length_6286_cov_3.027283	1	6286	0	0	0	0	0	0
NODE_22_length_12612_cov_2.735526	1	12612	0	0	0	0	0	0
NODE_23_length_41397_cov_28.250593	1	41397	0	0	0	0	0	0
NODE_47_length_27680_cov_4.110081	1	27680	0	0	0	0	0	0
NODE_51_length_25928_cov_4.825185	1	25928	0	0	0	0	0	0
NODE_158_length_8436_cov_3.682138	1	8436	0	0	0	0	0	0
NODE_42_length_41397_cov_33.888709	1	41397	0	0	0	0	0	0
NODE_63_length_27891_cov_6.995761	1	27891	0	0	0	0	0	0
NODE_192_length_8422_cov_5.291144	1	8422	0	0	0	0	0	0
NODE_59_length_37102_cov_7.659028	1	37102	0	0	0	0	0	0
NODE_75_length_29643_cov_5.344836	1	29643	0	0	0	0	0	0
NODE_118_length_18955_cov_3.719365	1	18955	0	0	0	0	0	0
NODE_66_length_7415_cov_2.395924	1	7415	0	0	0	0	0	0
NODE_50_length_42455_cov_9.957995	1	42455	0	0	0	0	0	0
NODE_286_length_7396_cov_5.191118	1	7396	0	0	0	0	0	0
NODE_12_length_38621_cov_4.452264	1	38621	0	0	0	0	0	0
NODE_91_length_8647_cov_3.054702	1	8647	0	0	0	0	0	0
NODE_30_length_46266_cov_83.710480	1	46266	0	0	0	0	0	0
NODE_101_length_12031_cov_26.306363	1	12031	0	0	0	0	0	0
NODE_153_length_7396_cov_5.593380	1	7396	0	0	0	0	0	0
NODE_28_length_50686_cov_13.389939	1	50686	0	0	0	0	0	0
NODE_77_length_34914_cov_4.634499	1	34914	0	0	0	0	0	0
NODE_114_length_22362_cov_39.010266	1	22362	0	0	0	0	0	0
NODE_278_length_7396_cov_6.279662	1	7396	0	0	0	0	0	0
NODE_286_length_7275_cov_4.567867	1	7275	0	0	0	0	0	0
