#rname	startpos	endpos	numreads	covbases	coverage	meandepth	meanbaseq	meanmapq
DAS_Check_Bin_09_k119_41989:3-49450	1	45022	1270	37361	82.9839	2.45271	36.2	41.5
NODE_39_length_37768_cov_25.508657	1	35529	51	3947	11.1092	0.12525	36.9	1
NODE_21_length_46020_cov_7.992255	1	44173	8897	44160	99.9706	17.8245	36.9	1.01
NODE_68_length_36781_cov_8.797283	1	22515	2	82	0.364202	0.00652898	38.1	1.5
NODE_18_length_65286_cov_9.613313	1	61998	123	9793	15.7957	0.173909	36.3	0.984
DAS_Check_Bin_01_k119_158026:3-190576	1	190574	68	5706	2.99411	0.0314943	36.6	40.7
DAS_Check_Bin_01_k119_45347:194-20015	1	19822	1	91	0.459086	0.00459086	36.2	0
NODE_10_length_44613_cov_10.908120	1	44613	3437	44200	99.0743	6.67232	36.1	0.994
NODE_13_length_36623_cov_12.491687	1	36623	1978	35411	96.6906	4.75521	36.7	0.989
NODE_14_length_36060_cov_13.057825	1	36060	2400	35148	97.4709	5.74365	36.1	1.54
NODE_15_length_35381_cov_29.469003	1	35381	15939	35376	99.9859	39.226	36.3	1.65
NODE_16_length_35370_cov_4.255189	1	35370	523	24695	69.8191	1.30489	36.9	1.05
NODE_18_length_31157_cov_3.163269	1	31157	1076	28608	91.8189	3.04895	36.9	0.997
NODE_22_length_23860_cov_5.129553	1	23860	2108	23840	99.9162	7.71949	36.3	5.33
NODE_25_length_23308_cov_5.171419	1	23308	1301	22500	96.5334	4.81753	36	2.02
NODE_28_length_21720_cov_3.485299	1	21720	427	16870	77.6703	1.65451	35.2	1.02
NODE_38_length_13971_cov_7.375898	1	13971	531	12986	92.9497	3.38065	37.4	0.981
NODE_39_length_13673_cov_7.531429	1	13673	1607	13667	99.9561	10.497	37.4	2.57
NODE_86_length_6245_cov_8.653635	1	6245	398	6152	98.5108	5.49367	35.9	0.992
NODE_88_length_6209_cov_8.324829	1	6209	182	5578	89.8373	2.45643	35	0.978
NODE_96_length_5842_cov_1098.051840	1	5842	69216	5842	100	1038.37	36.3	1.78
NODE_99_length_5721_cov_1061.804977	1	5721	189114	5721	100	2867.92	36.1	41.7
NODE_102_length_5581_cov_15638.208288	1	5581	1043996	5581	100	16353	36.5	1.85
NODE_104_length_5514_cov_1878.878732	1	5514	84689	5514	100	1333.95	36	4.2
NODE_105_length_5492_cov_29.344308	1	5492	2539	5471	99.6176	40.3105	36.2	3.77
NODE_109_length_5407_cov_11252.763079	1	5407	546758	5407	100	8890.44	36.5	3.32
NODE_120_length_5084_cov_34199.553390	1	5084	766402	5084	100	13233.9	36.7	1.99
NODE_2_length_172485_cov_32.775068	1	172485	1939	96846	56.1475	0.9976	37.3	1.28
NODE_6_length_61068_cov_9.739465	1	61068	2008	55662	91.1476	2.90285	37	1.01
NODE_7_length_58087_cov_6.947994	1	58087	133	10089	17.3688	0.201749	36.6	0.97
NODE_11_length_41469_cov_25.463877	1	41469	103	8156	19.6677	0.21703	37	1.1
NODE_12_length_40031_cov_3.840454	1	40031	794	29046	72.5588	1.76768	37.4	41.4
NODE_17_length_37325_cov_319.259539	1	37325	67	4954	13.2726	0.158821	37.3	1
NODE_19_length_36060_cov_32.684877	1	36060	2201	34859	96.6694	5.27363	36.1	0.99
NODE_23_length_32292_cov_5.397959	1	32292	1074	28925	89.5733	2.88641	36.1	0.998
NODE_24_length_31545_cov_5.801683	1	31545	53	4276	13.5552	0.141354	35.2	21.3
NODE_28_length_27475_cov_4.040518	1	27475	676	23256	84.6442	2.08113	35.6	2.22
NODE_30_length_25734_cov_5.275400	1	25734	215	12021	46.7125	0.739877	37.1	1
NODE_31_length_25359_cov_5.009406	1	25359	732	22514	88.7811	2.55251	37.2	0.995
NODE_41_length_22305_cov_25.908899	1	22305	1784	21556	96.642	6.89487	35.9	3.56
NODE_42_length_22193_cov_5.490695	1	22193	739	19526	87.9827	2.84883	35.8	40.7
NODE_48_length_18890_cov_3.341333	1	18890	224	11373	60.2065	1.04219	36.8	0.987
NODE_52_length_17580_cov_3.189843	1	17580	249	11885	67.6052	1.2058	35.4	1
NODE_214_length_6245_cov_8.318255	1	6245	418	6127	98.1105	5.85733	36.1	0.993
NODE_217_length_6209_cov_8.798343	1	6209	191	5503	88.6294	2.60815	35.1	0.984
NODE_258_length_5581_cov_2813.330800	1	5581	793565	5581	100	12426.4	36.4	1.03
NODE_262_length_5514_cov_38.326067	1	5514	48902	5477	99.329	772.526	36.2	0.995
NODE_268_length_5407_cov_226.692078	1	5407	361874	5407	100	5895.11	36.6	0.996
NODE_292_length_5084_cov_88208.156095	1	5084	728926	5084	100	12634.2	36.8	2.22
NODE_7_length_46020_cov_16.937757	1	46020	10334	46016	99.9913	19.8016	36.8	0.994
NODE_9_length_43915_cov_6.954241	1	43915	3615	43428	98.891	7.14146	36.1	0.995
NODE_10_length_38461_cov_14.877649	1	38461	8051	38399	99.8388	18.4774	36.8	18.6
NODE_11_length_37351_cov_3.546841	1	37351	4029	37065	99.2343	9.68073	37.8	29.3
NODE_12_length_36623_cov_10.841993	1	36623	1878	35435	96.7561	4.50023	36.6	0.989
NODE_14_length_35381_cov_20.886033	1	35381	16521	35370	99.9689	40.6501	36.3	1.48
NODE_16_length_25443_cov_3.831850	1	25443	305	16278	63.9783	1.05408	36.5	0.987
NODE_25_length_21201_cov_4.167171	1	21201	1706	20926	98.7029	6.9784	36.2	1.01
NODE_34_length_13780_cov_2.793515	1	13780	252	10402	75.4862	1.59274	36	0.996
NODE_39_length_12439_cov_7.203731	1	12439	534	11804	94.8951	3.8024	37.1	3.34
NODE_57_length_7439_cov_2.481446	1	7439	454	7418	99.7177	5.35139	36.6	41
NODE_72_length_6209_cov_12.989275	1	6209	180	5452	87.808	2.46835	35.1	1
NODE_76_length_5842_cov_1509.613790	1	5842	67103	5842	100	1007.83	36.4	1.46
NODE_87_length_5402_cov_34.239200	1	5402	2427	5399	99.9445	39.2449	36.3	2.81
NODE_89_length_5277_cov_5.447721	1	5277	36	2489	47.167	0.586128	36	1
NODE_4_length_238892_cov_6.753413	1	238892	1299	81657	34.1816	0.479681	36.6	17.2
NODE_5_length_189738_cov_6.430987	1	189738	1636	89357	47.0949	0.757824	36.7	31.3
NODE_10_length_119230_cov_6.136941	1	119230	631	43284	36.3029	0.465537	36.6	1.75
NODE_12_length_90299_cov_8.811644	1	90299	10028	89706	99.3433	9.90239	37.6	41.8
NODE_13_length_76125_cov_44.994597	1	76125	414	25048	32.9038	0.480394	37	0.99
NODE_18_length_62590_cov_137.633981	1	62590	7288	61946	98.9711	9.99751	35.8	41.4
NODE_20_length_55983_cov_7.738449	1	55983	558	29121	52.0176	0.872658	36.5	25.9
NODE_24_length_47733_cov_200.310583	1	47733	1185	40796	85.4671	2.20784	37.2	1.49
NODE_27_length_46064_cov_34.699428	1	46064	10630	46045	99.9588	20.3016	36.7	1.01
NODE_32_length_43849_cov_21.327442	1	43849	642	31004	70.7063	1.29937	36.9	0.991
NODE_34_length_42243_cov_6.125960	1	42243	282	17357	41.0885	0.595081	36.8	0.982
NODE_40_length_37489_cov_12.035128	1	37489	682	27496	73.3442	1.5142	35.1	0.988
NODE_41_length_37113_cov_5.778240	1	37113	1153	31870	85.8729	2.69399	36.1	0.994
NODE_44_length_36060_cov_186.741564	1	36060	2295	35180	97.5596	5.52313	36.1	0.99
NODE_57_length_28964_cov_3.647964	1	28964	153	10935	37.7538	0.459018	36.2	42
NODE_58_length_28915_cov_2.851594	1	28915	78	5740	19.8513	0.234446	36.4	1
NODE_61_length_27709_cov_4.008787	1	27709	103	7287	26.2983	0.317767	35.7	1.46
NODE_63_length_26925_cov_11.515333	1	26925	402	18160	67.4466	1.2517	35.1	1.73
NODE_64_length_26668_cov_4.755420	1	26668	165	10134	38.0006	0.536636	35.8	1.48
NODE_66_length_25532_cov_5.218589	1	25532	47	3764	14.7423	0.163716	37.1	2.74
NODE_69_length_23559_cov_18.031867	1	23559	47	3647	15.4803	0.16864	35.7	7.81
NODE_71_length_22160_cov_3.786655	1	22160	3530	22075	99.6164	14.0847	36.9	1.11
NODE_94_length_15427_cov_6.269321	1	15427	1188	15010	97.2969	6.41823	34.8	41.9
NODE_95_length_15356_cov_3.584733	1	15356	30	2113	13.7601	0.168599	35.6	7.07
NODE_113_length_12763_cov_3.351196	1	12763	2	152	1.19094	0.0119094	34.5	24
NODE_165_length_6963_cov_2699.768674	1	6963	286	6435	92.4171	3.63162	37	0.993
NODE_180_length_6209_cov_8.318817	1	6209	176	5608	90.3205	2.43163	35.2	1
NODE_194_length_5842_cov_59.714187	1	5842	37263	5840	99.9658	558.565	36.4	2.02
NODE_203_length_5535_cov_3.585219	1	5535	78	1014	18.3198	1.24246	36.8	41.4
NODE_205_length_5514_cov_740.579227	1	5514	51352	5472	99.2383	811.565	36.2	1.53
NODE_209_length_5407_cov_424.684417	1	5407	336914	5407	100	5485.72	36.6	0.995
NODE_212_length_5277_cov_13.385101	1	5277	23	1582	29.9792	0.372371	34.7	1
NODE_213_length_5084_cov_56753.835156	1	5084	708718	5084	100	12278.6	36.8	0.996
NODE_3_length_160031_cov_246.186322	1	160031	1323	77255	48.275	0.736639	37.4	0.992
NODE_4_length_135187_cov_5.588891	1	135187	424	31635	23.4009	0.275086	36.6	1.07
NODE_11_length_82624_cov_5.458404	1	82624	379	25872	31.3129	0.402704	36.5	0.992
NODE_20_length_47234_cov_31.155747	1	47234	3705	44233	93.6465	6.81069	36.2	2.23
NODE_22_length_45867_cov_5.463743	1	45867	3240	44282	96.5444	6.11581	36	0.995
NODE_24_length_43860_cov_6.177765	1	43860	4171	43566	99.3297	8.30429	36.3	41.8
NODE_25_length_43849_cov_10.709458	1	43849	617	30159	68.7792	1.24461	36.9	0.998
NODE_27_length_42291_cov_8.031513	1	42291	262	16718	39.5309	0.554279	37	0.992
NODE_30_length_41337_cov_7.787607	1	41337	1300	36154	87.4616	2.72828	36.1	0.995
NODE_33_length_39957_cov_24.373239	1	39957	72	5179	12.9614	0.155317	35.6	2.47
NODE_34_length_38904_cov_21.835774	1	38904	73	6083	15.6359	0.164508	36.8	1
NODE_37_length_37729_cov_6.620083	1	37729	68	5427	14.3842	0.158313	36.5	1
NODE_38_length_37629_cov_17.014451	1	37629	741	29733	79.0162	1.65691	35.3	0.988
NODE_42_length_35867_cov_6.690467	1	35867	130	9218	25.7005	0.311651	35.3	42
NODE_43_length_35817_cov_5.543007	1	35817	236	14604	40.7739	0.58408	36.9	6.89
NODE_46_length_35128_cov_9.695264	1	35128	677	25453	72.4579	1.69224	36.6	28.4
NODE_47_length_34443_cov_6.100820	1	34443	189	12353	35.8651	0.495369	38.1	42
NODE_49_length_32550_cov_5.505924	1	32550	548	22023	67.659	1.42178	35.3	16.9
NODE_72_length_21497_cov_3.547617	1	21497	563	17757	82.6022	2.2953	36.5	41.6
NODE_77_length_19576_cov_17.607807	1	19576	46	3693	18.8649	0.207652	36.9	8.2
NODE_103_length_15861_cov_5.174997	1	15861	50	3422	21.5749	0.280058	37.4	41.9
NODE_210_length_6209_cov_9.798343	1	6209	207	5624	90.5782	2.7924	35.3	0.995
NODE_235_length_5514_cov_1351.351346	1	5514	43397	5500	99.7461	686.172	36.2	0.996
NODE_243_length_5277_cov_12.775565	1	5277	38	2238	42.4105	0.620997	36.2	1
NODE_249_length_5084_cov_78920.386956	1	5084	707524	5084	100	12265	36.7	0.996
NODE_1_length_164730_cov_5.305092	1	164730	1341	76886	46.674	0.715365	36.7	19.9
NODE_2_length_124404_cov_11.033221	1	124404	13281	121740	97.8586	9.54418	37.7	1.93
NODE_4_length_117427_cov_5.768318	1	117427	360	26662	22.7052	0.26998	36.8	0.992
NODE_8_length_96678_cov_134.288192	1	96678	604	40252	41.6351	0.554697	37.4	0.987
NODE_28_length_43893_cov_22.428281	1	43893	638	31095	70.8427	1.28369	36.8	0.989
NODE_29_length_42291_cov_14.926058	1	42291	248	16145	38.176	0.52562	37.2	0.984
NODE_33_length_37337_cov_16.555415	1	37337	3457	36348	97.3512	8.01936	36	2.38
NODE_34_length_37325_cov_110.555514	1	37325	106	8036	21.5298	0.251976	37.2	0.981
NODE_36_length_36495_cov_5.297722	1	36495	62	5078	13.9142	0.150377	36.7	1
NODE_38_length_36114_cov_4.509720	1	36114	343	18768	51.9688	0.842582	37.2	0.98
NODE_39_length_36060_cov_13.462408	1	36060	2109	34716	96.2729	5.05796	36.1	1.02
NODE_48_length_30963_cov_4.644332	1	30963	489	7214	23.2988	1.41217	37.9	1.32
NODE_54_length_29179_cov_6.736266	1	29179	1434	27742	95.0752	4.31488	36.7	0.985
NODE_66_length_21974_cov_4.464985	1	21974	427	17125	77.933	1.65436	35.2	0.986
NODE_181_length_6454_cov_8661.914049	1	6454	3987597	6454	100	54727.8	36.9	13.2
NODE_228_length_5277_cov_15.499043	1	5277	37	2507	47.5081	0.629714	36.9	1
NODE_232_length_5084_cov_53965.325313	1	5084	698477	5084	100	12099	36.7	0.996
NODE_2_length_164227_cov_5.664328	1	164227	624	44297	26.973	0.333551	36.5	0.986
NODE_17_length_61395_cov_5.757956	1	61395	205	15394	25.0737	0.297027	36.7	0.971
NODE_26_length_47746_cov_5.112222	1	47746	3722	21141	44.2781	6.99137	38	31.6
NODE_31_length_42291_cov_15.102069	1	42291	297	19924	47.1117	0.624412	37.2	0.993
NODE_48_length_29632_cov_4.402171	1	29632	507	22125	74.6659	1.44395	35.2	1.37
NODE_50_length_28964_cov_4.022381	1	28964	52	4256	14.6941	0.158404	36.8	1
NODE_51_length_27921_cov_3.034092	1	27921	1897	27005	96.7193	5.90513	36.1	0.993
NODE_55_length_25017_cov_5.657880	1	25017	41	3393	13.5628	0.144822	36.7	1
NODE_56_length_24833_cov_5.809872	1	24833	1377	23928	96.3557	4.87726	36.8	0.996
NODE_97_length_12527_cov_5.050513	1	12527	1098	12251	97.7968	7.85543	37.6	3.24
NODE_176_length_5514_cov_454.349698	1	5514	45851	5460	99.0207	723.758	36.2	0.995
NODE_184_length_5277_cov_11.715818	1	5277	26	1991	37.7298	0.415388	35.7	1
NODE_193_length_5034_cov_15.769632	1	5034	28944	4807	95.4907	497.339	36	24.2
NODE_1_length_114607_cov_10.147007	1	114607	1568	70295	61.3357	1.21487	37.2	0.993
NODE_4_length_36816_cov_7.960991	1	36816	1181	32146	87.3153	2.78577	36	0.995
NODE_5_length_36230_cov_4.885114	1	36230	197	14019	38.6945	0.479906	36.7	41.4
NODE_10_length_27385_cov_7.189535	1	27385	60	4923	17.977	0.193171	36.9	0.983
NODE_11_length_26673_cov_11.045683	1	26673	1306	25523	95.6885	4.23541	35.8	0.985
NODE_20_length_17239_cov_6.178596	1	17239	97	5792	33.5982	0.493706	35.9	1
NODE_86_length_6209_cov_9.690445	1	6209	213	5585	89.9501	2.96408	35.3	0.995
NODE_113_length_5514_cov_54.894486	1	5514	47225	5513	99.9819	745.664	36.2	0.998
NODE_124_length_5277_cov_25.805247	1	5277	25	1560	29.5623	0.412545	36.2	1
NODE_1_length_167064_cov_31.023334	1	167064	21	1665	0.996624	0.0107803	36.4	1
NODE_7_length_61042_cov_7.357896	1	61042	1930	56086	91.881	2.79365	36.9	1.05
NODE_11_length_50106_cov_8.639548	1	50106	1674	44052	87.9176	2.88784	36	1.43
NODE_13_length_47685_cov_12.449024	1	47685	1276	41185	86.3689	2.38373	37.1	1.02
NODE_14_length_46328_cov_8.666393	1	46328	43	3419	7.37999	0.0815274	36.3	0.884
NODE_26_length_33164_cov_59.471171	1	33164	312	4312	13.0021	0.846309	38.1	0.635
NODE_27_length_32852_cov_6.310150	1	32852	39	3250	9.89285	0.101303	36.3	1
NODE_29_length_31681_cov_4.792196	1	31681	29	2315	7.30722	0.0781225	35.7	0.966
NODE_32_length_29822_cov_3.040481	1	29822	2	178	0.596875	0.00596875	36.1	42
NODE_37_length_23975_cov_6.355811	1	23975	3	236	0.984359	0.00984359	35.4	0.667
NODE_109_length_6469_cov_258.754599	1	6469	206425	6469	100	2814.45	36.9	0.979
NODE_117_length_6209_cov_39356.593760	1	6209	173	5460	87.9369	2.37897	34.9	0.994
NODE_131_length_5556_cov_340.263043	1	5556	7716	5549	99.874	120.291	36	0.98
NODE_139_length_5354_cov_334.782412	1	5354	3578	4035	75.3642	57.7972	36	0.942
NODE_147_length_5084_cov_13961.725393	1	5084	564503	5084	100	9760.97	36.7	0.995
NODE_3_length_123329_cov_12.346099	1	123329	12794	120911	98.0394	9.2768	37.7	0.988
NODE_6_length_84822_cov_16.799037	1	84822	9	745	0.87831	0.00939615	35.7	2.11
NODE_7_length_82293_cov_17.234271	1	82293	19	1476	1.79359	0.0182883	34.4	1
NODE_13_length_50138_cov_17.827646	1	50138	1593	45367	90.4843	2.76162	36.1	1.54
NODE_17_length_47511_cov_6.251033	1	47511	20	1706	3.59075	0.0365179	36.1	0.9
NODE_22_length_41227_cov_3.669387	1	41227	109	8695	21.0905	0.234191	36.6	1
NODE_24_length_39433_cov_10.753847	1	39433	3	221	0.560444	0.00659346	36.1	1
NODE_34_length_29970_cov_6.653919	1	29970	45	3449	11.5082	0.12953	35.7	0.778
NODE_35_length_29279_cov_5.928107	1	29279	1	91	0.310803	0.00310803	36.3	1
NODE_36_length_28663_cov_6.412088	1	28663	73	5780	20.1654	0.220877	36.6	1
NODE_39_length_25023_cov_3.154598	1	25023	2	182	0.727331	0.00727331	37.5	1
NODE_41_length_24643_cov_3.795713	1	24643	172	10791	43.7893	0.598547	35.3	1
NODE_42_length_24457_cov_5.553315	1	24457	1356	23503	96.0993	4.79662	36.1	0.986
NODE_46_length_21332_cov_3.397377	1	21332	124	8615	40.3853	0.503047	35.8	1
NODE_52_length_17163_cov_9.937398	1	17163	324	13691	79.7704	1.6482	36.3	0.997
NODE_119_length_6469_cov_423.735111	1	6469	204804	6469	100	2794.78	37	0.978
NODE_133_length_5840_cov_3038.520311	1	5840	7480	5713	97.8253	110.396	36	1.02
NODE_140_length_5469_cov_7.356114	1	5469	10435	5469	100	158.149	34.7	41.9
NODE_1_length_157272_cov_245.867635	1	157272	1127	69514	44.1999	0.63862	37.5	0.996
NODE_3_length_116508_cov_7.831949	1	116508	11	940	0.806812	0.00856594	36.2	0.909
NODE_5_length_78818_cov_6.835964	1	78818	1548	50572	64.163	1.72425	36.5	28.3
NODE_8_length_61519_cov_6.420002	1	61519	185	13712	22.289	0.259757	36.2	0.989
NODE_11_length_55539_cov_10.359851	1	55539	4	337	0.606781	0.00606781	35.5	1
NODE_12_length_54742_cov_5.935359	1	54742	807	34376	62.7964	1.30236	36.7	8.49
NODE_15_length_49707_cov_409.118646	1	49707	30	2401	4.83031	0.0503953	35.6	5.17
NODE_19_length_46049_cov_20.145976	1	46049	133	10267	22.2958	0.254468	36.9	0.947
NODE_31_length_37539_cov_17.903879	1	37539	50	3876	10.3253	0.11247	36.5	1
NODE_32_length_37308_cov_5.588865	1	37308	222	15844	42.4681	0.528975	36.7	2.68
NODE_38_length_34710_cov_5.008022	1	34710	186	11821	34.0565	0.458686	35.7	1
NODE_39_length_34383_cov_15.503059	1	34383	850	27951	81.2931	2.14027	36.2	10.9
NODE_40_length_33198_cov_25.854600	1	33198	136	6489	19.5464	0.363998	36.7	1.13
NODE_41_length_33019_cov_71.818742	1	33019	2	173	0.523941	0.00523941	30.3	1
NODE_42_length_30783_cov_6.353228	1	30783	4554	30753	99.9025	13.0501	36.7	0.991
NODE_43_length_30206_cov_3.324367	1	30206	50	4000	13.2424	0.145335	37	42
NODE_51_length_25704_cov_4.962455	1	25704	18	1603	6.23638	0.0623638	36.3	1
NODE_68_length_16862_cov_6.336764	1	16862	8	672	3.98529	0.0423437	35.9	2.25
NODE_137_length_7399_cov_2.692266	1	7399	1	56	0.756859	0.00756859	32.1	0
NODE_157_length_6469_cov_65.568288	1	6469	205248	6469	100	2798.67	36.9	0.979
NODE_186_length_5556_cov_469.135975	1	5556	7821	5555	99.982	121.848	36	0.978
NODE_193_length_5407_cov_407.749626	1	5407	188839	5378	99.4637	3062.94	36.5	0.997
NODE_194_length_5354_cov_104.200415	1	5354	3726	4158	77.6616	60.4979	36	0.854
NODE_196_length_5277_cov_172.009958	1	5277	38	2368	44.874	0.626871	35.3	1
NODE_4_length_95966_cov_30.590652	1	95966	17018	95672	99.6936	15.5931	36.8	3.41
NODE_6_length_82210_cov_5.532554	1	82210	11	855	1.04002	0.0113247	34.9	1
NODE_11_length_50594_cov_377.385821	1	50594	39	3035	5.99874	0.0656007	35	1
NODE_15_length_36350_cov_5.563659	1	36350	914	30014	82.5695	2.23098	37.2	1.08
NODE_16_length_36268_cov_5.202911	1	36268	1954	35549	98.0175	4.72648	36.7	0.987
NODE_17_length_36060_cov_30.766366	1	36060	1957	33997	94.279	4.68236	36.1	0.993
NODE_22_length_25354_cov_3.861378	1	25354	333	16896	66.6404	1.15639	36.8	0.994
NODE_25_length_22867_cov_5.385543	1	22867	619	20306	88.8005	2.3812	36.5	0.987
NODE_4_length_50595_cov_67.659972	1	50595	34	2601	5.14082	0.0569622	34.9	1
NODE_9_length_29359_cov_4.137114	1	29359	12	831	2.83048	0.0346742	36.1	1
NODE_3_length_50595_cov_82.409794	1	50595	41	3033	5.99466	0.0675166	34.9	1
NODE_5_length_44363_cov_4.177530	1	44363	28	2334	5.26114	0.0526114	34.6	2.07
NODE_7_length_36147_cov_14.136346	1	36147	2053	33760	93.3964	4.92846	36.1	0.992
NODE_18_length_15213_cov_9.438580	1	15213	11	916	6.02117	0.0602117	35.1	42
NODE_47_length_5840_cov_40.463440	1	5840	7791	5389	92.2774	114.557	36	0.994
NODE_51_length_5556_cov_13.876568	1	5556	8066	5552	99.928	125.667	36	0.974
NODE_57_length_5407_cov_151.267377	1	5407	201092	5407	100	3262.44	36.5	0.994
NODE_62_length_5084_cov_1208.538278	1	5084	553904	5084	100	9579.99	36.7	0.995
NODE_2_length_148288_cov_23.186888	1	148288	79	1160	0.782262	0.0475291	37.9	0.911
NODE_6_length_84805_cov_14.802077	1	84805	9	729	0.859619	0.00859619	33.1	1
NODE_24_length_41128_cov_5.105933	1	41128	50	3703	9.0036	0.0992511	35.5	0.96
NODE_25_length_41104_cov_10.069039	1	41104	238	10856	26.4111	0.514257	36.5	0.882
NODE_35_length_36642_cov_6.903080	1	36642	1890	35293	96.3184	4.54178	36.7	0.992
NODE_42_length_32103_cov_4.370444	1	32103	56	3646	11.3572	0.152229	36.2	34.4
NODE_45_length_29051_cov_4.288419	1	29051	234	13739	47.2927	0.712919	37.2	0.996
NODE_54_length_22851_cov_9.800140	1	22851	30	2423	10.6035	0.117369	36	0.8
NODE_102_length_12697_cov_5.155751	1	12697	484	11700	92.1478	3.38269	37.2	2.7
NODE_209_length_6209_cov_65496.679721	1	6209	198	5721	92.1404	2.67612	35.4	0.995
NODE_235_length_5556_cov_134.878749	1	5556	7950	5552	99.928	123.775	36	0.978
NODE_249_length_5277_cov_379.647453	1	5277	35	2436	46.1626	0.58177	36.5	1
NODE_4_length_133646_cov_16.294571	1	133646	63	5208	3.89686	0.0412059	37.3	1.94
NODE_7_length_115553_cov_35.746429	1	115553	165	1818	1.5733	0.127422	37.6	0.958
NODE_18_length_57319_cov_76.520624	1	57319	69	5304	9.25348	0.105776	36.5	0.768
NODE_24_length_50596_cov_1234.024079	1	50596	37	3037	6.00245	0.0613883	34.8	1
NODE_35_length_43849_cov_26.763073	1	43849	673	32170	73.3654	1.36028	36.9	0.987
NODE_38_length_43069_cov_9.555959	1	43069	264	16923	39.2928	0.538601	36.6	1.21
NODE_49_length_38057_cov_4.796748	1	38057	206	12092	31.7734	0.478782	37	10.5
NODE_51_length_37849_cov_4.749140	1	37849	223	14889	39.3379	0.521361	36.8	0.991
NODE_53_length_36807_cov_5.676671	1	36807	2644	36025	97.8754	6.12348	35.6	20.1
NODE_61_length_31489_cov_8.070020	1	31489	824	27897	88.5928	2.30061	37.1	0.987
NODE_63_length_27891_cov_6.995761	1	27891	2	90	0.322685	0.00555735	35.3	16
NODE_69_length_26777_cov_5.823441	1	26777	604	22403	83.6651	1.90996	35.2	1.14
NODE_76_length_25339_cov_4.381387	1	25339	3718	25274	99.7435	12.9431	36.8	0.987
NODE_77_length_25099_cov_4.340960	1	25099	40	2973	11.8451	0.136499	36.5	3.05
NODE_78_length_24488_cov_6.858102	1	24488	123	8235	33.6287	0.441767	36	40.8
NODE_80_length_24274_cov_3.099385	1	24274	408	16020	65.9965	1.44496	35.7	38.2
NODE_86_length_22502_cov_3.552991	1	22502	11	758	3.36859	0.0425296	37.6	2.27
NODE_101_length_17827_cov_4.586484	1	17827	1128	17374	97.4589	5.32608	35.2	1.7
NODE_110_length_17112_cov_3.368119	1	17112	314	12874	75.2338	1.60051	36.2	0.987
NODE_229_length_6678_cov_5.842066	1	6678	208	6373	95.4328	2.75247	37	0.971
NODE_261_length_5874_cov_27.383915	1	5874	4156	4595	78.2261	61.5812	36.1	0.871
NODE_4_length_127150_cov_117.090247	1	127150	12782	124192	97.6736	8.99434	37.7	0.989
NODE_7_length_88941_cov_46.993812	1	88941	153	2456	2.76138	0.152101	37.5	0.987
NODE_11_length_72839_cov_23.773563	1	72839	2762	61151	83.9537	3.28784	36	41.7
NODE_21_length_59130_cov_12.292323	1	59130	139	10627	17.9723	0.20734	37	0.986
NODE_23_length_57177_cov_114.389377	1	57177	92	6428	11.2423	0.140144	36.1	0.652
NODE_28_length_50596_cov_1491.292179	1	50596	30	2199	4.34619	0.0497668	33.9	1
NODE_35_length_46803_cov_6.051467	1	46803	16	1353	2.89084	0.0289084	37	1.5
NODE_36_length_46752_cov_29.126753	1	46752	54	4176	8.93224	0.0970012	35.3	0.963
NODE_39_length_43620_cov_4.962217	1	43620	253	17678	40.5273	0.512517	36.7	0.992
NODE_40_length_43084_cov_6.633898	1	43084	4	308	0.714883	0.00758982	33.2	1
NODE_45_length_40665_cov_4.748239	1	40665	288	18130	44.5838	0.622353	37	1.13
NODE_50_length_39226_cov_10.101606	1	39226	32	2753	7.0183	0.0724774	36.7	42
NODE_56_length_37457_cov_9.262072	1	37457	70	5765	15.391	0.163841	36.5	2.23
NODE_58_length_37241_cov_46.337493	1	37241	189	8439	22.6605	0.444242	36.5	0.926
NODE_60_length_36992_cov_10.212497	1	36992	1351	32655	88.2758	3.22681	37.1	19.7
NODE_64_length_33972_cov_8.070260	1	33972	63	4830	14.2176	0.164194	36.3	30.6
NODE_68_length_32950_cov_15.789907	1	32950	23	1906	5.78452	0.0611533	36.3	1
NODE_76_length_29309_cov_5.208553	1	29309	48	3854	13.1495	0.141765	35.8	16.4
NODE_77_length_28348_cov_7.729650	1	28348	133	8609	30.369	0.419218	37.1	0.902
NODE_80_length_27821_cov_14.253908	1	27821	64	4946	17.7779	0.193559	36.1	1.92
NODE_90_length_25254_cov_6.697329	1	25254	1332	24102	95.4383	4.55591	35.8	0.993
NODE_92_length_24473_cov_5.235728	1	24473	3482	24352	99.5056	12.5641	36.8	0.991
NODE_98_length_23476_cov_4.904359	1	23476	2	182	0.77526	0.0077526	35	1
NODE_107_length_20703_cov_32.120399	1	20703	879	20057	96.8797	3.64	35.8	0.97
NODE_119_length_18951_cov_5.567686	1	18951	15	1311	6.91784	0.0698644	36.4	1
NODE_127_length_17877_cov_5.437717	1	17877	196	10576	59.1598	0.960676	36.1	42
NODE_337_length_5407_cov_169.755419	1	5407	218316	5375	99.4082	3545.58	36.5	0.995
NODE_345_length_5277_cov_154.251628	1	5277	50	2918	55.2966	0.839303	36.2	1
NODE_17_length_37229_cov_5.527304	1	37229	96	6951	18.6709	0.226544	36.6	1
NODE_35_length_16708_cov_7.810064	1	16708	8	590	3.53124	0.0380656	35.2	2.25
NODE_79_length_6268_cov_7.561404	1	6268	443	6177	98.5482	6.09652	36.2	0.998
NODE_1_length_167064_cov_29.887916	1	167064	10	842	0.503998	0.0051597	34.8	1
NODE_2_length_128004_cov_9.723710	1	128004	959	59269	46.3025	0.667589	37.5	0.982
NODE_9_length_50597_cov_221.425567	1	50597	51	4025	7.95502	0.0854398	34.8	1
NODE_15_length_44579_cov_4.400862	1	44579	16	1291	2.89598	0.0292739	34.5	0.938
NODE_25_length_26906_cov_5.574876	1	26906	23	1765	6.55988	0.072363	36	0.913
NODE_66_length_7415_cov_2.395924	1	7415	1	56	0.755226	0.00755226	32.4	1
NODE_81_length_6245_cov_24.756704	1	6245	427	6147	98.4307	5.95548	36	1
NODE_98_length_5354_cov_128.256463	1	5354	4154	4211	78.6515	67.4858	36.1	0.863
NODE_14_length_82374_cov_240.205894	1	82374	14	1054	1.27953	0.013378	34.1	1
NODE_21_length_64073_cov_37.552313	1	64073	19	1599	2.49559	0.0254397	35.1	13.9
NODE_22_length_61496_cov_10.163685	1	61496	155	12149	19.7558	0.220876	36.4	0.981
NODE_27_length_56163_cov_10.570810	1	56163	442	23770	42.3232	0.685772	36.4	1.4
NODE_34_length_49123_cov_12.946462	1	49123	215	14532	29.5829	0.376443	35.8	15.3
NODE_35_length_48678_cov_17.660634	1	48678	23	1922	3.9484	0.039484	35.4	0.957
NODE_36_length_48286_cov_161.551720	1	48286	1308	9347	19.3576	2.42246	37.9	23.9
NODE_41_length_46049_cov_22.527873	1	46049	116	9492	20.6128	0.223284	37.2	0.983
NODE_42_length_46014_cov_7.064688	1	46014	536	27088	58.869	1.02556	36.7	0.968
NODE_44_length_45313_cov_24.797539	1	45313	8	679	1.49847	0.0149847	36.2	0.875
NODE_45_length_44530_cov_6.085261	1	44530	142	9214	20.6917	0.262138	34.9	3.99
NODE_54_length_41545_cov_23.951314	1	41545	314	19552	47.0622	0.674522	37.2	1.13
NODE_56_length_41017_cov_5.694693	1	41017	76	6008	14.6476	0.158617	35.2	42
NODE_58_length_39387_cov_195.566714	1	39387	55	4356	11.0595	0.119735	36	0.745
NODE_66_length_37340_cov_6.786992	1	37340	1	91	0.243706	0.00243706	38.5	1
NODE_74_length_32607_cov_43.428176	1	32607	2	181	0.555096	0.00555096	34.7	1
NODE_76_length_32402_cov_4.278047	1	32402	245	14805	45.6916	0.668693	36.7	1.47
NODE_85_length_29888_cov_3.843428	1	29888	142	10476	35.0509	0.415886	36.8	0.972
NODE_86_length_29401_cov_5.339501	1	29401	34	2777	9.44526	0.100269	35.6	8.24
NODE_90_length_26510_cov_4.099074	1	26510	406	18551	69.9774	1.34259	36.4	0.99
NODE_91_length_25386_cov_3.813628	1	25386	642	21010	82.7622	2.16308	35.6	0.991
NODE_98_length_23399_cov_4.973441	1	23399	113	7673	32.792	0.426941	36.5	1
NODE_99_length_23338_cov_3.337113	1	23338	644	20093	86.0956	2.43573	37.1	1.3
NODE_100_length_23190_cov_23.457402	1	23190	32	2236	9.64209	0.120267	36.1	0.562
NODE_102_length_22820_cov_4.048935	1	22820	10	770	3.37423	0.0361963	35.9	1
NODE_103_length_22548_cov_3.955764	1	22548	238	14069	62.3958	0.928286	37.2	1.59
NODE_122_length_18523_cov_15.849144	1	18523	55	4041	21.8161	0.256438	35.2	1
NODE_137_length_15986_cov_191.716590	1	15986	1494	15447	96.6283	8.30402	37.4	3.56
NODE_142_length_15505_cov_266.883107	1	15505	9	729	4.70171	0.047662	33.6	10.1
NODE_394_length_5277_cov_264.588280	1	5277	40	2721	51.5634	0.656623	35.9	1
NODE_2_length_111600_cov_9.640486	1	111600	10633	110377	98.9041	8.51048	37.7	0.989
NODE_9_length_45523_cov_3.740213	1	45523	6	522	1.14667	0.0114667	34.4	1
NODE_11_length_38676_cov_4.256959	1	38676	27	2234	5.77619	0.060968	36.6	1
NODE_14_length_36134_cov_22.605782	1	36134	1912	33707	93.2833	4.57195	36.1	0.993
NODE_16_length_32623_cov_3.888142	1	32623	859	27644	84.7378	2.34065	37.1	0.992
NODE_23_length_22286_cov_4.358508	1	22286	284	14995	67.2844	1.12124	36.8	0.986
NODE_25_length_20188_cov_3.698455	1	20188	18	1458	7.22211	0.0740044	35.6	1
NODE_50_length_10983_cov_6.236914	1	10983	6	532	4.84385	0.0484385	35	1
NODE_97_length_5840_cov_82.570614	1	5840	8063	5615	96.1473	118.806	36	0.993
NODE_1_length_291783_cov_17.309309	1	291783	413	33036	11.3221	0.126385	37.8	1.72
NODE_2_length_224719_cov_12.772874	1	224719	210	18035	8.02558	0.0839048	38.1	0.981
NODE_5_length_146551_cov_138.816527	1	146551	23553	145619	99.364	14.1283	36.8	1.05
NODE_9_length_107083_cov_7.960225	1	107083	11744	104869	97.9324	9.80397	37.7	0.989
NODE_18_length_51491_cov_4.309861	1	51491	299	20366	39.5525	0.511274	36.5	1.95
NODE_23_length_46505_cov_8.013886	1	46505	35	3054	6.56704	0.0664445	37	0.971
NODE_28_length_40659_cov_13.346394	1	40659	42	3503	8.61556	0.0921321	36.5	1
NODE_34_length_37084_cov_5.937697	1	37084	451	22283	60.0879	1.07259	36.4	0.869
NODE_37_length_29802_cov_5.098867	1	29802	417	20924	70.2101	1.23522	36.8	0.998
NODE_39_length_28630_cov_5.069326	1	28630	14	1166	4.07265	0.0424031	35.1	1
NODE_42_length_27529_cov_6.863980	1	27529	34	2799	10.1675	0.111809	38	42
NODE_44_length_27445_cov_5.378131	1	27445	1470	26520	96.6296	4.7127	36.8	0.998
NODE_46_length_25582_cov_5.547381	1	25582	22	1805	7.05574	0.0705574	35.8	0.909
NODE_48_length_24386_cov_133.440549	1	24386	6945	24148	99.024	25.2284	36.9	41.7
NODE_60_length_14961_cov_14.778747	1	14961	4	337	2.25252	0.023862	34.7	14
NODE_63_length_14529_cov_5.416955	1	14529	2	161	1.10813	0.0110813	34.5	1
NODE_85_length_9810_cov_429.929062	1	9810	2317066	9810	100	20939.5	36.9	6.09
NODE_122_length_6209_cov_70622.697433	1	6209	197	5709	91.9472	2.67483	35.2	0.99
NODE_136_length_5744_cov_864.749341	1	5744	6493	4272	74.3733	97.757	36.1	8.86
NODE_147_length_5556_cov_89.738411	1	5556	7856	5554	99.964	122.404	35.9	0.978
NODE_1_length_224519_cov_7.116856	1	224519	253	21818	9.71766	0.101297	38.2	0.953
NODE_2_length_167110_cov_64.689713	1	167110	20	1658	0.992161	0.010149	34.6	0.95
NODE_4_length_142877_cov_8.785747	1	142877	133	11318	7.9215	0.0837154	38.2	0.977
NODE_5_length_139191_cov_8.620788	1	139191	185	15121	10.8635	0.118391	37.9	0.919
NODE_21_length_49714_cov_4.278741	1	49714	297	19381	38.985	0.515127	36.7	0.98
NODE_26_length_46532_cov_8.982421	1	46532	570	28316	60.8527	1.07227	36.6	0.756
NODE_28_length_46427_cov_14.788256	1	46427	36	3045	6.55868	0.06955	36	0.944
NODE_29_length_46367_cov_11.001188	1	46367	41	3370	7.2681	0.0780296	36.2	0.976
NODE_30_length_46266_cov_83.710480	1	46266	2	110	0.237756	0.00391216	37	1
NODE_31_length_43850_cov_11.756000	1	43850	656	31407	71.6237	1.32335	36.8	0.989
NODE_32_length_43436_cov_7.077891	1	43436	12	910	2.09504	0.0228382	35.1	7.83
NODE_35_length_40899_cov_23.333831	1	40899	57	4827	11.8022	0.123573	36.4	0.912
NODE_46_length_36623_cov_13.706793	1	36623	1905	35284	96.3438	4.57762	36.8	0.987
NODE_49_length_32431_cov_3.692241	1	32431	329	18177	56.0482	0.900774	37.1	0.994
NODE_53_length_30710_cov_4.642636	1	30710	491	11827	38.5119	1.43178	37.8	4
NODE_54_length_30192_cov_5.904702	1	30192	239	14321	47.4331	0.680147	35.4	1.03
NODE_55_length_29701_cov_27.068205	1	29701	575	17665	59.4761	1.72088	37.3	18.3
NODE_56_length_28912_cov_8.397962	1	28912	141	9245	31.9763	0.419134	35.6	10.8
NODE_58_length_27890_cov_4.360841	1	27890	30	2320	8.31839	0.0933309	36.3	1
NODE_60_length_25063_cov_6.534149	1	25063	511	19862	79.2483	1.70917	35.2	0.99
NODE_87_length_14015_cov_251.795559	1	14015	729	12772	91.1309	4.63939	37.6	1.37
NODE_153_length_7396_cov_5.593380	1	7396	1	51	0.689562	0.00689562	34.3	0
NODE_173_length_6469_cov_774.838478	1	6469	207042	6469	100	2824.13	36.9	0.98
NODE_218_length_5084_cov_12194.464307	1	5084	556008	5084	100	9612.74	36.7	0.998
NODE_4_length_149990_cov_22.694054	1	149990	15829	147512	98.3479	9.44709	37.7	8.81
NODE_11_length_90295_cov_118.359719	1	90295	10369	89748	99.3942	10.0591	36.7	1.04
NODE_14_length_82304_cov_225.187151	1	82304	13	858	1.04248	0.0130492	34.3	1
NODE_17_length_66579_cov_12.543699	1	66579	152	11142	16.735	0.199537	37	1.51
NODE_33_length_48678_cov_22.032392	1	48678	18	1482	3.0445	0.0319035	34.7	0.889
NODE_34_length_48295_cov_29.851223	1	48295	105	7813	16.1777	0.187887	36	6.19
NODE_39_length_46496_cov_26.700803	1	46496	42	3508	7.54474	0.0779637	35.9	0.952
NODE_40_length_46294_cov_8.238197	1	46294	19	1669	3.60522	0.0365922	36.7	14.2
NODE_44_length_45871_cov_5.078160	1	45871	3189	44031	95.9888	6.01103	36.1	0.991
NODE_49_length_42667_cov_9.849948	1	42667	66	5151	12.0726	0.134319	36.7	42
NODE_52_length_42307_cov_7.097250	1	42307	244	16317	38.5681	0.511736	36.9	0.996
NODE_54_length_41741_cov_10.161829	1	41741	213	14498	34.7332	0.451115	36.7	1.03
NODE_55_length_41584_cov_17.221676	1	41584	100	7919	19.0434	0.213063	37.1	0.99
NODE_65_length_38961_cov_7.399476	1	38961	5	455	1.16783	0.0116783	38.2	1
NODE_66_length_38717_cov_7.546868	1	38717	104	7596	19.6193	0.220213	34.6	1.1
NODE_68_length_38440_cov_54.510460	1	38440	4	346	0.900104	0.00900104	34.9	1
NODE_69_length_37272_cov_3.102802	1	37272	1025	32563	87.3659	2.35195	35.7	11.4
NODE_76_length_34918_cov_18.678370	1	34918	165	10981	31.448	0.402915	35.6	6.72
NODE_82_length_32967_cov_14.811011	1	32967	584	23185	70.3279	1.48273	35.2	1.01
NODE_84_length_32573_cov_4.820715	1	32573	618	24191	74.267	1.61195	35.5	41.8
NODE_85_length_32529_cov_5.865646	1	32529	227	14736	45.3011	0.619109	37.2	2.32
NODE_86_length_32364_cov_4.582315	1	32364	135	10096	31.1952	0.373007	36.7	12.2
NODE_87_length_32215_cov_15.592506	1	32215	245	13563	42.1015	0.644855	35.3	1.98
NODE_88_length_32149_cov_48.332741	1	32149	45	3522	10.9552	0.123674	36.5	1
NODE_89_length_31829_cov_62.477403	1	31829	2376	29581	92.9373	6.34095	35.3	21.6
NODE_90_length_31247_cov_3.493845	1	31247	335	19416	62.1372	0.946363	37	16.7
NODE_92_length_30284_cov_3.410831	1	30284	178	12070	39.856	0.520143	37	12.5
NODE_94_length_29316_cov_3.978435	1	29316	189	12658	43.1778	0.576102	37.4	41.5
NODE_98_length_27642_cov_3.629318	1	27642	16	1432	5.18052	0.0518052	36.2	1
NODE_99_length_27136_cov_4.809424	1	27136	376	18281	67.3681	1.21506	36.5	2.88
NODE_103_length_25437_cov_4.427586	1	25437	20	1709	6.71856	0.0676967	35.9	1
NODE_110_length_22758_cov_8.333524	1	22758	2	99	0.435012	0.00799719	37.5	1
NODE_119_length_21232_cov_24.778675	1	21232	171	9131	43.0058	0.704644	36.5	0.895
NODE_120_length_20547_cov_20.156207	1	20547	55	4131	20.1051	0.22378	35.3	41.7
NODE_181_length_12451_cov_62.323975	1	12451	720	11495	92.3219	5.1746	37.7	0.985
NODE_214_length_10360_cov_3.570597	1	10360	179	7642	73.7645	1.45685	35.3	41.9
NODE_278_length_7396_cov_6.279662	1	7396	1	64	0.865333	0.00865333	34.6	0
NODE_309_length_6605_cov_445.087328	1	6605	5880	5335	80.7721	76.8765	36.2	8.16
NODE_390_length_5581_cov_3.514839	1	5581	864442	5581	100	13557.4	36.5	1.12
DAS_Check_Bin_07_k119_159765:247-42184	1	41938	0	0	0	0	0	0
NODE_23_length_52152_cov_8.571204	1	52152	0	0	0	0	0	0
NODE_86_length_17581_cov_4.636540	1	17581	0	0	0	0	0	0
NODE_44_length_30436_cov_7.486422	1	30436	0	0	0	0	0	0
NODE_79_length_8516_cov_194.794823	1	8516	0	0	0	0	0	0
NODE_60_length_19783_cov_3.659621	1	19783	0	0	0	0	0	0
NODE_96_length_11662_cov_7.022019	1	11662	0	0	0	0	0	0
NODE_164_length_6286_cov_3.027283	1	6286	0	0	0	0	0	0
NODE_22_length_12612_cov_2.735526	1	12612	0	0	0	0	0	0
NODE_23_length_41397_cov_28.250593	1	41397	0	0	0	0	0	0
NODE_47_length_27680_cov_4.110081	1	27680	0	0	0	0	0	0
NODE_51_length_25928_cov_4.825185	1	25928	0	0	0	0	0	0
NODE_158_length_8436_cov_3.682138	1	8436	0	0	0	0	0	0
NODE_42_length_41397_cov_33.888709	1	41397	0	0	0	0	0	0
NODE_64_length_27677_cov_8.435522	1	27677	0	0	0	0	0	0
NODE_192_length_8422_cov_5.291144	1	8422	0	0	0	0	0	0
NODE_30_length_49587_cov_4.531979	1	49587	0	0	0	0	0	0
NODE_59_length_37102_cov_7.659028	1	37102	0	0	0	0	0	0
NODE_75_length_29643_cov_5.344836	1	29643	0	0	0	0	0	0
NODE_118_length_18955_cov_3.719365	1	18955	0	0	0	0	0	0
NODE_29_length_50686_cov_11.681381	1	50686	0	0	0	0	0	0
NODE_50_length_42455_cov_9.957995	1	42455	0	0	0	0	0	0
NODE_286_length_7396_cov_5.191118	1	7396	0	0	0	0	0	0
NODE_12_length_38621_cov_4.452264	1	38621	0	0	0	0	0	0
NODE_91_length_8647_cov_3.054702	1	8647	0	0	0	0	0	0
NODE_38_length_39875_cov_5.639704	1	39875	0	0	0	0	0	0
NODE_101_length_12031_cov_26.306363	1	12031	0	0	0	0	0	0
NODE_28_length_50686_cov_13.389939	1	50686	0	0	0	0	0	0
NODE_77_length_34914_cov_4.634499	1	34914	0	0	0	0	0	0
NODE_78_length_34810_cov_11.848741	1	34810	0	0	0	0	0	0
NODE_114_length_22362_cov_39.010266	1	22362	0	0	0	0	0	0
NODE_286_length_7275_cov_4.567867	1	7275	0	0	0	0	0	0
