#rname	startpos	endpos	numreads	covbases	coverage	meandepth	meanbaseq	meanmapq
DAS_Check_Bin_09_k119_41989:3-49450	1	45022	1678	42236	93.8119	3.23455	36.1	41.5
NODE_39_length_37768_cov_25.508657	1	35529	39	3213	9.04332	0.0976385	36.9	0.949
NODE_21_length_46020_cov_7.992255	1	44173	61	4909	11.1131	0.122541	36.8	1
NODE_68_length_36781_cov_8.797283	1	22515	4	164	0.728403	0.0140351	35.3	0.25
NODE_18_length_65286_cov_9.613313	1	61998	107	8885	14.3311	0.153602	36.5	0.981
DAS_Check_Bin_01_k119_158026:3-190576	1	190574	10	848	0.444972	0.00444972	36.8	42
DAS_Check_Bin_01_k119_45347:194-20015	1	19822	1	91	0.459086	0.00459086	35.8	0
NODE_10_length_44613_cov_10.908120	1	44613	521	25561	57.295	1.01526	36.2	0.994
NODE_13_length_36623_cov_12.491687	1	36623	318	19085	52.1121	0.764629	36.8	0.984
NODE_14_length_36060_cov_13.057825	1	36060	5399	35814	99.3178	12.9793	36.1	1
NODE_16_length_35370_cov_4.255189	1	35370	622	27081	76.5649	1.54286	36.8	0.981
NODE_18_length_31157_cov_3.163269	1	31157	3571	30994	99.4768	10.1277	36.9	0.989
NODE_22_length_23860_cov_5.129553	1	23860	931	21935	91.9321	3.41396	36.3	4.7
NODE_25_length_23308_cov_5.171419	1	23308	27	2216	9.50747	0.101124	36.4	1
NODE_28_length_21720_cov_3.485299	1	21720	1389	21214	97.6703	5.35493	35.3	0.992
NODE_38_length_13971_cov_7.375898	1	13971	12023	13951	99.8568	76.425	37.2	0.983
NODE_39_length_13673_cov_7.531429	1	13673	1381	13598	99.4515	9.02326	37.5	2.55
NODE_86_length_6245_cov_8.653635	1	6245	420	6191	99.1353	5.76205	35.9	0.993
NODE_88_length_6209_cov_8.324829	1	6209	181	5436	87.5503	2.48784	35.6	0.994
NODE_96_length_5842_cov_1098.051840	1	5842	816	5698	97.5351	12.177	36.3	1.06
NODE_99_length_5721_cov_1061.804977	1	5721	240071	5721	100	3645.97	36.2	41.6
NODE_102_length_5581_cov_15638.208288	1	5581	149062	5578	99.9462	2332.13	36.5	0.987
NODE_104_length_5514_cov_1878.878732	1	5514	988	5429	98.4585	15.6569	36.2	1.15
NODE_105_length_5492_cov_29.344308	1	5492	1	91	1.65696	0.0165696	35	1
NODE_109_length_5407_cov_11252.763079	1	5407	7402	5405	99.963	120.49	36.5	1.31
NODE_120_length_5084_cov_34199.553390	1	5084	1739227	5084	100	30139.4	36.8	1.02
NODE_2_length_172485_cov_32.775068	1	172485	33403	172257	99.8678	17.2258	37.4	1.63
NODE_6_length_61068_cov_9.739465	1	61068	7186	61025	99.9296	10.4024	37	1.09
NODE_7_length_58087_cov_6.947994	1	58087	3405	56350	97.0097	5.18646	37	1
NODE_11_length_41469_cov_25.463877	1	41469	9237	41409	99.8553	19.6576	36.9	1.3
NODE_12_length_40031_cov_3.840454	1	40031	4564	40031	100	10.114	37.1	41.5
NODE_17_length_37325_cov_319.259539	1	37325	70938	37325	100	169.229	37.4	0.982
NODE_19_length_36060_cov_32.684877	1	36060	5499	35962	99.7282	13.2332	36.1	0.992
NODE_23_length_32292_cov_5.397959	1	32292	916	28625	88.6442	2.45677	36.2	0.985
NODE_24_length_31545_cov_5.801683	1	31545	5662	31503	99.8669	14.9138	34.9	26.2
NODE_28_length_27475_cov_4.040518	1	27475	1353	26606	96.8371	4.21707	35.6	2.86
NODE_30_length_25734_cov_5.275400	1	25734	533	20202	78.5031	1.8413	37.2	1.15
NODE_31_length_25359_cov_5.009406	1	25359	979	24015	94.7001	3.4264	37.1	0.991
NODE_41_length_22305_cov_25.908899	1	22305	4822	22283	99.9014	18.6149	35.9	2.03
NODE_42_length_22193_cov_5.490695	1	22193	3927	22193	100	15.2261	36	41.5
NODE_48_length_18890_cov_3.341333	1	18890	959	18544	98.1683	4.46517	36.7	0.994
NODE_52_length_17580_cov_3.189843	1	17580	589	15965	90.8134	2.87088	35.6	0.986
NODE_214_length_6245_cov_8.318255	1	6245	419	6141	98.3347	5.76301	36	0.995
NODE_217_length_6209_cov_8.798343	1	6209	160	5390	86.8095	2.19923	35.1	1
NODE_258_length_5581_cov_2813.330800	1	5581	187776	5581	100	2942.68	36.4	2.06
NODE_262_length_5514_cov_38.326067	1	5514	1339	5508	99.8912	21.1357	36.2	0.994
NODE_268_length_5407_cov_226.692078	1	5407	8027	5403	99.926	130.773	36.6	0.992
NODE_292_length_5084_cov_88208.156095	1	5084	1758460	5084	100	30473.6	36.8	1.04
NODE_7_length_46020_cov_16.937757	1	46020	119	8459	18.3811	0.227857	37	0.975
NODE_9_length_43915_cov_6.954241	1	43915	512	25297	57.6045	1.00451	36.2	0.994
NODE_10_length_38461_cov_14.877649	1	38461	151	10580	27.5084	0.345987	36.6	17.3
NODE_12_length_36623_cov_10.841993	1	36623	345	19961	54.504	0.8321	36.8	0.983
NODE_16_length_25443_cov_3.831850	1	25443	408	18505	72.7312	1.41143	36.9	0.988
NODE_25_length_21201_cov_4.167171	1	21201	839	18780	88.5807	3.46418	36.2	1.01
NODE_34_length_13780_cov_2.793515	1	13780	10	792	5.74746	0.0633527	36.6	1
NODE_39_length_12439_cov_7.203731	1	12439	12172	12438	99.992	86.9778	37.3	3.72
NODE_72_length_6209_cov_12.989275	1	6209	242	5866	94.4758	3.30263	35	0.988
NODE_76_length_5842_cov_1509.613790	1	5842	789	5746	98.3567	11.7497	36.3	0.995
NODE_87_length_5402_cov_34.239200	1	5402	2	180	3.3321	0.033321	36.1	1
NODE_89_length_5277_cov_5.447721	1	5277	25	1813	34.3566	0.415577	36.4	1
NODE_4_length_238892_cov_6.753413	1	238892	8223	203920	85.3607	3.02538	36.6	18.9
NODE_5_length_189738_cov_6.430987	1	189738	9645	175550	92.5223	4.47286	36.7	32.2
NODE_10_length_119230_cov_6.136941	1	119230	3908	107237	89.9413	2.88157	36.6	1.2
NODE_12_length_90299_cov_8.811644	1	90299	212	13671	15.1397	0.20678	37.5	41.7
NODE_13_length_76125_cov_44.994597	1	76125	78970	76123	99.9974	92.2995	37.3	0.982
NODE_18_length_62590_cov_137.633981	1	62590	18796	62386	99.6741	25.8462	35.8	41.6
NODE_20_length_55983_cov_7.738449	1	55983	70	5256	9.38856	0.108461	36.1	24.8
NODE_23_length_52152_cov_8.571204	1	52152	3	266	0.510048	0.005158	37.8	28
NODE_24_length_47733_cov_200.310583	1	47733	1406	42266	88.5467	2.61324	37.2	2.18
NODE_27_length_46064_cov_34.699428	1	46064	93	6277	13.6267	0.17734	36.8	0.989
NODE_32_length_43849_cov_21.327442	1	43849	756	32393	73.874	1.53132	36.9	1.04
NODE_34_length_42243_cov_6.125960	1	42243	699	28379	67.1804	1.46467	37	0.986
NODE_40_length_37489_cov_12.035128	1	37489	2571	37318	99.5439	5.77569	35.2	0.994
NODE_41_length_37113_cov_5.778240	1	37113	1032	32188	86.7297	2.40026	36	0.99
NODE_44_length_36060_cov_186.741564	1	36060	5638	35789	99.2485	13.5478	36.1	0.989
NODE_57_length_28964_cov_3.647964	1	28964	211	12772	44.0961	0.631957	36.4	42
NODE_58_length_28915_cov_2.851594	1	28915	143	9755	33.7368	0.431437	36.9	0.986
NODE_61_length_27709_cov_4.008787	1	27709	1371	26187	94.5072	4.24566	35.8	1.19
NODE_63_length_26925_cov_11.515333	1	26925	859	23762	88.2526	2.72513	35.4	1.71
NODE_64_length_26668_cov_4.755420	1	26668	145	9032	33.8683	0.464227	35.6	1.41
NODE_66_length_25532_cov_5.218589	1	25532	6640	25452	99.6867	22.96	36.8	1.68
NODE_69_length_23559_cov_18.031867	1	23559	3430	23532	99.8854	12.6832	36.2	14.3
NODE_71_length_22160_cov_3.786655	1	22160	61	4514	20.37	0.242825	36.9	1.2
NODE_86_length_17581_cov_4.636540	1	17581	26	2165	12.3144	0.131107	37.3	35.6
NODE_94_length_15427_cov_6.269321	1	15427	1107	15057	97.6016	5.97816	34.8	41.7
NODE_95_length_15356_cov_3.584733	1	15356	809	14213	92.5567	4.50423	35.4	13
NODE_165_length_6963_cov_2699.768674	1	6963	5862	6959	99.9426	74.6342	37.2	1.03
NODE_180_length_6209_cov_8.318817	1	6209	219	5466	88.0335	2.96988	35.3	0.995
NODE_194_length_5842_cov_59.714187	1	5842	1862	5833	99.8459	28.1508	36.5	5.84
NODE_205_length_5514_cov_740.579227	1	5514	934	5293	95.992	14.8536	36.3	1.06
NODE_209_length_5407_cov_424.684417	1	5407	7827	5402	99.9075	127.395	36.6	0.996
NODE_212_length_5277_cov_13.385101	1	5277	33	2298	43.5475	0.544059	36.2	1
NODE_213_length_5084_cov_56753.835156	1	5084	1873125	5084	100	32418.3	36.8	0.994
NODE_3_length_160031_cov_246.186322	1	160031	21055	159628	99.7482	11.7052	37.5	1.01
NODE_4_length_135187_cov_5.588891	1	135187	2441	102501	75.8216	1.58336	36.6	1.03
NODE_11_length_82624_cov_5.458404	1	82624	2310	71748	86.8368	2.44843	36.6	0.987
NODE_20_length_47234_cov_31.155747	1	47234	9615	47182	99.8899	17.6597	36.1	2.88
NODE_22_length_45867_cov_5.463743	1	45867	577	29219	63.7038	1.09105	36.1	1.03
NODE_24_length_43860_cov_6.177765	1	43860	603	28949	66.0032	1.19642	36.1	41.4
NODE_25_length_43849_cov_10.709458	1	43849	764	33093	75.4704	1.54181	37	0.978
NODE_27_length_42291_cov_8.031513	1	42291	642	27820	65.7823	1.34579	37	0.983
NODE_30_length_41337_cov_7.787607	1	41337	1105	35404	85.6472	2.32564	36.1	0.993
NODE_33_length_39957_cov_24.373239	1	39957	10391	39386	98.571	22.8195	36.4	4.45
NODE_34_length_38904_cov_21.835774	1	38904	71705	38869	99.91	164.06	37.4	0.983
NODE_37_length_37729_cov_6.620083	1	37729	29	2356	6.24453	0.0670042	35.9	0.931
NODE_38_length_37629_cov_17.014451	1	37629	2750	37014	98.3656	6.14776	35.2	0.987
NODE_42_length_35867_cov_6.690467	1	35867	293	14869	41.4559	0.692865	35.3	41.9
NODE_43_length_35817_cov_5.543007	1	35817	776	29095	81.2324	1.90848	36.7	8.6
NODE_46_length_35128_cov_9.695264	1	35128	3255	34769	98.978	8.16249	36.7	29.3
NODE_47_length_34443_cov_6.100820	1	34443	48	4074	11.8282	0.124147	38.4	42
NODE_49_length_32550_cov_5.505924	1	32550	1160	28900	88.7865	3.05444	35.5	13.9
NODE_72_length_21497_cov_3.547617	1	21497	213	11674	54.3053	0.868912	36.3	40.8
NODE_77_length_19576_cov_17.607807	1	19576	2054	19501	99.6169	9.08327	36.2	8.71
NODE_103_length_15861_cov_5.174997	1	15861	306	11804	74.4215	1.72064	37.4	41.2
NODE_210_length_6209_cov_9.798343	1	6209	198	5670	91.3191	2.66549	35	0.98
NODE_235_length_5514_cov_1351.351346	1	5514	881	5446	98.7668	13.9304	36.3	0.994
NODE_243_length_5277_cov_12.775565	1	5277	20	1458	27.6293	0.33447	36.6	1
NODE_249_length_5084_cov_78920.386956	1	5084	1874753	5084	100	32457.1	36.7	0.994
NODE_1_length_164730_cov_5.305092	1	164730	7306	153373	93.1057	3.89587	36.6	19.4
NODE_2_length_124404_cov_11.033221	1	124404	2644	103389	83.1075	1.90091	37.7	1.75
NODE_4_length_117427_cov_5.768318	1	117427	1836	82612	70.3518	1.37658	36.6	1.02
NODE_8_length_96678_cov_134.288192	1	96678	9362	96405	99.7176	8.60757	37.5	0.979
NODE_28_length_43893_cov_22.428281	1	43893	731	32035	72.9843	1.47326	36.9	0.989
NODE_29_length_42291_cov_14.926058	1	42291	653	28668	67.7875	1.37351	37.1	0.986
NODE_33_length_37337_cov_16.555415	1	37337	9048	37307	99.9197	20.9787	36.1	2.3
NODE_34_length_37325_cov_110.555514	1	37325	70905	37325	100	169.069	37.4	0.982
NODE_36_length_36495_cov_5.297722	1	36495	26	2217	6.0748	0.0629675	37	1
NODE_38_length_36114_cov_4.509720	1	36114	7505	36044	99.8062	18.4253	37.1	0.987
NODE_39_length_36060_cov_13.462408	1	36060	5522	35860	99.4454	13.2643	36.1	1.01
NODE_48_length_30963_cov_4.644332	1	30963	139	8330	26.9031	0.4029	37.9	3.19
NODE_54_length_29179_cov_6.736266	1	29179	286	15468	53.0107	0.864423	36.9	0.983
NODE_66_length_21974_cov_4.464985	1	21974	1549	21702	98.7622	5.91663	35.3	0.992
NODE_181_length_6454_cov_8661.914049	1	6454	2709882	6454	100	37196.9	36.9	13.2
NODE_228_length_5277_cov_15.499043	1	5277	20	1351	25.6017	0.322911	35.7	1
NODE_232_length_5084_cov_53965.325313	1	5084	1852975	5084	100	32065.8	36.7	0.993
NODE_2_length_164227_cov_5.664328	1	164227	3636	130675	79.5697	1.94699	36.6	0.988
NODE_17_length_61395_cov_5.757956	1	61395	1480	50236	81.8243	2.12428	36.6	1.06
NODE_26_length_47746_cov_5.112222	1	47746	375	17172	35.9653	0.705106	37.9	21.9
NODE_31_length_42291_cov_15.102069	1	42291	611	28763	68.0121	1.28252	37	0.984
NODE_44_length_30436_cov_7.486422	1	30436	140	9702	31.8767	0.413392	38.1	41.2
NODE_48_length_29632_cov_4.402171	1	29632	2157	29256	98.7311	6.1414	35.2	1.07
NODE_50_length_28964_cov_4.022381	1	28964	19	1624	5.60696	0.0581066	37	1
NODE_51_length_27921_cov_3.034092	1	27921	364	17773	63.6546	1.13893	36.2	0.992
NODE_55_length_25017_cov_5.657880	1	25017	1106	23171	92.621	3.82924	36.3	1.5
NODE_56_length_24833_cov_5.809872	1	24833	225	13358	53.7913	0.804413	36.7	0.969
NODE_97_length_12527_cov_5.050513	1	12527	475	10850	86.6129	3.39818	37.7	3.21
NODE_176_length_5514_cov_454.349698	1	5514	921	5381	97.588	14.5181	36.3	0.993
NODE_184_length_5277_cov_11.715818	1	5277	22	1548	29.3348	0.361948	36	0.909
NODE_193_length_5034_cov_15.769632	1	5034	192606	5034	100	3308.67	36	19
NODE_1_length_114607_cov_10.147007	1	114607	26743	114532	99.9346	20.7331	37.4	0.984
NODE_4_length_36816_cov_7.960991	1	36816	976	30896	83.92	2.28958	36.1	0.988
NODE_5_length_36230_cov_4.885114	1	36230	156	9719	26.8258	0.375159	36.8	41.5
NODE_10_length_27385_cov_7.189535	1	27385	62342	27348	99.8649	202.74	37.4	0.983
NODE_11_length_26673_cov_11.045683	1	26673	3312	26614	99.7788	10.7451	36	0.985
NODE_20_length_17239_cov_6.178596	1	17239	476	13586	78.8097	2.39295	36	0.998
NODE_86_length_6209_cov_9.690445	1	6209	212	5980	96.3118	2.87889	35	0.981
NODE_113_length_5514_cov_54.894486	1	5514	1436	5511	99.9456	22.6768	36.1	1.52
NODE_124_length_5277_cov_25.805247	1	5277	38	2474	46.8827	0.62725	36.2	1
NODE_1_length_167064_cov_31.023334	1	167064	21	1852	1.10856	0.0110856	36.1	1
NODE_7_length_61042_cov_7.357896	1	61042	7101	61013	99.9525	10.2677	37	1.12
NODE_11_length_50106_cov_8.639548	1	50106	1299	42904	85.6265	2.25031	36.1	1.39
NODE_13_length_47685_cov_12.449024	1	47685	1362	41971	88.0172	2.53933	37.2	0.995
NODE_14_length_46328_cov_8.666393	1	46328	120	8885	19.1785	0.224357	36.3	0.925
NODE_26_length_33164_cov_59.471171	1	33164	71	4097	12.3538	0.192136	38	0.873
NODE_27_length_32852_cov_6.310150	1	32852	1156	29131	88.6734	3.0694	36.3	0.987
NODE_109_length_6469_cov_258.754599	1	6469	105081	6469	100	1430.92	36.9	0.981
NODE_117_length_6209_cov_39356.593760	1	6209	202	5634	90.7392	2.78563	35.3	0.99
NODE_131_length_5556_cov_340.263043	1	5556	3517	5554	99.964	54.8364	36	0.941
NODE_139_length_5354_cov_334.782412	1	5354	98099	5354	100	1588.57	36.1	0.958
NODE_147_length_5084_cov_13961.725393	1	5084	1548740	5084	100	26791.2	36.7	0.992
NODE_3_length_123329_cov_12.346099	1	123329	2515	98244	79.6601	1.82162	37.7	0.985
NODE_6_length_84822_cov_16.799037	1	84822	13	902	1.0634	0.0135342	35.9	7.31
NODE_7_length_82293_cov_17.234271	1	82293	11	860	1.04505	0.0104505	33.6	1
NODE_13_length_50138_cov_17.827646	1	50138	1294	42239	84.2455	2.23519	36.1	1.53
NODE_22_length_41227_cov_3.669387	1	41227	2639	40799	98.9618	5.66221	36.9	0.986
NODE_34_length_29970_cov_6.653919	1	29970	43	3345	11.1612	0.123524	36.4	0.977
NODE_35_length_29279_cov_5.928107	1	29279	87	5284	18.0471	0.266095	38.3	0.713
NODE_36_length_28663_cov_6.412088	1	28663	63	4695	16.38	0.19199	36.7	0.984
NODE_39_length_25023_cov_3.154598	1	25023	4	355	1.41869	0.0141869	37.4	1
NODE_41_length_24643_cov_3.795713	1	24643	2	119	0.482896	0.00482896	33.2	1
NODE_42_length_24457_cov_5.553315	1	24457	2941	24431	99.8937	10.4877	36.3	0.982
NODE_46_length_21332_cov_3.397377	1	21332	633	18313	85.8476	2.53994	35.7	0.995
NODE_52_length_17163_cov_9.937398	1	17163	19	1636	9.53213	0.095904	35.5	0.947
NODE_119_length_6469_cov_423.735111	1	6469	104935	6469	100	1428.95	36.9	0.982
NODE_133_length_5840_cov_3038.520311	1	5840	336	5215	89.2979	4.99503	35.9	1.44
NODE_140_length_5469_cov_7.356114	1	5469	9827	5469	100	148.91	34.6	41.9
NODE_1_length_157272_cov_245.867635	1	157272	16986	152565	97.0071	9.62335	37.5	0.991
NODE_3_length_116508_cov_7.831949	1	116508	7	606	0.520136	0.00520136	35.7	1
NODE_5_length_78818_cov_6.835964	1	78818	836	39262	49.8135	0.927288	36.5	26.7
NODE_8_length_61519_cov_6.420002	1	61519	89	7244	11.7752	0.12718	36.5	1
NODE_11_length_55539_cov_10.359851	1	55539	7	636	1.14514	0.0114514	37.4	12.7
NODE_12_length_54742_cov_5.935359	1	54742	771	31611	57.7454	1.23492	36.5	6.63
NODE_15_length_49707_cov_409.118646	1	49707	54	4041	8.12964	0.0867282	34.8	7.85
NODE_19_length_46049_cov_20.145976	1	46049	377	21498	46.6851	0.7183	36.7	0.981
NODE_31_length_37539_cov_17.903879	1	37539	1189	32653	86.9842	2.76393	36.4	1.08
NODE_32_length_37308_cov_5.588865	1	37308	149	10667	28.5917	0.353302	36.9	2.1
NODE_38_length_34710_cov_5.008022	1	34710	1801	33024	95.1426	4.45143	35.7	0.989
NODE_39_length_34383_cov_15.503059	1	34383	885	27970	81.3483	2.24477	36.2	13.4
NODE_40_length_33198_cov_25.854600	1	33198	11	875	2.6357	0.0279836	36	0.636
NODE_41_length_33019_cov_71.818742	1	33019	10	856	2.59245	0.0267422	36.6	1
NODE_42_length_30783_cov_6.353228	1	30783	118	8392	27.2618	0.338109	36.8	1
NODE_43_length_30206_cov_3.324367	1	30206	33	2783	9.2134	0.0964709	36.4	40.9
NODE_51_length_25704_cov_4.962455	1	25704	47	3814	14.8382	0.157446	35.8	0.979
NODE_60_length_19783_cov_3.659621	1	19783	50	2565	12.9657	0.226204	37.6	0.6
NODE_68_length_16862_cov_6.336764	1	16862	126	6531	38.7321	0.616475	35.2	2.33
NODE_157_length_6469_cov_65.568288	1	6469	104407	6469	100	1421.52	36.9	0.981
NODE_186_length_5556_cov_469.135975	1	5556	3501	5551	99.91	54.4888	36	0.937
NODE_193_length_5407_cov_407.749626	1	5407	4332	5365	99.2232	70.1777	36.4	1.01
NODE_194_length_5354_cov_104.200415	1	5354	102070	5354	100	1651.05	36	0.919
NODE_196_length_5277_cov_172.009958	1	5277	18	1152	21.8306	0.299981	36.6	0.944
NODE_4_length_95966_cov_30.590652	1	95966	3046	84350	87.8957	2.78858	36.8	3.57
NODE_6_length_82210_cov_5.532554	1	82210	14	1162	1.41345	0.014244	35.7	1
NODE_11_length_50594_cov_377.385821	1	50594	49	3607	7.1293	0.0801874	34.4	2.57
NODE_15_length_36350_cov_5.563659	1	36350	1074	32397	89.1252	2.6088	37.1	0.989
NODE_16_length_36268_cov_5.202911	1	36268	350	18663	51.4586	0.84325	36.7	1
NODE_17_length_36060_cov_30.766366	1	36060	4890	35556	98.6023	11.7298	36.1	0.991
NODE_22_length_25354_cov_3.861378	1	25354	373	18339	72.3318	1.29029	36.9	0.984
NODE_25_length_22867_cov_5.385543	1	22867	587	19777	86.4871	2.25736	36.6	0.983
NODE_4_length_50595_cov_67.659972	1	50595	34	2672	5.28115	0.0565669	34.7	1
NODE_9_length_29359_cov_4.137114	1	29359	35	2606	8.87632	0.102081	35.3	0.829
NODE_22_length_12612_cov_2.735526	1	12612	77	4263	33.8011	0.506026	35.3	0.987
NODE_3_length_50595_cov_82.409794	1	50595	52	3876	7.66084	0.0884672	35	0.981
NODE_5_length_44363_cov_4.177530	1	44363	40	3129	7.05317	0.0753556	35.3	1.18
NODE_7_length_36147_cov_14.136346	1	36147	5168	35399	97.9307	12.3582	36.1	1.23
NODE_18_length_15213_cov_9.438580	1	15213	40	2765	18.1752	0.229935	35.5	42
NODE_47_length_5840_cov_40.463440	1	5840	281	4952	84.7945	4.12466	36	0.993
NODE_51_length_5556_cov_13.876568	1	5556	3546	5552	99.928	55.2662	36	0.946
NODE_57_length_5407_cov_151.267377	1	5407	4595	5356	99.0568	74.4977	36.5	0.99
NODE_62_length_5084_cov_1208.538278	1	5084	1554173	5084	100	26889.8	36.7	0.992
NODE_2_length_148288_cov_23.186888	1	148288	19	1036	0.69864	0.0112754	37.6	3.37
NODE_6_length_84805_cov_14.802077	1	84805	12	950	1.12022	0.0121455	36.8	1
NODE_24_length_41128_cov_5.105933	1	41128	59	4427	10.764	0.12162	35.9	0.915
NODE_25_length_41104_cov_10.069039	1	41104	36	2854	6.94336	0.0771458	36.5	0.917
NODE_35_length_36642_cov_6.903080	1	36642	299	18322	50.0027	0.713662	36.9	0.997
NODE_42_length_32103_cov_4.370444	1	32103	238	3835	11.9459	0.653148	36.4	38
NODE_45_length_29051_cov_4.288419	1	29051	531	21658	74.5517	1.61072	36.9	0.985
NODE_51_length_25928_cov_4.825185	1	25928	71	3706	14.2934	0.24433	38.1	1.51
NODE_54_length_22851_cov_9.800140	1	22851	1617	22239	97.3218	6.13627	36.2	1.06
NODE_102_length_12697_cov_5.155751	1	12697	11432	12692	99.9606	79.8899	37.2	1.93
NODE_209_length_6209_cov_65496.679721	1	6209	198	5669	91.3029	2.6745	35.2	1.1
NODE_235_length_5556_cov_134.878749	1	5556	3588	5556	100	55.8495	35.9	0.944
NODE_249_length_5277_cov_379.647453	1	5277	21	1530	28.9937	0.341103	36.2	1
NODE_4_length_133646_cov_16.294571	1	133646	428	21917	16.3993	0.2792	36.6	1.34
NODE_7_length_115553_cov_35.746429	1	115553	33	1617	1.39936	0.0255208	37.7	0.788
NODE_18_length_57319_cov_76.520624	1	57319	14	1184	2.06563	0.0214065	36.1	0.857
NODE_24_length_50596_cov_1234.024079	1	50596	36	2787	5.50834	0.0607953	35	0.972
NODE_35_length_43849_cov_26.763073	1	43849	677	29707	67.7484	1.36851	36.9	0.988
NODE_38_length_43069_cov_9.555959	1	43069	222	14804	34.3728	0.456384	36.8	1.33
NODE_49_length_38057_cov_4.796748	1	38057	1202	22382	58.8118	2.78319	36.9	12.2
NODE_51_length_37849_cov_4.749140	1	37849	622	26423	69.8116	1.46228	37	0.992
NODE_53_length_36807_cov_5.676671	1	36807	37	2925	7.94686	0.0835167	35.5	13.2
NODE_61_length_31489_cov_8.070020	1	31489	1105	28873	91.6923	3.10375	37	0.985
NODE_63_length_27891_cov_6.995761	1	27891	7	237	0.849736	0.0204726	35.3	2.43
NODE_64_length_27677_cov_8.435522	1	27677	6	448	1.61867	0.0161867	34.7	0.667
NODE_69_length_26777_cov_5.823441	1	26777	2134	26496	98.9506	6.7108	35.2	1.68
NODE_76_length_25339_cov_4.381387	1	25339	44	3396	13.4023	0.153084	36.7	1
NODE_77_length_25099_cov_4.340960	1	25099	277	13836	55.1257	0.969282	36.3	2.8
NODE_78_length_24488_cov_6.858102	1	24488	156	8898	36.3362	0.547533	36.1	41.7
NODE_80_length_24274_cov_3.099385	1	24274	61	4427	18.2376	0.217723	35.6	40.2
NODE_86_length_22502_cov_3.552991	1	22502	3	273	1.21323	0.0121323	37.2	0
NODE_101_length_17827_cov_4.586484	1	17827	1734	17588	98.6593	8.22247	35.2	1.88
NODE_110_length_17112_cov_3.368119	1	17112	15	1190	6.95418	0.0781323	35.9	1
NODE_229_length_6678_cov_5.842066	1	6678	5252	6678	100	69.7948	37.2	1.08
NODE_261_length_5874_cov_27.383915	1	5874	103278	5867	99.8808	1524.55	36.1	0.925
NODE_4_length_127150_cov_117.090247	1	127150	2576	99386	78.1644	1.81076	37.7	0.983
NODE_7_length_88941_cov_46.993812	1	88941	42	2003	2.25205	0.041713	37.7	9.33
NODE_11_length_72839_cov_23.773563	1	72839	7223	71266	97.8404	8.56317	36	41.7
NODE_21_length_59130_cov_12.292323	1	59130	3060	56328	95.2613	4.56968	37	1
NODE_23_length_57177_cov_114.389377	1	57177	11	925	1.61778	0.0174546	37.5	1
NODE_28_length_50596_cov_1491.292179	1	50596	42	3285	6.49261	0.0706973	34.5	1
NODE_30_length_49587_cov_4.531979	1	49587	11	983	1.98237	0.0198237	36.7	1
NODE_35_length_46803_cov_6.051467	1	46803	127	7725	16.5054	0.236011	36.6	0.969
NODE_36_length_46752_cov_29.126753	1	46752	66	5478	11.7171	0.124209	36.1	0.924
NODE_39_length_43620_cov_4.962217	1	43620	132	10129	23.221	0.266667	36.6	1
NODE_45_length_40665_cov_4.748239	1	40665	729	29780	73.2325	1.57829	36.7	0.99
NODE_50_length_39226_cov_10.101606	1	39226	93	6874	17.5241	0.209147	37	40.8
NODE_56_length_37457_cov_9.262072	1	37457	1546	33915	90.5438	3.60032	36.3	3.32
NODE_58_length_37241_cov_46.337493	1	37241	37	2739	7.3548	0.0882629	36.5	1.73
NODE_60_length_36992_cov_10.212497	1	36992	1978	35280	95.372	4.73083	37.1	19.8
NODE_64_length_33972_cov_8.070260	1	33972	445	14721	43.3327	1.15975	36.8	33.8
NODE_68_length_32950_cov_15.789907	1	32950	63	4903	14.8801	0.168134	36	0.937
NODE_75_length_29643_cov_5.344836	1	29643	394	20378	68.7447	1.18986	37.9	41.4
NODE_76_length_29309_cov_5.208553	1	29309	304	16632	56.7471	0.902385	36.2	10.8
NODE_77_length_28348_cov_7.729650	1	28348	880	16337	57.6302	2.73984	37	0.889
NODE_80_length_27821_cov_14.253908	1	27821	2238	27358	98.3358	6.96312	36.2	2.34
NODE_90_length_25254_cov_6.697329	1	25254	22	1831	7.25034	0.0760672	35.8	1
NODE_92_length_24473_cov_5.235728	1	24473	69	4721	19.2906	0.242594	36.2	0.986
NODE_107_length_20703_cov_32.120399	1	20703	2015	20656	99.773	8.37589	36	0.979
NODE_119_length_18951_cov_5.567686	1	18951	45	3483	18.379	0.209593	36.7	0.956
NODE_127_length_17877_cov_5.437717	1	17877	117	7213	40.3479	0.567936	36.4	42
NODE_337_length_5407_cov_169.755419	1	5407	4734	5318	98.354	76.9079	36.5	0.992
NODE_345_length_5277_cov_154.251628	1	5277	25	1848	35.0199	0.39928	35.9	1
NODE_17_length_37229_cov_5.527304	1	37229	7275	37016	99.4279	17.2789	37	1.05
NODE_35_length_16708_cov_7.810064	1	16708	87	4684	28.0345	0.434283	35.3	1.37
NODE_79_length_6268_cov_7.561404	1	6268	413	6104	97.3835	5.73261	36.1	0.995
NODE_1_length_167064_cov_29.887916	1	167064	19	1618	0.968491	0.0100441	35.1	0.895
NODE_2_length_128004_cov_9.723710	1	128004	13990	123664	96.6095	9.74084	37.5	0.985
NODE_9_length_50597_cov_221.425567	1	50597	46	3648	7.20991	0.0780086	35.3	1
NODE_15_length_44579_cov_4.400862	1	44579	8	632	1.41771	0.0147379	34.3	1
NODE_25_length_26906_cov_5.574876	1	26906	35	2956	10.9864	0.112131	35.8	1
NODE_81_length_6245_cov_24.756704	1	6245	397	5937	95.0681	5.47974	36.2	0.997
NODE_98_length_5354_cov_128.256463	1	5354	103416	5354	100	1674.59	36.1	0.923
NODE_14_length_82374_cov_240.205894	1	82374	13	1124	1.36451	0.0136451	35.4	1
NODE_21_length_64073_cov_37.552313	1	64073	10	743	1.15961	0.0133129	34.4	10.2
NODE_22_length_61496_cov_10.163685	1	61496	154	10887	17.7036	0.220291	36.6	0.987
NODE_27_length_56163_cov_10.570810	1	56163	309	19761	35.1851	0.481313	36.4	1.27
NODE_34_length_49123_cov_12.946462	1	49123	3176	46888	95.4502	5.55648	35.8	18.3
NODE_35_length_48678_cov_17.660634	1	48678	2	181	0.371831	0.00371831	34.9	1
NODE_36_length_48286_cov_161.551720	1	48286	142	8993	18.6244	0.262188	37.8	6.56
NODE_41_length_46049_cov_22.527873	1	46049	344	21615	46.9391	0.652045	36.7	0.977
NODE_42_length_46014_cov_7.064688	1	46014	540	26973	58.6191	1.0336	36.6	1.39
NODE_44_length_45313_cov_24.797539	1	45313	66	5143	11.3499	0.127778	36.2	0.97
NODE_45_length_44530_cov_6.085261	1	44530	1067	25678	57.6645	1.96555	34.8	5.14
NODE_54_length_41545_cov_23.951314	1	41545	9305	41416	99.6895	19.8848	37.1	2.25
NODE_56_length_41017_cov_5.694693	1	41017	1349	36818	89.7628	2.76524	35.2	41.8
NODE_58_length_39387_cov_195.566714	1	39387	8715	38900	98.7636	19.3371	36.3	0.999
NODE_66_length_37340_cov_6.786992	1	37340	650	27147	72.7022	1.55284	37.5	1.74
NODE_74_length_32607_cov_43.428176	1	32607	7	537	1.64689	0.0164689	35.5	0.714
NODE_76_length_32402_cov_4.278047	1	32402	156	10391	32.069	0.417875	36.7	1.49
NODE_85_length_29888_cov_3.843428	1	29888	106	8138	27.2283	0.316749	37.4	1
NODE_86_length_29401_cov_5.339501	1	29401	275	14069	47.8521	0.790789	35.5	6.87
NODE_90_length_26510_cov_4.099074	1	26510	114	7693	29.0192	0.377782	36.5	0.991
NODE_91_length_25386_cov_3.813628	1	25386	1223	23946	94.3276	4.11199	35.7	0.975
NODE_98_length_23399_cov_4.973441	1	23399	271	14313	61.1693	1.01047	36.5	1
NODE_99_length_23338_cov_3.337113	1	23338	1057	22572	96.7178	4.0072	37.2	1.4
NODE_100_length_23190_cov_23.457402	1	23190	5	403	1.73782	0.0173782	36	0.4
NODE_102_length_22820_cov_4.048935	1	22820	76	5668	24.8379	0.292945	36.4	0.987
NODE_103_length_22548_cov_3.955764	1	22548	1	91	0.403583	0.00403583	39.6	1
NODE_122_length_18523_cov_15.849144	1	18523	34	2541	13.7181	0.156184	35.8	1
NODE_137_length_15986_cov_191.716590	1	15986	1214	15152	94.7829	6.78625	37.6	4.53
NODE_142_length_15505_cov_266.883107	1	15505	1137	14773	95.2789	6.39303	36.3	7.16
NODE_394_length_5277_cov_264.588280	1	5277	26	1585	30.036	0.419367	36	1
NODE_2_length_111600_cov_9.640486	1	111600	2208	89161	79.8934	1.76498	37.6	0.988
NODE_9_length_45523_cov_3.740213	1	45523	1	91	0.199899	0.00199899	35.1	1
NODE_11_length_38676_cov_4.256959	1	38676	69	4577	11.8342	0.156376	36.3	0.986
NODE_14_length_36134_cov_22.605782	1	36134	5109	35553	98.3921	12.2456	36.1	0.989
NODE_16_length_32623_cov_3.888142	1	32623	889	27215	83.4227	2.42016	37.2	0.987
NODE_23_length_22286_cov_4.358508	1	22286	351	16758	75.1952	1.38688	36.7	0.991
NODE_25_length_20188_cov_3.698455	1	20188	1456	19654	97.3549	6.21607	36.1	1
NODE_50_length_10983_cov_6.236914	1	10983	1020	10674	97.1866	8.09487	36.4	1.01
NODE_97_length_5840_cov_82.570614	1	5840	282	4712	80.6849	4.15942	35.9	0.986
NODE_1_length_291783_cov_17.309309	1	291783	31	1658	0.568231	0.00858857	35.1	0.258
NODE_2_length_224719_cov_12.772874	1	224719	2	181	0.080545	0.00080545	37.7	1
NODE_5_length_146551_cov_138.816527	1	146551	4518	126141	86.0731	2.70623	36.7	1.07
NODE_9_length_107083_cov_7.960225	1	107083	2126	83684	78.1487	1.77381	37.8	0.968
NODE_18_length_51491_cov_4.309861	1	51491	982	38750	75.2559	1.68208	36.8	1.58
NODE_23_length_46505_cov_8.013886	1	46505	110	8464	18.2002	0.206816	36.1	1.4
NODE_28_length_40659_cov_13.346394	1	40659	109	7577	18.6355	0.235323	36.6	1
NODE_34_length_37084_cov_5.937697	1	37084	485	23345	62.9517	1.15023	36.7	0.821
NODE_37_length_29802_cov_5.098867	1	29802	425	20950	70.2973	1.26092	36.8	0.995
NODE_39_length_28630_cov_5.069326	1	28630	168	10615	37.0765	0.51729	36.3	0.827
NODE_44_length_27445_cov_5.378131	1	27445	260	14765	53.7985	0.845254	36.7	0.988
NODE_46_length_25582_cov_5.547381	1	25582	26	2101	8.21281	0.083418	35.6	0.923
NODE_48_length_24386_cov_133.440549	1	24386	21067	24195	99.2168	76.3765	36.9	41.6
NODE_60_length_14961_cov_14.778747	1	14961	2	180	1.20313	0.0120313	32	42
NODE_63_length_14529_cov_5.416955	1	14529	81	4769	32.824	0.478285	35.3	1.37
NODE_85_length_9810_cov_429.929062	1	9810	1212738	9808	99.9796	10945.3	36.9	5.84
NODE_122_length_6209_cov_70622.697433	1	6209	208	5707	91.915	2.86971	35.2	0.986
NODE_136_length_5744_cov_864.749341	1	5744	99125	5739	99.913	1495.9	36.1	1.13
NODE_147_length_5556_cov_89.738411	1	5556	3559	5552	99.928	55.3018	35.9	0.949
NODE_1_length_224519_cov_7.116856	1	224519	8	669	0.29797	0.00323358	35.8	1
NODE_2_length_167110_cov_64.689713	1	167110	16	1284	0.768356	0.00768356	35	1
NODE_4_length_142877_cov_8.785747	1	142877	1	85	0.0594917	0.000594917	30.9	1
NODE_5_length_139191_cov_8.620788	1	139191	17	992	0.71269	0.0109131	35.6	0.471
NODE_21_length_49714_cov_4.278741	1	49714	824	35371	71.149	1.45524	36.7	0.983
NODE_26_length_46532_cov_8.982421	1	46532	654	29360	63.0964	1.23416	36.6	0.818
NODE_28_length_46427_cov_14.788256	1	46427	79	6295	13.5589	0.147996	36.3	0.962
NODE_29_length_46367_cov_11.001188	1	46367	86	6510	14.0402	0.160567	35.7	0.942
NODE_30_length_46266_cov_83.710480	1	46266	2	162	0.350149	0.00350149	34	1
NODE_31_length_43850_cov_11.756000	1	43850	741	33401	76.171	1.4857	36.9	1
NODE_32_length_43436_cov_7.077891	1	43436	82	6344	14.6054	0.165324	36.4	1.99
NODE_35_length_40899_cov_23.333831	1	40899	52	4140	10.1225	0.111885	36.7	1.75
NODE_46_length_36623_cov_13.706793	1	36623	371	20252	55.2986	0.893346	36.5	0.989
NODE_49_length_32431_cov_3.692241	1	32431	7225	32425	99.9815	19.7904	37.1	0.985
NODE_53_length_30710_cov_4.642636	1	30710	2	182	0.592641	0.00592641	35.9	42
NODE_54_length_30192_cov_5.904702	1	30192	4	346	1.146	0.01146	34.2	1
NODE_55_length_29701_cov_27.068205	1	29701	49	3627	12.2117	0.145652	37.2	27
NODE_56_length_28912_cov_8.397962	1	28912	780	23380	80.8661	2.29413	35.6	10.9
NODE_58_length_27890_cov_4.360841	1	27890	1154	25129	90.1004	3.61951	36.4	1
NODE_60_length_25063_cov_6.534149	1	25063	1938	24725	98.6514	6.52532	35.2	0.993
NODE_87_length_14015_cov_251.795559	1	14015	325	11021	78.6372	2.07585	37.7	1.63
NODE_173_length_6469_cov_774.838478	1	6469	104276	6469	100	1419.62	36.9	0.982
NODE_218_length_5084_cov_12194.464307	1	5084	1556491	5084	100	26915.4	36.7	0.994
NODE_4_length_149990_cov_22.694054	1	149990	3423	124923	83.2876	2.04182	37.8	10.6
NODE_11_length_90295_cov_118.359719	1	90295	2207	71581	79.2746	2.14932	36.7	1.04
NODE_14_length_82304_cov_225.187151	1	82304	20	1523	1.85046	0.0192457	33.9	1
NODE_17_length_66579_cov_12.543699	1	66579	3375	62963	94.5689	4.48371	37	1.23
NODE_33_length_48678_cov_22.032392	1	48678	3	272	0.558774	0.00558774	36.8	1
NODE_34_length_48295_cov_29.851223	1	48295	107	7541	15.6145	0.189688	35.5	7.76
NODE_39_length_46496_cov_26.700803	1	46496	88	6997	15.0486	0.164229	36.3	0.898
NODE_40_length_46294_cov_8.238197	1	46294	230	14866	32.1122	0.430898	36.2	9.52
NODE_44_length_45871_cov_5.078160	1	45871	563	28926	63.0594	1.069	36.1	0.995
NODE_49_length_42667_cov_9.849948	1	42667	188	13073	30.6396	0.390606	37.1	41.1
NODE_52_length_42307_cov_7.097250	1	42307	618	27804	65.7196	1.29286	37	0.992
NODE_54_length_41741_cov_10.161829	1	41741	196	13202	31.6284	0.408447	36.6	1.05
NODE_55_length_41584_cov_17.221676	1	41584	8367	41411	99.584	17.769	36.9	1.06
NODE_65_length_38961_cov_7.399476	1	38961	699	26326	67.5701	1.59526	37.5	1.69
NODE_66_length_38717_cov_7.546868	1	38717	889	22542	58.2225	1.91203	34.9	1.22
NODE_68_length_38440_cov_54.510460	1	38440	2	182	0.473465	0.00473465	34.7	1
NODE_69_length_37272_cov_3.102802	1	37272	1826	35217	94.4865	4.18437	35.6	12.1
NODE_76_length_34918_cov_18.678370	1	34918	145	9690	27.7507	0.356263	35.7	5.78
NODE_77_length_34914_cov_4.634499	1	34914	4	362	1.03683	0.0103683	37.1	42
NODE_78_length_34810_cov_11.848741	1	34810	63	3952	11.3531	0.160069	38	0.714
NODE_82_length_32967_cov_14.811011	1	32967	2406	32649	99.0354	6.14505	35.2	1.05
NODE_84_length_32573_cov_4.820715	1	32573	723	25446	78.1199	1.89322	35.6	41.8
NODE_85_length_32529_cov_5.865646	1	32529	147	10676	32.8199	0.400473	36.8	2.14
NODE_86_length_32364_cov_4.582315	1	32364	452	21382	66.0672	1.23662	36.7	11
NODE_87_length_32215_cov_15.592506	1	32215	6	496	1.53966	0.0153966	33.8	1
NODE_88_length_32149_cov_48.332741	1	32149	1208	29332	91.2377	3.28299	36.4	1.47
NODE_89_length_31829_cov_62.477403	1	31829	4062	31198	98.0175	10.8516	35.3	24.6
NODE_90_length_31247_cov_3.493845	1	31247	7	587	1.87858	0.020386	37.6	12.7
NODE_92_length_30284_cov_3.410831	1	30284	87	7004	23.1277	0.253467	37.1	14.7
NODE_98_length_27642_cov_3.629318	1	27642	74	5407	19.5608	0.234969	36.1	0.986
NODE_99_length_27136_cov_4.809424	1	27136	88	6766	24.9337	0.284419	36.7	1.68
NODE_103_length_25437_cov_4.427586	1	25437	274	13746	54.0394	0.912136	35.4	1
NODE_110_length_22758_cov_8.333524	1	22758	2	91	0.399859	0.00711838	36.7	0.5
NODE_114_length_22362_cov_39.010266	1	22362	16	1128	5.04427	0.0637242	36.4	1
NODE_119_length_21232_cov_24.778675	1	21232	37	2728	12.8485	0.149256	36.2	0.73
NODE_120_length_20547_cov_20.156207	1	20547	3640	20183	98.2285	15.0856	35.5	41
NODE_181_length_12451_cov_62.323975	1	12451	306	10226	82.1299	2.19862	37.6	0.964
NODE_214_length_10360_cov_3.570597	1	10360	152	6631	64.0058	1.27114	35.9	42
NODE_309_length_6605_cov_445.087328	1	6605	101188	6605	100	1327.62	36.1	1.56
NODE_390_length_5581_cov_3.514839	1	5581	150125	5581	100	2351.37	36.5	1.02
DAS_Check_Bin_07_k119_159765:247-42184	1	41938	0	0	0	0	0	0
NODE_15_length_35381_cov_29.469003	1	35381	0	0	0	0	0	0
NODE_11_length_37351_cov_3.546841	1	37351	0	0	0	0	0	0
NODE_14_length_35381_cov_20.886033	1	35381	0	0	0	0	0	0
NODE_57_length_7439_cov_2.481446	1	7439	0	0	0	0	0	0
NODE_113_length_12763_cov_3.351196	1	12763	0	0	0	0	0	0
NODE_203_length_5535_cov_3.585219	1	5535	0	0	0	0	0	0
NODE_29_length_31681_cov_4.792196	1	31681	0	0	0	0	0	0
NODE_32_length_29822_cov_3.040481	1	29822	0	0	0	0	0	0
NODE_37_length_23975_cov_6.355811	1	23975	0	0	0	0	0	0
NODE_79_length_8516_cov_194.794823	1	8516	0	0	0	0	0	0
NODE_17_length_47511_cov_6.251033	1	47511	0	0	0	0	0	0
NODE_24_length_39433_cov_10.753847	1	39433	0	0	0	0	0	0
NODE_96_length_11662_cov_7.022019	1	11662	0	0	0	0	0	0
NODE_137_length_7399_cov_2.692266	1	7399	0	0	0	0	0	0
NODE_164_length_6286_cov_3.027283	1	6286	0	0	0	0	0	0
NODE_23_length_41397_cov_28.250593	1	41397	0	0	0	0	0	0
NODE_47_length_27680_cov_4.110081	1	27680	0	0	0	0	0	0
NODE_158_length_8436_cov_3.682138	1	8436	0	0	0	0	0	0
NODE_42_length_41397_cov_33.888709	1	41397	0	0	0	0	0	0
NODE_192_length_8422_cov_5.291144	1	8422	0	0	0	0	0	0
NODE_40_length_43084_cov_6.633898	1	43084	0	0	0	0	0	0
NODE_59_length_37102_cov_7.659028	1	37102	0	0	0	0	0	0
NODE_98_length_23476_cov_4.904359	1	23476	0	0	0	0	0	0
NODE_118_length_18955_cov_3.719365	1	18955	0	0	0	0	0	0
NODE_66_length_7415_cov_2.395924	1	7415	0	0	0	0	0	0
NODE_29_length_50686_cov_11.681381	1	50686	0	0	0	0	0	0
NODE_50_length_42455_cov_9.957995	1	42455	0	0	0	0	0	0
NODE_286_length_7396_cov_5.191118	1	7396	0	0	0	0	0	0
NODE_12_length_38621_cov_4.452264	1	38621	0	0	0	0	0	0
NODE_42_length_27529_cov_6.863980	1	27529	0	0	0	0	0	0
NODE_91_length_8647_cov_3.054702	1	8647	0	0	0	0	0	0
NODE_38_length_39875_cov_5.639704	1	39875	0	0	0	0	0	0
NODE_101_length_12031_cov_26.306363	1	12031	0	0	0	0	0	0
NODE_153_length_7396_cov_5.593380	1	7396	0	0	0	0	0	0
NODE_28_length_50686_cov_13.389939	1	50686	0	0	0	0	0	0
NODE_94_length_29316_cov_3.978435	1	29316	0	0	0	0	0	0
NODE_278_length_7396_cov_6.279662	1	7396	0	0	0	0	0	0
NODE_286_length_7275_cov_4.567867	1	7275	0	0	0	0	0	0
