#rname	startpos	endpos	numreads	covbases	coverage	meandepth	meanbaseq	meanmapq
DAS_Check_Bin_09_k119_41989:3-49450	1	45022	11352	44638	99.1471	21.8278	36	41.7
NODE_39_length_37768_cov_25.508657	1	35529	593	26352	74.1704	1.4496	36.4	0.983
NODE_68_length_36781_cov_8.797283	1	22515	530	18898	83.9352	2.05681	36.3	2.8
NODE_18_length_65286_cov_9.613313	1	61998	3868	60696	97.8999	5.43126	36.3	1
DAS_Check_Bin_01_k119_158026:3-190576	1	190574	24	2132	1.11873	0.0111873	36.4	41.2
DAS_Check_Bin_01_k119_45347:194-20015	1	19822	4	278	1.40248	0.0182121	36.9	9.75
NODE_10_length_44613_cov_10.908120	1	44613	1013	36049	80.8038	1.95349	35.9	0.988
NODE_13_length_36623_cov_12.491687	1	36623	2246	36077	98.5091	5.3693	36.5	0.99
NODE_14_length_36060_cov_13.057825	1	36060	32880	36006	99.8502	78.6091	35.9	0.996
NODE_16_length_35370_cov_4.255189	1	35370	1978	34866	98.5751	4.89833	36.6	0.99
NODE_18_length_31157_cov_3.163269	1	31157	40854	31152	99.984	115.41	36.7	0.988
NODE_22_length_23860_cov_5.129553	1	23860	59	4413	18.4954	0.217645	36.3	8.63
NODE_25_length_23308_cov_5.171419	1	23308	82	6313	27.0851	0.304702	35.8	1
NODE_28_length_21720_cov_3.485299	1	21720	127	8305	38.2366	0.491667	35	1
NODE_38_length_13971_cov_7.375898	1	13971	34696	13957	99.8998	219.505	37	0.985
NODE_39_length_13673_cov_7.531429	1	13673	2960	13492	98.6762	19.2349	37.2	1.15
NODE_88_length_6209_cov_8.324829	1	6209	1860230	6209	100	26279.1	36.5	0.994
NODE_96_length_5842_cov_1098.051840	1	5842	4347	5508	94.2828	63.6847	35.8	1.04
NODE_109_length_5407_cov_11252.763079	1	5407	7442	5236	96.8374	120.26	36.3	0.994
NODE_120_length_5084_cov_34199.553390	1	5084	146100	5084	100	2516.44	36.5	0.995
NODE_2_length_172485_cov_32.775068	1	172485	236079	170825	99.0376	121.467	37.2	0.992
NODE_6_length_61068_cov_9.739465	1	61068	83710	61063	99.9918	120.774	36.8	1.04
NODE_7_length_58087_cov_6.947994	1	58087	11057	57989	99.8313	16.7845	36.8	0.99
NODE_11_length_41469_cov_25.463877	1	41469	6265	40900	98.6279	13.3128	36.7	1.02
NODE_12_length_40031_cov_3.840454	1	40031	364	16772	41.8975	0.794459	36.3	37.6
NODE_17_length_37325_cov_319.259539	1	37325	444	21177	56.7368	1.04914	37.1	0.986
NODE_19_length_36060_cov_32.684877	1	36060	33192	35978	99.7726	79.3764	35.9	0.993
NODE_23_length_32292_cov_5.397959	1	32292	538	22831	70.7017	1.44243	35.9	0.993
NODE_24_length_31545_cov_5.801683	1	31545	170	10912	34.5919	0.425107	34.1	18.9
NODE_28_length_27475_cov_4.040518	1	27475	76	5683	20.6843	0.235632	35.3	1.26
NODE_30_length_25734_cov_5.275400	1	25734	713	22236	86.4071	2.46542	36.8	0.99
NODE_31_length_25359_cov_5.009406	1	25359	1017	23806	93.8759	3.53914	36.8	0.992
NODE_41_length_22305_cov_25.908899	1	22305	1066	20935	93.8579	4.06644	35.6	1.92
NODE_42_length_22193_cov_5.490695	1	22193	1147	18973	85.4909	4.45622	35.7	38
NODE_48_length_18890_cov_3.341333	1	18890	70	1139	6.02965	0.314399	36.1	0.229
NODE_52_length_17580_cov_3.189843	1	17580	26	2048	11.6496	0.126166	35.7	0.846
NODE_217_length_6209_cov_8.798343	1	6209	1801257	6209	100	25452.8	36.5	0.995
NODE_268_length_5407_cov_226.692078	1	5407	8475	5350	98.9458	137.325	36.3	0.995
NODE_292_length_5084_cov_88208.156095	1	5084	158344	4987	98.0921	2726.7	36.5	0.994
NODE_9_length_43915_cov_6.954241	1	43915	994	35562	80.9792	1.95869	35.8	0.987
NODE_10_length_38461_cov_14.877649	1	38461	2293	37591	97.738	5.21544	36.4	17.9
NODE_11_length_37351_cov_3.546841	1	37351	2	182	0.487269	0.00487269	35	1
NODE_12_length_36623_cov_10.841993	1	36623	2304	35829	97.832	5.52877	36.6	0.988
NODE_16_length_25443_cov_3.831850	1	25443	1165	24390	95.8613	4.02806	36.7	0.991
NODE_25_length_21201_cov_4.167171	1	21201	51	3832	18.0746	0.20367	36	1
NODE_34_length_13780_cov_2.793515	1	13780	229	10207	74.0711	1.4307	35.8	0.996
NODE_39_length_12439_cov_7.203731	1	12439	30984	12439	100	220.546	37.1	1.19
NODE_72_length_6209_cov_12.989275	1	6209	1821640	6209	100	25734.9	36.5	0.994
NODE_76_length_5842_cov_1509.613790	1	5842	3985	5530	94.6594	58.3651	35.8	0.993
NODE_89_length_5277_cov_5.447721	1	5277	2908	5276	99.981	47.7586	36	0.994
NODE_4_length_238892_cov_6.753413	1	238892	1277	68830	28.8122	0.465809	36.4	20.5
NODE_5_length_189738_cov_6.430987	1	189738	1812	80479	42.4159	0.836854	36.3	32.9
NODE_10_length_119230_cov_6.136941	1	119230	756	45907	38.5029	0.556076	36.3	1.04
NODE_12_length_90299_cov_8.811644	1	90299	3460	80956	89.6533	3.39986	37.3	41.8
NODE_13_length_76125_cov_44.994597	1	76125	14866	61272	80.4887	17.2839	36.9	0.989
NODE_18_length_62590_cov_137.633981	1	62590	2486	54763	87.4948	3.40208	35.6	37.8
NODE_20_length_55983_cov_7.738449	1	55983	669	27164	48.5219	1.03381	36.1	20.8
NODE_23_length_52152_cov_8.571204	1	52152	13	1160	2.22427	0.0222427	35.8	22.8
NODE_24_length_47733_cov_200.310583	1	47733	9230	47607	99.736	17.138	37	1.14
NODE_27_length_46064_cov_34.699428	1	46064	1	91	0.197551	0.00197551	34.7	0
NODE_32_length_43849_cov_21.327442	1	43849	2239	42884	97.7993	4.50081	36.6	0.99
NODE_34_length_42243_cov_6.125960	1	42243	1004	35509	84.0589	2.08979	36.8	0.991
NODE_40_length_37489_cov_12.035128	1	37489	247	15166	40.4545	0.544746	35.1	0.976
NODE_41_length_37113_cov_5.778240	1	37113	634	27785	74.8659	1.46949	35.8	0.991
NODE_44_length_36060_cov_186.741564	1	36060	32980	36020	99.8891	78.7777	35.9	0.993
NODE_57_length_28964_cov_3.647964	1	28964	447	18634	64.335	1.34412	36.1	41.8
NODE_58_length_28915_cov_2.851594	1	28915	6979	28886	99.8997	21.1437	36.5	0.989
NODE_61_length_27709_cov_4.008787	1	27709	1583	26977	97.3583	4.91205	35.7	1.13
NODE_63_length_26925_cov_11.515333	1	26925	75	5585	20.7428	0.243417	35.6	2.33
NODE_64_length_26668_cov_4.755420	1	26668	1654	24414	91.5479	5.27745	35.3	1.03
NODE_66_length_25532_cov_5.218589	1	25532	4454	25372	99.3733	15.3391	36.7	1.04
NODE_69_length_23559_cov_18.031867	1	23559	1892	23237	98.6332	6.94877	36	10.7
NODE_71_length_22160_cov_3.786655	1	22160	1037	21233	95.8168	4.11652	36.6	0.993
NODE_86_length_17581_cov_4.636540	1	17581	10	672	3.82231	0.0510779	37.6	3.1
NODE_94_length_15427_cov_6.269321	1	15427	175	9097	58.968	0.941077	34.7	42
NODE_95_length_15356_cov_3.584733	1	15356	441	12497	81.3819	2.41059	35.2	3.07
NODE_113_length_12763_cov_3.351196	1	12763	18	1373	10.7577	0.121602	35.9	20.8
NODE_165_length_6963_cov_2699.768674	1	6963	15854	6958	99.9282	200.665	36.9	1.1
NODE_180_length_6209_cov_8.318817	1	6209	1823417	6209	100	25760.9	36.5	0.995
NODE_194_length_5842_cov_59.714187	1	5842	7821	5730	98.0828	115.787	36	1.48
NODE_209_length_5407_cov_424.684417	1	5407	8872	5319	98.3725	143.624	36.3	0.996
NODE_212_length_5277_cov_13.385101	1	5277	2803	5264	99.7536	46.1359	36	0.995
NODE_213_length_5084_cov_56753.835156	1	5084	153074	5084	100	2634.57	36.5	0.995
NODE_3_length_160031_cov_246.186322	1	160031	207410	159430	99.6244	115.054	37.3	1.01
NODE_4_length_135187_cov_5.588891	1	135187	268	17071	12.6277	0.173678	36.6	0.993
NODE_11_length_82624_cov_5.458404	1	82624	254	15700	19.0017	0.270067	36.3	0.85
NODE_20_length_47234_cov_31.155747	1	47234	1927	40996	86.7934	3.5264	36	3.44
NODE_22_length_45867_cov_5.463743	1	45867	1169	38276	83.45	2.19007	35.8	0.984
NODE_24_length_43860_cov_6.177765	1	43860	2	182	0.414957	0.00414957	36.9	42
NODE_25_length_43849_cov_10.709458	1	43849	2228	42292	96.4492	4.48092	36.6	0.991
NODE_27_length_42291_cov_8.031513	1	42291	994	35053	82.8852	2.07777	36.8	0.993
NODE_30_length_41337_cov_7.787607	1	41337	563	26102	63.1444	1.17815	35.8	0.996
NODE_33_length_39957_cov_24.373239	1	39957	76197	39957	100	166.268	36.1	1.18
NODE_34_length_38904_cov_21.835774	1	38904	846	24774	63.6798	1.91757	37	0.986
NODE_37_length_37729_cov_6.620083	1	37729	575	26920	71.351	1.3399	36.6	0.979
NODE_38_length_37629_cov_17.014451	1	37629	237	14478	38.4756	0.521725	35	0.987
NODE_42_length_35867_cov_6.690467	1	35867	2393	30790	85.8449	5.60287	35.2	41.9
NODE_43_length_35817_cov_5.543007	1	35817	284	17089	47.712	0.703828	36.7	6.35
NODE_46_length_35128_cov_9.695264	1	35128	897	4392	12.5028	2.25461	36.4	30.3
NODE_47_length_34443_cov_6.100820	1	34443	104	7026	20.3989	0.268734	37.9	41.2
NODE_49_length_32550_cov_5.505924	1	32550	92	6036	18.5438	0.241444	35.2	20.2
NODE_72_length_21497_cov_3.547617	1	21497	325	14011	65.1765	1.31307	36.2	41.3
NODE_77_length_19576_cov_17.607807	1	19576	1428	19155	97.8494	6.28479	35.9	8.58
NODE_210_length_6209_cov_9.798343	1	6209	1834757	6209	100	25936.4	36.5	0.994
NODE_243_length_5277_cov_12.775565	1	5277	2785	5272	99.9052	45.7874	36.1	0.994
NODE_249_length_5084_cov_78920.386956	1	5084	153246	5084	100	2639.24	36.5	0.995
NODE_1_length_164730_cov_5.305092	1	164730	1127	67216	40.8037	0.597153	36.2	10.6
NODE_2_length_124404_cov_11.033221	1	124404	14733	124058	99.7219	10.5387	37.4	1.01
NODE_4_length_117427_cov_5.768318	1	117427	160	10490	8.93321	0.119572	36.4	0.981
NODE_8_length_96678_cov_134.288192	1	96678	110149	95657	98.9439	101.197	37.3	0.987
NODE_28_length_43893_cov_22.428281	1	43893	2190	42850	97.6238	4.38842	36.7	1.09
NODE_29_length_42291_cov_14.926058	1	42291	958	35059	82.8994	2.00783	36.7	0.99
NODE_33_length_37337_cov_16.555415	1	37337	1721	32644	87.4307	3.98875	35.9	2.06
NODE_34_length_37325_cov_110.555514	1	37325	501	21759	58.296	1.19303	36.9	0.974
NODE_36_length_36495_cov_5.297722	1	36495	669	29147	79.8657	1.59255	36.5	0.99
NODE_38_length_36114_cov_4.509720	1	36114	13621	36051	99.8256	33.3865	36.9	0.99
NODE_39_length_36060_cov_13.462408	1	36060	33117	36028	99.9113	79.1845	35.9	0.994
NODE_48_length_30963_cov_4.644332	1	30963	14291	19603	63.311	41.1474	37.8	1.3
NODE_54_length_29179_cov_6.736266	1	29179	1787	28632	98.1254	5.38857	36.6	0.993
NODE_66_length_21974_cov_4.464985	1	21974	115	6869	31.2597	0.437563	35.2	1
NODE_181_length_6454_cov_8661.914049	1	6454	303	2334	36.1636	4.09219	36.5	1.26
NODE_228_length_5277_cov_15.499043	1	5277	2765	5273	99.9242	45.4525	36	0.994
NODE_232_length_5084_cov_53965.325313	1	5084	151663	5084	100	2609	36.5	0.995
NODE_2_length_164227_cov_5.664328	1	164227	642	39308	23.9352	0.342228	36.4	0.97
NODE_17_length_61395_cov_5.757956	1	61395	215	12956	21.1027	0.307549	36.2	0.763
NODE_26_length_47746_cov_5.112222	1	47746	13146	33604	70.3808	24.624	37.8	3.56
NODE_31_length_42291_cov_15.102069	1	42291	1019	35031	82.8332	2.12085	36.7	0.986
NODE_44_length_30436_cov_7.486422	1	30436	2	182	0.597976	0.00597976	38.1	8
NODE_48_length_29632_cov_4.402171	1	29632	190	11927	40.2504	0.540092	35.2	1
NODE_50_length_28964_cov_4.022381	1	28964	530	22969	79.3019	1.60527	36.5	0.983
NODE_51_length_27921_cov_3.034092	1	27921	612	22597	80.9319	1.89452	35.8	0.992
NODE_55_length_25017_cov_5.657880	1	25017	2634	24806	99.1566	9.12835	36.1	0.992
NODE_56_length_24833_cov_5.809872	1	24833	1704	24458	98.4899	6.02694	36.5	0.99
NODE_97_length_12527_cov_5.050513	1	12527	457	11225	89.6065	3.24451	37.5	1.6
NODE_184_length_5277_cov_11.715818	1	5277	2820	5276	99.981	46.3828	36	0.995
NODE_193_length_5034_cov_15.769632	1	5034	1312	4953	98.3909	22.5221	35.9	2.75
NODE_1_length_114607_cov_10.147007	1	114607	176139	114313	99.7435	136.305	37.2	0.988
NODE_4_length_36816_cov_7.960991	1	36816	527	24724	67.1556	1.2421	36	0.991
NODE_5_length_36230_cov_4.885114	1	36230	1	75	0.207011	0.00207011	33.2	42
NODE_10_length_27385_cov_7.189535	1	27385	509	20101	73.4015	1.64261	36.9	0.986
NODE_11_length_26673_cov_11.045683	1	26673	758	23718	88.9214	2.44997	35.8	0.992
NODE_20_length_17239_cov_6.178596	1	17239	215	10620	61.6045	1.0645	35.4	0.977
NODE_86_length_6209_cov_9.690445	1	6209	1835677	6209	100	25940.2	36.5	0.994
NODE_124_length_5277_cov_25.805247	1	5277	2794	5275	99.9621	46.0125	36	0.997
NODE_1_length_167064_cov_31.023334	1	167064	10012	162175	97.0736	5.30105	37	0.988
NODE_7_length_61042_cov_7.357896	1	61042	84113	61038	99.9934	121.263	36.7	1.11
NODE_11_length_50106_cov_8.639548	1	50106	692	31960	63.7848	1.17243	35.6	1.43
NODE_13_length_47685_cov_12.449024	1	47685	10065	47487	99.5848	18.6497	37	0.994
NODE_14_length_46328_cov_8.666393	1	46328	1185	39498	85.2573	2.21356	35.9	1.18
NODE_26_length_33164_cov_59.471171	1	33164	74307	33146	99.9457	200.004	37.7	0.986
NODE_27_length_32852_cov_6.310150	1	32852	3757	32658	99.4095	9.93936	36.2	0.991
NODE_29_length_31681_cov_4.792196	1	31681	550	23006	72.6177	1.49661	35.7	1.03
NODE_32_length_29822_cov_3.040481	1	29822	2445	28924	96.9888	6.89578	35.2	12.9
NODE_37_length_23975_cov_6.355811	1	23975	4799	23952	99.9041	17.3776	36.2	0.991
NODE_79_length_8516_cov_194.794823	1	8516	3265	8508	99.9061	34.2853	37.7	0.987
NODE_109_length_6469_cov_258.754599	1	6469	2474	6464	99.9227	33.8745	36.8	0.992
NODE_117_length_6209_cov_39356.593760	1	6209	1809308	6209	100	25550	36.5	0.995
NODE_131_length_5556_cov_340.263043	1	5556	16640	5556	100	257.892	35.8	0.999
NODE_139_length_5354_cov_334.782412	1	5354	2758	5349	99.9066	44.4111	35.8	0.996
NODE_147_length_5084_cov_13961.725393	1	5084	221757	5084	100	3826.87	36.6	0.995
NODE_3_length_123329_cov_12.346099	1	123329	14927	123127	99.8362	10.7709	37.5	0.988
NODE_6_length_84822_cov_16.799037	1	84822	16195	84789	99.9611	16.9244	37.2	1.57
NODE_7_length_82293_cov_17.234271	1	82293	2933	74402	90.4111	3.04088	35.5	0.992
NODE_13_length_50138_cov_17.827646	1	50138	774	34922	69.6518	1.34092	35.8	1.37
NODE_17_length_47511_cov_6.251033	1	47511	841	35156	73.9955	1.51344	35.5	0.988
NODE_22_length_41227_cov_3.669387	1	41227	8791	41184	99.8957	18.739	36.7	0.99
NODE_24_length_39433_cov_10.753847	1	39433	9917	39433	100	21.9331	36.2	22.5
NODE_34_length_29970_cov_6.653919	1	29970	421	20137	67.1905	1.21301	35.9	0.974
NODE_35_length_29279_cov_5.928107	1	29279	763	26108	89.1697	2.33727	37.7	1.05
NODE_36_length_28663_cov_6.412088	1	28663	667	23614	82.385	2.0276	36.2	0.985
NODE_39_length_25023_cov_3.154598	1	25023	3707	24910	99.5484	12.8998	36.2	0.987
NODE_41_length_24643_cov_3.795713	1	24643	668	21664	87.9114	2.28958	35.1	0.993
NODE_42_length_24457_cov_5.553315	1	24457	664	20328	83.1173	2.33614	35.9	0.979
NODE_46_length_21332_cov_3.397377	1	21332	203	11738	55.0253	0.826833	35.5	0.99
NODE_52_length_17163_cov_9.937398	1	17163	302	12844	74.8354	1.50376	35.8	1
NODE_119_length_6469_cov_423.735111	1	6469	2458	6459	99.8454	33.4302	36.7	0.989
NODE_133_length_5840_cov_3038.520311	1	5840	34193	5840	100	512.278	36.2	3.64
NODE_140_length_5469_cov_7.356114	1	5469	3256	5469	100	47.0064	33.7	41.9
NODE_1_length_157272_cov_245.867635	1	157272	259830	157272	100	146.718	37.3	1.44
NODE_3_length_116508_cov_7.831949	1	116508	6447	112984	96.9753	4.90448	37	1
NODE_5_length_78818_cov_6.835964	1	78818	9490	77065	97.7759	10.5195	36.3	27.1
NODE_8_length_61519_cov_6.420002	1	61519	4278	60495	98.3355	6.04732	36.2	1.05
NODE_11_length_55539_cov_10.359851	1	55539	7363	55539	100	11.5609	36.2	4.82
NODE_12_length_54742_cov_5.935359	1	54742	3851	53701	98.0984	6.16209	36.5	15.5
NODE_15_length_49707_cov_409.118646	1	49707	268914	49706	99.998	470.188	36.1	3.92
NODE_19_length_46049_cov_20.145976	1	46049	10719	46036	99.9718	20.4463	36.5	0.99
NODE_31_length_37539_cov_17.903879	1	37539	4323	37483	99.8508	9.98002	36.2	1.37
NODE_32_length_37308_cov_5.588865	1	37308	1980	36578	98.0433	4.66235	36.5	2.07
NODE_38_length_34710_cov_5.008022	1	34710	2070	34375	99.0349	5.10173	35.6	0.993
NODE_39_length_34383_cov_15.503059	1	34383	9538	34383	100	24.1578	36.2	11.3
NODE_40_length_33198_cov_25.854600	1	33198	6814	33162	99.8916	18.0361	36.6	1.14
NODE_41_length_33019_cov_71.818742	1	33019	26088	32980	99.8819	68.8846	36.1	1.22
NODE_42_length_30783_cov_6.353228	1	30783	1396	29743	96.6215	3.98844	36.5	1.08
NODE_43_length_30206_cov_3.324367	1	30206	3097	30206	100	8.96375	36.4	41.7
NODE_51_length_25704_cov_4.962455	1	25704	684	22089	85.936	2.30991	35.9	1.09
NODE_60_length_19783_cov_3.659621	1	19783	501	17545	88.6873	2.25492	37.6	0.986
NODE_68_length_16862_cov_6.336764	1	16862	1153	16686	98.9562	5.81675	35.2	3.61
NODE_96_length_11662_cov_7.022019	1	11662	2435	11650	99.8971	18.488	36.9	41.8
NODE_137_length_7399_cov_2.692266	1	7399	138	5707	77.132	1.66198	37.1	1.59
NODE_157_length_6469_cov_65.568288	1	6469	2529	6466	99.9536	34.4724	36.7	0.991
NODE_164_length_6286_cov_3.027283	1	6286	568	6265	99.6659	7.96659	36.6	41.9
NODE_186_length_5556_cov_469.135975	1	5556	16530	5556	100	255.835	35.8	0.998
NODE_193_length_5407_cov_407.749626	1	5407	14848	5407	100	240.571	36.3	1.54
NODE_194_length_5354_cov_104.200415	1	5354	2723	5351	99.944	43.9199	35.8	0.995
NODE_196_length_5277_cov_172.009958	1	5277	2856	5270	99.8673	47.0119	36.1	0.998
NODE_4_length_95966_cov_30.590652	1	95966	67498	95952	99.9854	61.6649	36.6	3.58
NODE_6_length_82210_cov_5.532554	1	82210	2935	75042	91.2809	3.05203	35.5	1.03
NODE_11_length_50594_cov_377.385821	1	50594	291794	50594	100	505.171	36.4	1.24
NODE_15_length_36350_cov_5.563659	1	36350	7426	36345	99.9862	18.0236	36.9	1.01
NODE_16_length_36268_cov_5.202911	1	36268	2260	35831	98.7951	5.44841	36.4	0.99
NODE_17_length_36060_cov_30.766366	1	36060	37095	36058	99.9945	88.7283	35.9	0.993
NODE_22_length_25354_cov_3.861378	1	25354	1143	24826	97.9175	3.9563	36.6	0.991
NODE_25_length_22867_cov_5.385543	1	22867	6978	22843	99.895	26.6597	36.3	0.994
NODE_4_length_50595_cov_67.659972	1	50595	288208	50595	100	498.937	36.4	0.99
NODE_9_length_29359_cov_4.137114	1	29359	121966	29357	99.9932	361.887	36.2	1.31
NODE_22_length_12612_cov_2.735526	1	12612	529	11537	91.4764	3.5004	35	1.22
NODE_3_length_50595_cov_82.409794	1	50595	286823	50595	100	496.512	36.4	0.991
NODE_5_length_44363_cov_4.177530	1	44363	245909	44361	99.9955	481.911	36.1	1.28
NODE_7_length_36147_cov_14.136346	1	36147	37800	36142	99.9862	90.1187	35.9	1.22
NODE_18_length_15213_cov_9.438580	1	15213	11616	15213	100	67.4178	36.9	41.7
NODE_47_length_5840_cov_40.463440	1	5840	25683	5840	100	382.338	36	1.42
NODE_51_length_5556_cov_13.876568	1	5556	16643	5556	100	258.042	35.8	0.996
NODE_57_length_5407_cov_151.267377	1	5407	13982	5402	99.9075	226.419	36.3	1.02
NODE_62_length_5084_cov_1208.538278	1	5084	223946	5084	100	3865.5	36.5	0.995
NODE_2_length_148288_cov_23.186888	1	148288	2064	95860	64.6445	1.2373	37.5	13.2
NODE_6_length_84805_cov_14.802077	1	84805	15806	84793	99.9858	16.5405	37.2	1.03
NODE_23_length_41397_cov_28.250593	1	41397	178	13324	32.1859	0.383796	38	0.972
NODE_24_length_41128_cov_5.105933	1	41128	565	27680	67.3021	1.18715	35.8	0.996
NODE_25_length_41104_cov_10.069039	1	41104	8771	40997	99.7397	18.6771	36.5	1.13
NODE_35_length_36642_cov_6.903080	1	36642	2253	35990	98.2206	5.37506	36.4	0.985
NODE_42_length_32103_cov_4.370444	1	32103	945	27739	86.4063	2.56842	36.6	41.3
NODE_45_length_29051_cov_4.288419	1	29051	681	24040	82.751	2.08031	36.9	0.985
NODE_47_length_27680_cov_4.110081	1	27680	457	18983	68.5802	1.41918	35.8	0.989
NODE_51_length_25928_cov_4.825185	1	25928	701	23716	91.4687	2.41087	37.7	0.984
NODE_54_length_22851_cov_9.800140	1	22851	1422	21834	95.5494	5.3413	35.9	0.956
NODE_102_length_12697_cov_5.155751	1	12697	37942	12695	99.9842	263.9	37	4.49
NODE_158_length_8436_cov_3.682138	1	8436	3131	8398	99.5495	33.2002	37.8	0.987
NODE_209_length_6209_cov_65496.679721	1	6209	1813075	6209	100	25612.4	36.5	0.997
NODE_235_length_5556_cov_134.878749	1	5556	16232	5556	100	251.209	35.7	0.996
NODE_249_length_5277_cov_379.647453	1	5277	2756	5274	99.9431	45.4834	36.1	0.993
NODE_4_length_133646_cov_16.294571	1	133646	4359	119376	89.3225	2.85778	36.4	16.9
NODE_7_length_115553_cov_35.746429	1	115553	1615	72555	62.7894	1.24153	37.5	0.991
NODE_18_length_57319_cov_76.520624	1	57319	577	30004	52.3456	0.877074	36.2	0.948
NODE_24_length_50596_cov_1234.024079	1	50596	285943	50596	100	495.188	36.4	0.99
NODE_35_length_43849_cov_26.763073	1	43849	2201	42708	97.3979	4.42512	36.7	0.989
NODE_38_length_43069_cov_9.555959	1	43069	1923	41078	95.3772	3.90441	36.4	1.08
NODE_42_length_41397_cov_33.888709	1	41397	175	13121	31.6955	0.378312	37.6	0.937
NODE_49_length_38057_cov_4.796748	1	38057	303	18297	48.0779	0.7051	36.9	15.2
NODE_51_length_37849_cov_4.749140	1	37849	937	30515	80.623	2.1939	36.8	0.988
NODE_53_length_36807_cov_5.676671	1	36807	244	13309	36.1589	0.555791	35.3	24.9
NODE_61_length_31489_cov_8.070020	1	31489	1209	29795	94.6203	3.3848	36.8	0.991
NODE_63_length_27891_cov_6.995761	1	27891	921	23792	85.3035	2.88935	36.4	15.6
NODE_64_length_27677_cov_8.435522	1	27677	952	24590	88.8463	2.90779	35.4	1.12
NODE_69_length_26777_cov_5.823441	1	26777	230	13943	52.0708	0.720432	35	2.38
NODE_76_length_25339_cov_4.381387	1	25339	1120	23831	94.0487	3.9039	36.7	0.992
NODE_77_length_25099_cov_4.340960	1	25099	751	20628	82.1865	2.57596	35.9	7.98
NODE_78_length_24488_cov_6.858102	1	24488	400	16673	68.0864	1.40902	36.1	41.6
NODE_80_length_24274_cov_3.099385	1	24274	62	2741	11.2919	0.215622	35.1	33.3
NODE_86_length_22502_cov_3.552991	1	22502	678	20660	91.8141	2.64252	36.9	11.2
NODE_101_length_17827_cov_4.586484	1	17827	1745	17753	99.5849	8.25708	35	1.3
NODE_110_length_17112_cov_3.368119	1	17112	310	13184	77.0453	1.57129	35.9	0.987
NODE_192_length_8422_cov_5.291144	1	8422	3258	8405	99.7981	34.6268	37.8	0.986
NODE_229_length_6678_cov_5.842066	1	6678	15215	6678	100	201.611	37	1.23
NODE_261_length_5874_cov_27.383915	1	5874	2694	5346	91.0112	39.4804	35.9	0.997
NODE_4_length_127150_cov_117.090247	1	127150	15140	126718	99.6602	10.6109	37.5	0.988
NODE_7_length_88941_cov_46.993812	1	88941	1146	53365	60.0004	1.14951	37.5	19.5
NODE_11_length_72839_cov_23.773563	1	72839	8765	71647	98.3635	10.3396	35.8	41.8
NODE_21_length_59130_cov_12.292323	1	59130	11248	59114	99.9729	16.7632	36.7	0.99
NODE_23_length_57177_cov_114.389377	1	57177	514	27325	47.7902	0.780926	36.1	0.961
NODE_28_length_50596_cov_1491.292179	1	50596	285850	50596	100	494.911	36.4	0.989
NODE_30_length_49587_cov_4.531979	1	49587	6828	49278	99.3769	12.0006	36.3	0.997
NODE_35_length_46803_cov_6.051467	1	46803	628	27547	58.8573	1.17384	36.4	20.8
NODE_36_length_46752_cov_29.126753	1	46752	567	28981	61.9888	1.04819	35.8	1.26
NODE_39_length_43620_cov_4.962217	1	43620	2425	42550	97.547	4.90048	36.6	0.991
NODE_40_length_43084_cov_6.633898	1	43084	1777	40370	93.7007	3.52644	35.5	1.09
NODE_45_length_40665_cov_4.748239	1	40665	354	20631	50.734	0.770982	36.5	1.11
NODE_50_length_39226_cov_10.101606	1	39226	1039	35052	89.3591	2.33037	36.7	41.5
NODE_56_length_37457_cov_9.262072	1	37457	3955	37235	99.4073	9.19983	36.2	1.81
NODE_58_length_37241_cov_46.337493	1	37241	8407	37187	99.855	19.7498	36.4	1.53
NODE_59_length_37102_cov_7.659028	1	37102	655	26320	70.9396	1.52587	35.7	0.991
NODE_60_length_36992_cov_10.212497	1	36992	2171	35351	95.5639	5.16828	36.8	19.9
NODE_64_length_33972_cov_8.070260	1	33972	1785	32825	96.6237	4.5962	36.4	40.3
NODE_68_length_32950_cov_15.789907	1	32950	711	26828	81.4203	1.8505	35.8	1.01
NODE_75_length_29643_cov_5.344836	1	29643	1221	28498	96.1374	3.67783	37.7	41.1
NODE_76_length_29309_cov_5.208553	1	29309	868	25581	87.2804	2.54908	35.9	9.59
NODE_77_length_28348_cov_7.729650	1	28348	166	10868	38.3378	0.511676	36.8	0.982
NODE_80_length_27821_cov_14.253908	1	27821	2267	26871	96.5853	7.03612	36	2.53
NODE_90_length_25254_cov_6.697329	1	25254	92	6793	26.8987	0.319197	35.6	0.989
NODE_92_length_24473_cov_5.235728	1	24473	1049	22861	93.4131	3.75937	36.5	0.994
NODE_98_length_23476_cov_4.904359	1	23476	705	21223	90.403	2.66732	36.9	13.3
NODE_107_length_20703_cov_32.120399	1	20703	475	16907	81.6645	1.9787	35.7	0.979
NODE_118_length_18955_cov_3.719365	1	18955	2	163	0.859931	0.00960169	36	42
NODE_119_length_18951_cov_5.567686	1	18951	1018	18460	97.4091	4.67843	36.3	0.991
NODE_127_length_17877_cov_5.437717	1	17877	83	5074	28.3828	0.401018	35.6	40.6
NODE_337_length_5407_cov_169.755419	1	5407	13340	5407	100	216.55	36.3	0.995
NODE_345_length_5277_cov_154.251628	1	5277	2923	5271	99.8863	48.0658	36	0.995
NODE_17_length_37229_cov_5.527304	1	37229	6366	37174	99.8523	15.0769	36.7	1.09
NODE_35_length_16708_cov_7.810064	1	16708	778	15487	92.6921	3.91333	35.1	1.45
NODE_1_length_167064_cov_29.887916	1	167064	10033	163077	97.6135	5.31777	37	1
NODE_2_length_128004_cov_9.723710	1	128004	216618	128003	99.9992	150.306	37.3	0.996
NODE_9_length_50597_cov_221.425567	1	50597	288142	50597	100	498.85	36.4	0.996
NODE_15_length_44579_cov_4.400862	1	44579	1831	41294	92.6311	3.54606	36	1.51
NODE_25_length_26906_cov_5.574876	1	26906	558	21508	79.9376	1.78328	35.9	1.01
NODE_66_length_7415_cov_2.395924	1	7415	109	5353	72.1915	1.29818	36.9	1.13
NODE_81_length_6245_cov_24.756704	1	6245	2	144	2.30584	0.0230584	33	1
NODE_98_length_5354_cov_128.256463	1	5354	2686	5352	99.9626	43.1754	35.8	0.994
NODE_14_length_82374_cov_240.205894	1	82374	3169	76885	93.3365	3.27097	35.3	0.989
NODE_21_length_64073_cov_37.552313	1	64073	2488	55140	86.0581	3.35405	35.9	12.3
NODE_22_length_61496_cov_10.163685	1	61496	4189	60432	98.2698	5.92024	36.2	0.991
NODE_27_length_56163_cov_10.570810	1	56163	3465	54581	97.1832	5.39679	36.3	1.18
NODE_29_length_50686_cov_11.681381	1	50686	707	32051	63.2344	1.16196	34.8	0.989
NODE_34_length_49123_cov_12.946462	1	49123	3466	48354	98.4345	6.02925	35.6	18.2
NODE_35_length_48678_cov_17.660634	1	48678	976	38355	78.7933	1.72137	35.5	0.985
NODE_36_length_48286_cov_161.551720	1	48286	124932	48238	99.9006	230.931	37.7	10.7
NODE_41_length_46049_cov_22.527873	1	46049	10657	46042	99.9848	20.2638	36.5	1.25
NODE_42_length_46014_cov_7.064688	1	46014	2335	44131	95.9078	4.4438	36.3	1.21
NODE_44_length_45313_cov_24.797539	1	45313	2952	44344	97.8615	5.67371	36.1	1.78
NODE_45_length_44530_cov_6.085261	1	44530	414	23900	53.6717	0.766113	34.5	5.35
NODE_50_length_42455_cov_9.957995	1	42455	630	27909	65.7378	1.2689	35.7	4.71
NODE_54_length_41545_cov_23.951314	1	41545	14465	41506	99.9061	30.8069	36.9	1.67
NODE_56_length_41017_cov_5.694693	1	41017	1010	33229	81.0128	2.06266	35	41.7
NODE_58_length_39387_cov_195.566714	1	39387	84731	39311	99.807	187.699	36.1	2.16
NODE_66_length_37340_cov_6.786992	1	37340	484	24255	64.9572	1.14242	37.2	1.52
NODE_74_length_32607_cov_43.428176	1	32607	27854	32586	99.9356	74.3412	36.1	1.04
NODE_76_length_32402_cov_4.278047	1	32402	47	3982	12.2894	0.128634	36.8	0.979
NODE_85_length_29888_cov_3.843428	1	29888	1650	28988	96.9888	4.85349	36.7	0.985
NODE_86_length_29401_cov_5.339501	1	29401	404	18757	63.7971	1.16142	35.2	6.51
NODE_90_length_26510_cov_4.099074	1	26510	559	22114	83.4176	1.85085	36.1	0.991
NODE_91_length_25386_cov_3.813628	1	25386	99	6957	27.4049	0.320098	35.2	0.98
NODE_98_length_23399_cov_4.973441	1	23399	811	21357	91.2731	3.05996	36.7	0.99
NODE_99_length_23338_cov_3.337113	1	23338	1031	22120	94.781	3.90059	36.9	1.25
NODE_100_length_23190_cov_23.457402	1	23190	3626	23171	99.9181	13.7133	36.4	1.14
NODE_102_length_22820_cov_4.048935	1	22820	1088	22150	97.064	4.17086	36.3	0.994
NODE_103_length_22548_cov_3.955764	1	22548	271	13815	61.2693	1.06156	36.8	1.04
NODE_122_length_18523_cov_15.849144	1	18523	492	15440	83.3558	2.23333	35.2	1.01
NODE_137_length_15986_cov_191.716590	1	15986	3757	15807	98.8803	20.876	37.2	4.26
NODE_142_length_15505_cov_266.883107	1	15505	5309	15499	99.9613	29.8154	36.1	6.94
NODE_286_length_7396_cov_5.191118	1	7396	109	5347	72.2958	1.32572	37.5	1
NODE_394_length_5277_cov_264.588280	1	5277	2796	5275	99.9621	46.0273	36.1	0.992
NODE_2_length_111600_cov_9.640486	1	111600	13353	111496	99.9068	10.653	37.5	0.986
NODE_9_length_45523_cov_3.740213	1	45523	7552	45442	99.8221	14.7154	37.1	0.995
NODE_11_length_38676_cov_4.256959	1	38676	1088	34061	88.0675	2.46853	36.4	1.08
NODE_12_length_38621_cov_4.452264	1	38621	182	13349	34.5641	0.419539	37.8	0.978
NODE_14_length_36134_cov_22.605782	1	36134	36850	36110	99.9336	88.0033	35.9	1.01
NODE_16_length_32623_cov_3.888142	1	32623	6889	32528	99.7088	18.6408	36.9	0.986
NODE_23_length_22286_cov_4.358508	1	22286	1089	21898	98.259	4.27475	36.7	0.989
NODE_25_length_20188_cov_3.698455	1	20188	1344	19175	94.9822	5.76352	36	1.05
NODE_50_length_10983_cov_6.236914	1	10983	4510	10925	99.4719	35.6099	36.1	1
NODE_97_length_5840_cov_82.570614	1	5840	24481	5839	99.9829	364.992	36	1.06
NODE_1_length_291783_cov_17.309309	1	291783	407	32318	11.076	0.124137	37.7	1.53
NODE_2_length_224719_cov_12.772874	1	224719	288	23833	10.6057	0.113929	37.9	1.11
NODE_5_length_146551_cov_138.816527	1	146551	90391	146485	99.955	53.9893	36.5	1.03
NODE_9_length_107083_cov_7.960225	1	107083	13086	106903	99.8319	10.8963	37.5	0.989
NODE_18_length_51491_cov_4.309861	1	51491	378	23863	46.344	0.648288	36.6	2.08
NODE_23_length_46505_cov_8.013886	1	46505	1101	38511	82.8105	2.04146	35.9	0.998
NODE_28_length_40659_cov_13.346394	1	40659	848	33189	81.6277	1.81967	36.1	1.25
NODE_34_length_37084_cov_5.937697	1	37084	2009	36076	97.2818	4.74374	36.4	0.968
NODE_37_length_29802_cov_5.098867	1	29802	1359	28784	96.5841	4.00081	36.5	0.991
NODE_39_length_28630_cov_5.069326	1	28630	2644	28071	98.0475	7.9424	35.8	1.02
NODE_42_length_27529_cov_6.863980	1	27529	33	2840	10.3164	0.107341	37.7	38.4
NODE_44_length_27445_cov_5.378131	1	27445	1831	27037	98.5134	5.83119	36.6	0.987
NODE_46_length_25582_cov_5.547381	1	25582	272	15044	58.807	0.911735	35.5	0.971
NODE_48_length_24386_cov_133.440549	1	24386	60521	24303	99.6596	219.14	36.7	41.7
NODE_60_length_14961_cov_14.778747	1	14961	208	9149	61.1523	1.22118	36.6	22
NODE_63_length_14529_cov_5.416955	1	14529	845	14068	96.827	4.93296	35.2	2.87
NODE_85_length_9810_cov_429.929062	1	9810	2334	6415	65.3925	21.0849	36.8	0.997
NODE_91_length_8647_cov_3.054702	1	8647	512	8259	95.5129	5.21152	36.3	40.2
NODE_122_length_6209_cov_70622.697433	1	6209	1828038	6209	100	25830.2	36.5	0.995
NODE_136_length_5744_cov_864.749341	1	5744	2782	5430	94.5334	41.8511	35.8	0.994
NODE_147_length_5556_cov_89.738411	1	5556	16889	5555	99.982	262.203	35.7	0.996
NODE_1_length_224519_cov_7.116856	1	224519	266	21756	9.69005	0.105439	37.6	0.985
NODE_2_length_167110_cov_64.689713	1	167110	10226	163829	98.0366	5.41874	37	0.998
NODE_4_length_142877_cov_8.785747	1	142877	209	16359	11.4497	0.129503	37.8	0.981
NODE_5_length_139191_cov_8.620788	1	139191	238	18124	13.021	0.151878	37.3	0.903
NODE_21_length_49714_cov_4.278741	1	49714	414	24907	50.1006	0.731544	36.6	0.986
NODE_26_length_46532_cov_8.982421	1	46532	2275	44756	96.1833	4.26736	36.3	0.959
NODE_28_length_46427_cov_14.788256	1	46427	1137	39107	84.2333	2.11368	35.7	0.986
NODE_29_length_46367_cov_11.001188	1	46367	583	29569	63.7716	1.09326	35.9	0.983
NODE_30_length_46266_cov_83.710480	1	46266	8237	46246	99.9568	15.7956	37.2	1.38
NODE_31_length_43850_cov_11.756000	1	43850	2103	42647	97.2566	4.23717	36.7	1
NODE_32_length_43436_cov_7.077891	1	43436	2860	42432	97.6886	5.72903	36.1	1.59
NODE_35_length_40899_cov_23.333831	1	40899	776	30918	75.596	1.66897	36.4	1.01
NODE_38_length_39875_cov_5.639704	1	39875	547	25783	64.6596	1.13735	34.8	0.996
NODE_46_length_36623_cov_13.706793	1	36623	2372	36089	98.5419	5.67646	36.5	0.992
NODE_49_length_32431_cov_3.692241	1	32431	12334	32354	99.7626	33.6251	36.8	0.989
NODE_54_length_30192_cov_5.904702	1	30192	779	26009	86.1453	2.18475	35.1	1.12
NODE_55_length_29701_cov_27.068205	1	29701	229	11061	37.2412	0.671156	36.7	24.6
NODE_56_length_28912_cov_8.397962	1	28912	315	17138	59.2764	0.916125	35.3	12.7
NODE_58_length_27890_cov_4.360841	1	27890	3110	27708	99.3474	9.65938	36.1	1.07
NODE_60_length_25063_cov_6.534149	1	25063	131	8299	33.1126	0.428121	35	1
NODE_87_length_14015_cov_251.795559	1	14015	612	12638	90.1748	3.89526	37.4	1.71
NODE_101_length_12031_cov_26.306363	1	12031	118	6757	56.1632	0.86194	36.7	13.9
NODE_153_length_7396_cov_5.593380	1	7396	102	5152	69.6593	1.24081	37.4	0.961
NODE_173_length_6469_cov_774.838478	1	6469	2542	6447	99.6599	34.7202	36.7	0.996
NODE_218_length_5084_cov_12194.464307	1	5084	207754	5084	100	3582.29	36.5	0.996
NODE_4_length_149990_cov_22.694054	1	149990	21187	149927	99.958	12.5827	37.5	11.5
NODE_11_length_90295_cov_118.359719	1	90295	39405	90262	99.9635	38.1257	36.5	1.01
NODE_14_length_82304_cov_225.187151	1	82304	2937	76230	92.62	3.04266	35.4	1.01
NODE_17_length_66579_cov_12.543699	1	66579	12048	66525	99.9189	15.9471	36.7	1.21
NODE_28_length_50686_cov_13.389939	1	50686	687	32711	64.5366	1.10981	34.7	0.988
NODE_33_length_48678_cov_22.032392	1	48678	941	38102	78.2736	1.65794	35.5	0.991
NODE_34_length_48295_cov_29.851223	1	48295	710	31272	64.752	1.26206	35.7	6.95
NODE_39_length_46496_cov_26.700803	1	46496	1102	38956	83.7836	2.03095	35.7	0.988
NODE_40_length_46294_cov_8.238197	1	46294	4746	45480	98.2417	8.81823	35.9	18
NODE_44_length_45871_cov_5.078160	1	45871	1070	38966	84.9469	2.02099	36	0.984
NODE_49_length_42667_cov_9.849948	1	42667	1699	39443	92.4438	3.51693	36.8	41.8
NODE_52_length_42307_cov_7.097250	1	42307	1014	34266	80.9937	2.11677	36.9	0.987
NODE_54_length_41741_cov_10.161829	1	41741	1786	40061	95.9752	3.74756	36.3	1.03
NODE_55_length_41584_cov_17.221676	1	41584	7220	41420	99.6056	15.2842	36.6	1.16
NODE_65_length_38961_cov_7.399476	1	38961	524	25918	66.5229	1.19145	37	4.27
NODE_66_length_38717_cov_7.546868	1	38717	343	19621	50.678	0.719606	34.6	1.79
NODE_68_length_38440_cov_54.510460	1	38440	2212	36094	93.897	4.88392	35.2	1.25
NODE_69_length_37272_cov_3.102802	1	37272	104	8181	21.9495	0.238463	35.5	10.9
NODE_76_length_34918_cov_18.678370	1	34918	2075	30831	88.2954	5.04883	35.3	5.78
NODE_77_length_34914_cov_4.634499	1	34914	1076	29635	84.88	2.68434	35.9	41.7
NODE_78_length_34810_cov_11.848741	1	34810	905	30238	86.8658	2.30804	37.5	8.02
NODE_82_length_32967_cov_14.811011	1	32967	215	13158	39.9126	0.545	35	1.04
NODE_84_length_32573_cov_4.820715	1	32573	252	13159	40.3985	0.659626	35.4	41.8
NODE_85_length_32529_cov_5.865646	1	32529	55	4039	12.4166	0.149067	36.9	2.49
NODE_86_length_32364_cov_4.582315	1	32364	1230	30067	92.9026	3.31955	36.6	15.5
NODE_87_length_32215_cov_15.592506	1	32215	762	26519	82.3188	1.99919	35	1.69
NODE_88_length_32149_cov_48.332741	1	32149	3406	31854	99.0824	9.18616	36.2	1.32
NODE_89_length_31829_cov_62.477403	1	31829	4029	31302	98.3443	10.697	35	22.3
NODE_90_length_31247_cov_3.493845	1	31247	586	21250	68.0065	1.6488	36.7	25.7
NODE_92_length_30284_cov_3.410831	1	30284	1734	29230	96.5196	5.06172	36.7	13.2
NODE_94_length_29316_cov_3.978435	1	29316	490	20125	68.6485	1.48758	36.9	40.8
NODE_98_length_27642_cov_3.629318	1	27642	1421	26766	96.8309	4.49526	36.3	1.81
NODE_99_length_27136_cov_4.809424	1	27136	602	22080	81.3679	1.94126	36.2	2.88
NODE_103_length_25437_cov_4.427586	1	25437	371	16472	64.7561	1.23423	35.3	0.995
NODE_110_length_22758_cov_8.333524	1	22758	500	17446	76.6588	1.91919	36.4	0.982
NODE_114_length_22362_cov_39.010266	1	22362	17815	22202	99.2845	69.4413	36.1	1.03
NODE_119_length_21232_cov_24.778675	1	21232	4642	21217	99.9294	19.1148	36.4	0.977
NODE_120_length_20547_cov_20.156207	1	20547	1377	18954	92.247	5.65421	35.1	41.7
NODE_181_length_12451_cov_62.323975	1	12451	480	11420	91.7195	3.44631	37.5	0.994
NODE_214_length_10360_cov_3.570597	1	10360	41	2917	28.1564	0.327992	35.1	39.7
NODE_278_length_7396_cov_6.279662	1	7396	121	5656	76.4738	1.46214	37.5	1
NODE_286_length_7275_cov_4.567867	1	7275	727	7268	99.9038	8.80619	36.8	41.7
NODE_309_length_6605_cov_445.087328	1	6605	2721	5350	80.9992	35.6265	35.9	0.992
NODE_21_length_46020_cov_7.992255	1	44173	0	0	0	0	0	0
DAS_Check_Bin_07_k119_159765:247-42184	1	41938	0	0	0	0	0	0
NODE_15_length_35381_cov_29.469003	1	35381	0	0	0	0	0	0
NODE_86_length_6245_cov_8.653635	1	6245	0	0	0	0	0	0
NODE_99_length_5721_cov_1061.804977	1	5721	0	0	0	0	0	0
NODE_102_length_5581_cov_15638.208288	1	5581	0	0	0	0	0	0
NODE_104_length_5514_cov_1878.878732	1	5514	0	0	0	0	0	0
NODE_105_length_5492_cov_29.344308	1	5492	0	0	0	0	0	0
NODE_214_length_6245_cov_8.318255	1	6245	0	0	0	0	0	0
NODE_258_length_5581_cov_2813.330800	1	5581	0	0	0	0	0	0
NODE_262_length_5514_cov_38.326067	1	5514	0	0	0	0	0	0
NODE_7_length_46020_cov_16.937757	1	46020	0	0	0	0	0	0
NODE_14_length_35381_cov_20.886033	1	35381	0	0	0	0	0	0
NODE_57_length_7439_cov_2.481446	1	7439	0	0	0	0	0	0
NODE_87_length_5402_cov_34.239200	1	5402	0	0	0	0	0	0
NODE_203_length_5535_cov_3.585219	1	5535	0	0	0	0	0	0
NODE_205_length_5514_cov_740.579227	1	5514	0	0	0	0	0	0
NODE_103_length_15861_cov_5.174997	1	15861	0	0	0	0	0	0
NODE_235_length_5514_cov_1351.351346	1	5514	0	0	0	0	0	0
NODE_176_length_5514_cov_454.349698	1	5514	0	0	0	0	0	0
NODE_113_length_5514_cov_54.894486	1	5514	0	0	0	0	0	0
NODE_79_length_6268_cov_7.561404	1	6268	0	0	0	0	0	0
NODE_53_length_30710_cov_4.642636	1	30710	0	0	0	0	0	0
NODE_390_length_5581_cov_3.514839	1	5581	0	0	0	0	0	0
