#rname	startpos	endpos	numreads	covbases	coverage	meandepth	meanbaseq	meanmapq
DAS_Check_Bin_09_k119_41989:3-49450	1	45022	70792	44703	99.2915	135.177	35.8	41.8
NODE_39_length_37768_cov_25.508657	1	35529	21	1747	4.91711	0.052042	36.6	0.905
NODE_21_length_46020_cov_7.992255	1	44173	2	182	0.412016	0.00412016	38.8	0
NODE_68_length_36781_cov_8.797283	1	22515	985	21536	95.6518	3.81519	36.1	4.08
NODE_18_length_65286_cov_9.613313	1	61998	273	19254	31.0558	0.382109	36	1.02
DAS_Check_Bin_01_k119_158026:3-190576	1	190574	36	2727	1.43094	0.0155478	35.4	42
DAS_Check_Bin_01_k119_45347:194-20015	1	19822	9	684	3.45071	0.0396025	36	13.8
DAS_Check_Bin_07_k119_159765:247-42184	1	41938	2	182	0.433974	0.00433974	37.8	42
NODE_10_length_44613_cov_10.908120	1	44613	267	17472	39.1635	0.511353	35.7	1
NODE_13_length_36623_cov_12.491687	1	36623	1015	31334	85.5583	2.42361	36.4	0.997
NODE_14_length_36060_cov_13.057825	1	36060	16440	35985	99.792	38.9332	35.7	0.995
NODE_16_length_35370_cov_4.255189	1	35370	2125	34713	98.1425	5.26353	36.5	0.991
NODE_18_length_31157_cov_3.163269	1	31157	3741	31091	99.7882	10.5279	36.6	0.989
NODE_22_length_23860_cov_5.129553	1	23860	526	18882	79.1366	1.90335	36.1	4.98
NODE_25_length_23308_cov_5.171419	1	23308	678	19311	82.8514	2.48902	35.5	0.99
NODE_28_length_21720_cov_3.485299	1	21720	196	11288	51.9705	0.754696	35	1
NODE_38_length_13971_cov_7.375898	1	13971	322	11661	83.4658	2.03543	37.1	0.994
NODE_39_length_13673_cov_7.531429	1	13673	9915	13619	99.6051	64.2811	37.1	1.11
NODE_86_length_6245_cov_8.653635	1	6245	46	2836	45.4123	0.649159	35.8	1
NODE_88_length_6209_cov_8.324829	1	6209	1432921	6209	100	20133.2	36.4	0.995
NODE_96_length_5842_cov_1098.051840	1	5842	403	4770	81.6501	5.80024	35.7	1.05
NODE_105_length_5492_cov_29.344308	1	5492	1	91	1.65696	0.0165696	36.1	1
NODE_109_length_5407_cov_11252.763079	1	5407	4101	5163	95.4873	65.6475	36	0.997
NODE_120_length_5084_cov_34199.553390	1	5084	28985	5077	99.8623	496.737	36.4	0.999
NODE_2_length_172485_cov_32.775068	1	172485	1910	97658	56.6183	0.982543	37.1	1.08
NODE_6_length_61068_cov_9.739465	1	61068	7853	61007	99.9001	11.2886	36.6	1.04
NODE_7_length_58087_cov_6.947994	1	58087	2618	55884	96.2074	3.94772	36.6	0.985
NODE_11_length_41469_cov_25.463877	1	41469	2603	39221	94.5791	5.50341	36.6	1.03
NODE_12_length_40031_cov_3.840454	1	40031	1596	22794	56.9409	3.47006	36.2	37.5
NODE_17_length_37325_cov_319.259539	1	37325	103	7729	20.7073	0.243992	37	0.961
NODE_19_length_36060_cov_32.684877	1	36060	16451	35908	99.5785	38.9549	35.7	0.994
NODE_23_length_32292_cov_5.397959	1	32292	1419	30335	93.9397	3.76678	35.7	0.996
NODE_24_length_31545_cov_5.801683	1	31545	26	2085	6.60961	0.0688223	34.6	6.92
NODE_28_length_27475_cov_4.040518	1	27475	1024	25865	94.1401	3.14726	35.3	1.25
NODE_30_length_25734_cov_5.275400	1	25734	411	18910	73.4826	1.4025	36.7	0.993
NODE_31_length_25359_cov_5.009406	1	25359	764	23143	91.2615	2.6367	36.8	0.992
NODE_41_length_22305_cov_25.908899	1	22305	2362	22172	99.4037	9.0056	35.6	3.57
NODE_42_length_22193_cov_5.490695	1	22193	334	14850	66.913	1.29266	35.5	38
NODE_48_length_18890_cov_3.341333	1	18890	43	931	4.92853	0.195712	36.2	0.209
NODE_52_length_17580_cov_3.189843	1	17580	73	5375	30.5745	0.363766	35.7	0.959
NODE_214_length_6245_cov_8.318255	1	6245	29	1740	27.8623	0.405444	36.4	1
NODE_217_length_6209_cov_8.798343	1	6209	1379530	6209	100	19394.2	36.4	0.996
NODE_268_length_5407_cov_226.692078	1	5407	4445	5300	98.0211	71.2439	36.2	0.993
NODE_292_length_5084_cov_88208.156095	1	5084	31808	4969	97.738	545.399	36.4	0.996
NODE_9_length_43915_cov_6.954241	1	43915	296	18520	42.1724	0.57962	35.7	1
NODE_10_length_38461_cov_14.877649	1	38461	387	21745	56.5378	0.87993	36.7	17
NODE_12_length_36623_cov_10.841993	1	36623	1098	32899	89.8315	2.62357	36.4	1.06
NODE_16_length_25443_cov_3.831850	1	25443	1391	24705	97.0994	4.77927	36.3	0.987
NODE_25_length_21201_cov_4.167171	1	21201	474	17553	82.7933	1.92486	35.8	1.03
NODE_34_length_13780_cov_2.793515	1	13780	85	6070	44.0493	0.539768	35.9	0.976
NODE_39_length_12439_cov_7.203731	1	12439	293	10388	83.5115	2.10531	37.1	1.28
NODE_57_length_7439_cov_2.481446	1	7439	32	1723	23.1617	0.36685	35.7	42
NODE_72_length_6209_cov_12.989275	1	6209	1396444	6209	100	19622.3	36.4	0.995
NODE_76_length_5842_cov_1509.613790	1	5842	341	4620	79.0825	4.95464	35.6	0.994
NODE_87_length_5402_cov_34.239200	1	5402	4	327	6.05331	0.0638652	36.4	1
NODE_89_length_5277_cov_5.447721	1	5277	6367	5277	100	104.098	35.9	0.997
NODE_4_length_238892_cov_6.753413	1	238892	5811	127552	53.3932	2.12193	36.3	19.4
NODE_5_length_189738_cov_6.430987	1	189738	7452	134652	70.9673	3.42315	36.3	33
NODE_10_length_119230_cov_6.136941	1	119230	3678	100053	83.916	2.66511	36.1	1.23
NODE_12_length_90299_cov_8.811644	1	90299	661	36823	40.779	0.641092	37.1	41.8
NODE_13_length_76125_cov_44.994597	1	76125	1439	43044	56.5438	1.65927	36.7	0.99
NODE_18_length_62590_cov_137.633981	1	62590	6468	60899	97.2983	8.7611	35.4	34.6
NODE_20_length_55983_cov_7.738449	1	55983	4917	28558	51.0119	7.57183	36	1.16
NODE_23_length_52152_cov_8.571204	1	52152	8	622	1.19267	0.0138825	37.6	41.5
NODE_24_length_47733_cov_200.310583	1	47733	6409	47562	99.6418	11.8534	36.8	1.23
NODE_32_length_43849_cov_21.327442	1	43849	2582	42723	97.4321	5.1548	36.5	0.991
NODE_34_length_42243_cov_6.125960	1	42243	609	28881	68.3687	1.26454	36.5	0.995
NODE_40_length_37489_cov_12.035128	1	37489	350	19409	51.7725	0.780202	35	1
NODE_41_length_37113_cov_5.778240	1	37113	1509	34850	93.9024	3.46054	35.7	0.989
NODE_44_length_36060_cov_186.741564	1	36060	16756	35989	99.8031	39.7129	35.7	0.994
NODE_57_length_28964_cov_3.647964	1	28964	141	9299	32.1054	0.424354	36	41.4
NODE_58_length_28915_cov_2.851594	1	28915	280	16386	56.6695	0.847726	36.3	0.993
NODE_61_length_27709_cov_4.008787	1	27709	196	11242	40.5717	0.596918	35.2	1.41
NODE_63_length_26925_cov_11.515333	1	26925	156	10785	40.0557	0.489694	35.3	3.44
NODE_64_length_26668_cov_4.755420	1	26668	4	331	1.24119	0.0124119	34.2	1
NODE_66_length_25532_cov_5.218589	1	25532	1844	24675	96.6434	6.31838	36.4	1.05
NODE_69_length_23559_cov_18.031867	1	23559	1266	18524	78.6281	4.59349	35.8	12.2
NODE_71_length_22160_cov_3.786655	1	22160	196	11181	50.4558	0.765478	36.2	1.09
NODE_94_length_15427_cov_6.269321	1	15427	261	11576	75.0373	1.39042	34.6	41.9
NODE_95_length_15356_cov_3.584733	1	15356	372	11659	75.9247	1.97304	35	2.31
NODE_165_length_6963_cov_2699.768674	1	6963	136	5513	79.1756	1.70429	36.8	1.14
NODE_180_length_6209_cov_8.318817	1	6209	1398887	6209	100	19662.8	36.4	0.996
NODE_194_length_5842_cov_59.714187	1	5842	664	5202	89.0448	9.79065	36	1.47
NODE_203_length_5535_cov_3.585219	1	5535	50	2595	46.8835	0.800903	36.9	39.2
NODE_209_length_5407_cov_424.684417	1	5407	4689	5257	97.2258	75.371	36.1	0.996
NODE_212_length_5277_cov_13.385101	1	5277	6390	5277	100	104.616	35.9	0.997
NODE_213_length_5084_cov_56753.835156	1	5084	30134	5083	99.9803	515.858	36.3	0.996
NODE_3_length_160031_cov_246.186322	1	160031	1429	82973	51.8481	0.789222	37.1	0.99
NODE_4_length_135187_cov_5.588891	1	135187	1096	39436	29.1714	0.698004	36.4	0.974
NODE_11_length_82624_cov_5.458404	1	82624	1161	38767	46.9198	1.22475	36.3	0.905
NODE_20_length_47234_cov_31.155747	1	47234	5409	46306	98.0353	9.8257	35.9	3.02
NODE_22_length_45867_cov_5.463743	1	45867	324	18467	40.2621	0.605228	35.7	0.985
NODE_24_length_43860_cov_6.177765	1	43860	2	182	0.414957	0.00414957	36.9	42
NODE_25_length_43849_cov_10.709458	1	43849	2468	43191	98.4994	4.94992	36.6	0.993
NODE_27_length_42291_cov_8.031513	1	42291	598	28088	66.416	1.24185	36.6	0.995
NODE_30_length_41337_cov_7.787607	1	41337	1641	37730	91.2742	3.40293	35.8	0.993
NODE_33_length_39957_cov_24.373239	1	39957	14954	39653	99.2392	32.4707	36	1.13
NODE_34_length_38904_cov_21.835774	1	38904	78	5233	13.4511	0.17664	36.8	0.987
NODE_37_length_37729_cov_6.620083	1	37729	44	3497	9.26873	0.102415	36.4	1
NODE_38_length_37629_cov_17.014451	1	37629	339	19891	52.8608	0.737782	34.8	0.997
NODE_42_length_35867_cov_6.690467	1	35867	263	13061	36.4151	0.599353	34.7	41.8
NODE_43_length_35817_cov_5.543007	1	35817	380	21327	59.5444	0.928693	36.4	6.38
NODE_46_length_35128_cov_9.695264	1	35128	627	4346	12.3719	1.54318	36.1	31.4
NODE_47_length_34443_cov_6.100820	1	34443	97	7467	21.6793	0.247772	37.5	42
NODE_49_length_32550_cov_5.505924	1	32550	209	12699	39.0138	0.53745	35.3	13.8
NODE_72_length_21497_cov_3.547617	1	21497	668	18205	84.6862	2.70563	36.1	41.4
NODE_77_length_19576_cov_17.607807	1	19576	583	14892	76.0727	2.53188	35.9	4.39
NODE_210_length_6209_cov_9.798343	1	6209	1407335	6209	100	19792.3	36.4	0.995
NODE_243_length_5277_cov_12.775565	1	5277	6346	5276	99.981	103.864	35.9	0.995
NODE_249_length_5084_cov_78920.386956	1	5084	30851	5082	99.9607	528.322	36.4	0.997
NODE_1_length_164730_cov_5.305092	1	164730	4917	122569	74.406	2.5785	36.1	10.3
NODE_2_length_124404_cov_11.033221	1	124404	25567	124156	99.8006	18.2308	37.3	0.99
NODE_4_length_117427_cov_5.768318	1	117427	1019	34452	29.3391	0.754733	36.4	0.98
NODE_8_length_96678_cov_134.288192	1	96678	697	44164	45.6815	0.639277	37.2	0.99
NODE_28_length_43893_cov_22.428281	1	43893	2591	43006	97.9792	5.17221	36.5	1.02
NODE_29_length_42291_cov_14.926058	1	42291	546	26956	63.7393	1.12809	36.5	0.991
NODE_33_length_37337_cov_16.555415	1	37337	4676	36850	98.6957	10.7274	35.7	2.53
NODE_34_length_37325_cov_110.555514	1	37325	93	7304	19.5687	0.218942	36.7	0.989
NODE_36_length_36495_cov_5.297722	1	36495	42	3536	9.689	0.101767	36.5	1
NODE_38_length_36114_cov_4.509720	1	36114	1230	32780	90.7681	2.99848	36.6	0.985
NODE_39_length_36060_cov_13.462408	1	36060	16626	35965	99.7366	39.3753	35.7	0.994
NODE_48_length_30963_cov_4.644332	1	30963	4782	13935	45.0053	13.7639	37.7	1.06
NODE_54_length_29179_cov_6.736266	1	29179	886	26384	90.4212	2.65342	36.5	0.992
NODE_66_length_21974_cov_4.464985	1	21974	206	11380	51.7885	0.775143	34.9	1
NODE_181_length_6454_cov_8661.914049	1	6454	2020	2381	36.8919	27.2349	36.5	1.02
NODE_228_length_5277_cov_15.499043	1	5277	6187	5276	99.981	101.183	35.9	0.998
NODE_232_length_5084_cov_53965.325313	1	5084	29571	5084	100	505.697	36.4	0.999
NODE_2_length_164227_cov_5.664328	1	164227	2944	83164	50.6397	1.55412	36.2	0.952
NODE_17_length_61395_cov_5.757956	1	61395	919	30209	49.2043	1.30975	36.3	0.909
NODE_26_length_47746_cov_5.112222	1	47746	4198	12993	27.2128	7.84893	37.6	1.17
NODE_31_length_42291_cov_15.102069	1	42291	654	29276	69.2251	1.36072	36.6	0.988
NODE_48_length_29632_cov_4.402171	1	29632	277	15607	52.6694	0.766941	34.8	1
NODE_50_length_28964_cov_4.022381	1	28964	13	1086	3.74948	0.0384615	37.2	0.923
NODE_51_length_27921_cov_3.034092	1	27921	213	13246	47.441	0.664339	35.7	0.991
NODE_55_length_25017_cov_5.657880	1	25017	413	17203	68.7652	1.42003	35.9	0.988
NODE_56_length_24833_cov_5.809872	1	24833	806	22263	89.6509	2.8146	36.5	0.989
NODE_97_length_12527_cov_5.050513	1	12527	101	5892	47.0344	0.724116	37.6	1.56
NODE_184_length_5277_cov_11.715818	1	5277	6218	5276	99.981	101.558	35.9	0.996
NODE_193_length_5034_cov_15.769632	1	5034	476	4735	94.0604	8.05979	35.7	19
NODE_1_length_114607_cov_10.147007	1	114607	1316	68058	59.3838	1.01366	37	0.986
NODE_4_length_36816_cov_7.960991	1	36816	1524	34025	92.4191	3.52637	35.8	0.993
NODE_5_length_36230_cov_4.885114	1	36230	70	5674	15.6611	0.168396	36.4	40.9
NODE_10_length_27385_cov_7.189535	1	27385	80	5859	21.3949	0.254482	37.3	1
NODE_11_length_26673_cov_11.045683	1	26673	1524	26145	98.0205	4.86005	35.6	0.992
NODE_20_length_17239_cov_6.178596	1	17239	145	7946	46.0932	0.712628	35.5	1
NODE_86_length_6209_cov_9.690445	1	6209	1410351	6209	100	19827.3	36.4	0.995
NODE_124_length_5277_cov_25.805247	1	5277	6073	5275	99.9621	99.494	35.9	0.996
NODE_1_length_167064_cov_31.023334	1	167064	11176	164199	98.2851	5.89482	36.8	0.991
NODE_7_length_61042_cov_7.357896	1	61042	7616	60994	99.9214	10.9094	36.6	1.2
NODE_11_length_50106_cov_8.639548	1	50106	2117	47254	94.3081	3.61885	35.7	1.46
NODE_13_length_47685_cov_12.449024	1	47685	7371	47501	99.6141	13.5998	36.8	0.997
NODE_14_length_46328_cov_8.666393	1	46328	827	35398	76.4074	1.52944	35.8	0.994
NODE_26_length_33164_cov_59.471171	1	33164	26088	33149	99.9548	69.9958	37.5	0.987
NODE_27_length_32852_cov_6.310150	1	32852	419	21337	64.9489	1.10891	36.1	0.99
NODE_29_length_31681_cov_4.792196	1	31681	340	18265	57.6529	0.923929	35.5	0.918
NODE_32_length_29822_cov_3.040481	1	29822	1163	25596	85.8293	3.24797	35	7.86
NODE_37_length_23975_cov_6.355811	1	23975	4044	23909	99.7247	14.5555	36	1
NODE_79_length_8516_cov_194.794823	1	8516	288	8114	95.2795	3.00411	37.7	0.979
NODE_109_length_6469_cov_258.754599	1	6469	18711	6469	100	253.979	36.6	0.999
NODE_117_length_6209_cov_39356.593760	1	6209	1388454	6209	100	19500.2	36.3	0.996
NODE_131_length_5556_cov_340.263043	1	5556	4854	5553	99.946	74.5099	35.6	0.996
NODE_139_length_5354_cov_334.782412	1	5354	191	4865	90.8666	3.03418	35.6	0.99
NODE_147_length_5084_cov_13961.725393	1	5084	43442	5084	100	745.808	36.4	0.998
NODE_3_length_123329_cov_12.346099	1	123329	25263	123317	99.9903	18.1818	37.3	0.987
NODE_6_length_84822_cov_16.799037	1	84822	12721	84672	99.8232	13.2611	37.1	1.58
NODE_7_length_82293_cov_17.234271	1	82293	3726	77507	94.1842	3.82833	35.3	0.997
NODE_13_length_50138_cov_17.827646	1	50138	2041	46910	93.5618	3.47658	35.6	1.63
NODE_17_length_47511_cov_6.251033	1	47511	481	26343	55.4461	0.858285	35.5	0.979
NODE_22_length_41227_cov_3.669387	1	41227	1890	39434	95.6509	4.03022	36.5	0.99
NODE_24_length_39433_cov_10.753847	1	39433	8765	39433	100	19.2688	36.2	23.2
NODE_34_length_29970_cov_6.653919	1	29970	964	26101	87.0904	2.75229	35.6	0.981
NODE_35_length_29279_cov_5.928107	1	29279	1059	27504	93.9376	3.20646	37.4	1.16
NODE_36_length_28663_cov_6.412088	1	28663	525	20883	72.857	1.58556	35.9	0.987
NODE_39_length_25023_cov_3.154598	1	25023	371	16750	66.9384	1.28098	36	1.13
NODE_41_length_24643_cov_3.795713	1	24643	225	12984	52.6884	0.767317	34.7	0.991
NODE_42_length_24457_cov_5.553315	1	24457	1814	24004	98.1478	6.38574	35.9	0.988
NODE_46_length_21332_cov_3.397377	1	21332	166	9479	44.4356	0.664729	35.7	0.988
NODE_52_length_17163_cov_9.937398	1	17163	101	6645	38.717	0.516285	35.6	1
NODE_119_length_6469_cov_423.735111	1	6469	18439	6468	99.9845	250.583	36.6	0.996
NODE_133_length_5840_cov_3038.520311	1	5840	2456	5837	99.9486	36.3979	36	2.55
NODE_140_length_5469_cov_7.356114	1	5469	3096	5469	100	44.8316	33.8	41.9
NODE_1_length_157272_cov_245.867635	1	157272	1613	88358	56.1816	0.907085	37.1	1.28
NODE_3_length_116508_cov_7.831949	1	116508	7189	113512	97.4285	5.45043	36.8	1
NODE_5_length_78818_cov_6.835964	1	78818	8916	75911	96.3118	9.82836	36.2	26.4
NODE_8_length_61519_cov_6.420002	1	61519	271	19204	31.2164	0.379216	36.1	1.01
NODE_11_length_55539_cov_10.359851	1	55539	674	35807	64.4718	1.05956	36.3	4.91
NODE_12_length_54742_cov_5.935359	1	54742	2272	50193	91.6901	3.61138	36.3	13.4
NODE_15_length_49707_cov_409.118646	1	49707	7026	49429	99.4407	12.1668	36	3.64
NODE_19_length_46049_cov_20.145976	1	46049	383	21293	46.2399	0.733219	36.5	0.987
NODE_31_length_37539_cov_17.903879	1	37539	418	21962	58.5045	0.967687	36.1	1.19
NODE_32_length_37308_cov_5.588865	1	37308	619	28257	75.7398	1.45631	36.5	1.99
NODE_38_length_34710_cov_5.008022	1	34710	275	15453	44.5203	0.67531	35.4	0.985
NODE_39_length_34383_cov_15.503059	1	34383	131	9342	27.1704	0.330018	35.9	11
NODE_40_length_33198_cov_25.854600	1	33198	2745	32407	97.6173	7.22471	36.4	1.03
NODE_41_length_33019_cov_71.818742	1	33019	73	5141	15.5698	0.190224	35.5	0.973
NODE_42_length_30783_cov_6.353228	1	30783	205	13425	43.6117	0.587857	36.6	0.995
NODE_43_length_30206_cov_3.324367	1	30206	243	14008	46.3749	0.697577	36.4	41.5
NODE_51_length_25704_cov_4.962455	1	25704	493	19707	76.669	1.6306	35.6	0.984
NODE_60_length_19783_cov_3.659621	1	19783	768	18619	94.1162	3.43916	37.4	0.993
NODE_68_length_16862_cov_6.336764	1	16862	857	16196	96.0503	4.25311	35	3.48
NODE_137_length_7399_cov_2.692266	1	7399	9	794	10.7312	0.110285	38.8	1
NODE_157_length_6469_cov_65.568288	1	6469	18635	6469	100	253.1	36.6	0.995
NODE_164_length_6286_cov_3.027283	1	6286	26	1801	28.651	0.354916	36.1	42
NODE_186_length_5556_cov_469.135975	1	5556	4903	5555	99.982	75.5459	35.7	0.997
NODE_193_length_5407_cov_407.749626	1	5407	7785	5406	99.9815	125.705	36.2	1.37
NODE_194_length_5354_cov_104.200415	1	5354	193	4975	92.9212	3.05435	35.4	0.917
NODE_196_length_5277_cov_172.009958	1	5277	6404	5270	99.8673	104.761	35.9	0.996
NODE_4_length_95966_cov_30.590652	1	95966	64911	95954	99.9875	58.9352	36.4	3.42
NODE_6_length_82210_cov_5.532554	1	82210	3566	76707	93.3062	3.6629	35.3	1.02
NODE_11_length_50594_cov_377.385821	1	50594	180282	50594	100	310.578	36.2	1.17
NODE_15_length_36350_cov_5.563659	1	36350	5382	36273	99.7882	13.0187	36.8	1.02
NODE_16_length_36268_cov_5.202911	1	36268	1073	32594	89.8699	2.58776	36.4	0.994
NODE_17_length_36060_cov_30.766366	1	36060	18487	36054	99.9834	43.9098	35.8	0.993
NODE_22_length_25354_cov_3.861378	1	25354	1462	24875	98.1108	5.05254	36.4	0.993
NODE_25_length_22867_cov_5.385543	1	22867	86	6150	26.8947	0.32501	35.9	0.953
NODE_4_length_50595_cov_67.659972	1	50595	178423	50595	100	307.23	36.2	0.993
NODE_9_length_29359_cov_4.137114	1	29359	3080	29304	99.8127	9.08403	36.1	1.3
NODE_22_length_12612_cov_2.735526	1	12612	1032	12448	98.6997	6.7967	34.9	2.02
NODE_3_length_50595_cov_82.409794	1	50595	178336	50595	100	307.098	36.2	0.992
NODE_5_length_44363_cov_4.177530	1	44363	6386	44286	99.8264	12.4519	36	1.38
NODE_7_length_36147_cov_14.136346	1	36147	19125	36135	99.9668	45.282	35.8	1.25
NODE_18_length_15213_cov_9.438580	1	15213	81110	15211	99.9869	469.096	36.7	41.7
NODE_47_length_5840_cov_40.463440	1	5840	2714	5837	99.9486	40.2406	35.9	1.17
NODE_51_length_5556_cov_13.876568	1	5556	4791	5549	99.874	73.577	35.6	0.995
NODE_57_length_5407_cov_151.267377	1	5407	7811	5406	99.9815	125.883	36.1	1.08
NODE_62_length_5084_cov_1208.538278	1	5084	44777	5084	100	769.127	36.4	0.996
NODE_2_length_148288_cov_23.186888	1	148288	51276	148283	99.9966	30.6716	37.3	13
NODE_6_length_84805_cov_14.802077	1	84805	13158	84789	99.9811	13.7303	37.1	1.07
NODE_23_length_41397_cov_28.250593	1	41397	11658	41369	99.9324	25.1083	37.7	0.989
NODE_24_length_41128_cov_5.105933	1	41128	1355	37115	90.2427	2.79992	35.6	1.01
NODE_25_length_41104_cov_10.069039	1	41104	3634	40170	97.7277	7.70718	36.3	1.14
NODE_35_length_36642_cov_6.903080	1	36642	1081	31806	86.802	2.57854	36.4	0.994
NODE_42_length_32103_cov_4.370444	1	32103	4367	32103	100	11.8646	36.4	41.5
NODE_45_length_29051_cov_4.288419	1	29051	481	20659	71.1129	1.45148	36.5	1.17
NODE_47_length_27680_cov_4.110081	1	27680	1309	25760	93.0636	4.02818	35.7	1.07
NODE_51_length_25928_cov_4.825185	1	25928	958	24608	94.909	3.27704	37.5	1.01
NODE_54_length_22851_cov_9.800140	1	22851	2279	22782	99.698	8.54098	35.8	1.02
NODE_102_length_12697_cov_5.155751	1	12697	365	11484	90.4466	2.5406	36.9	4.28
NODE_158_length_8436_cov_3.682138	1	8436	312	8067	95.6259	3.28236	37.5	1.13
NODE_209_length_6209_cov_65496.679721	1	6209	1454796	6209	100	20445.7	36.4	1.2
NODE_235_length_5556_cov_134.878749	1	5556	4895	5553	99.946	75.0479	35.6	0.996
NODE_249_length_5277_cov_379.647453	1	5277	6480	5276	99.981	105.818	35.9	0.996
NODE_4_length_133646_cov_16.294571	1	133646	20625	133507	99.896	13.4861	36.3	16.6
NODE_7_length_115553_cov_35.746429	1	115553	35521	115205	99.6988	27.2846	37.3	0.988
NODE_18_length_57319_cov_76.520624	1	57319	17470	57139	99.686	26.2919	36	1.01
NODE_24_length_50596_cov_1234.024079	1	50596	178724	50596	100	307.749	36.2	0.992
NODE_35_length_43849_cov_26.763073	1	43849	2484	42844	97.708	4.94415	36.4	0.991
NODE_38_length_43069_cov_9.555959	1	43069	1863	40060	93.0135	3.76566	36.2	1.1
NODE_42_length_41397_cov_33.888709	1	41397	11666	41395	99.9952	25.1051	37.6	0.986
NODE_49_length_38057_cov_4.796748	1	38057	1703	36843	96.81	3.93767	36.8	13.8
NODE_51_length_37849_cov_4.749140	1	37849	608	26636	70.3744	1.41618	36.8	0.99
NODE_53_length_36807_cov_5.676671	1	36807	1653	34173	92.8438	3.79431	35.4	20.5
NODE_61_length_31489_cov_8.070020	1	31489	867	27814	88.3293	2.42085	36.7	0.995
NODE_63_length_27891_cov_6.995761	1	27891	1508	26372	94.5538	4.72644	36.3	17.8
NODE_64_length_27677_cov_8.435522	1	27677	776	23896	86.3388	2.33436	35.1	2.02
NODE_69_length_26777_cov_5.823441	1	26777	265	15117	56.4552	0.812115	34.9	1.48
NODE_76_length_25339_cov_4.381387	1	25339	216	12407	48.964	0.747149	36.6	0.991
NODE_77_length_25099_cov_4.340960	1	25099	486	18895	75.2819	1.65066	35.8	5.5
NODE_78_length_24488_cov_6.858102	1	24488	1987	24089	98.3706	7.00196	36	41.8
NODE_80_length_24274_cov_3.099385	1	24274	1232	23653	97.4417	4.3175	35.4	41
NODE_86_length_22502_cov_3.552991	1	22502	694	20112	89.3787	2.71905	36.9	11.4
NODE_101_length_17827_cov_4.586484	1	17827	287	12321	69.1143	1.35289	35.1	2.03
NODE_110_length_17112_cov_3.368119	1	17112	108	6800	39.7382	0.544472	35.9	1
NODE_192_length_8422_cov_5.291144	1	8422	310	7886	93.6357	3.28093	37.7	0.99
NODE_229_length_6678_cov_5.842066	1	6678	156	5950	89.0985	2.05346	36.9	0.987
NODE_261_length_5874_cov_27.383915	1	5874	242	5359	91.2326	3.49489	35.6	0.95
NODE_4_length_127150_cov_117.090247	1	127150	26819	127068	99.9355	18.7141	37.3	1.13
NODE_7_length_88941_cov_46.993812	1	88941	24600	88704	99.7335	24.5624	37.3	19.7
NODE_11_length_72839_cov_23.773563	1	72839	9112	71260	97.8322	10.6755	35.7	41.9
NODE_21_length_59130_cov_12.292323	1	59130	2521	56551	95.6384	3.74713	36.7	0.986
NODE_23_length_57177_cov_114.389377	1	57177	17151	56902	99.519	25.8621	36	1.05
NODE_28_length_50596_cov_1491.292179	1	50596	179447	50596	100	309.019	36.2	0.991
NODE_30_length_49587_cov_4.531979	1	49587	576	29978	60.4554	1.01137	36.3	0.962
NODE_35_length_46803_cov_6.051467	1	46803	2853	45228	96.6348	5.30188	36.1	20.1
NODE_36_length_46752_cov_29.126753	1	46752	1487	41392	88.5352	2.71116	35.6	1.03
NODE_39_length_43620_cov_4.962217	1	43620	772	32217	73.8583	1.54952	36.5	0.99
NODE_40_length_43084_cov_6.633898	1	43084	1472	39512	91.7092	2.88768	35.4	1.26
NODE_45_length_40665_cov_4.748239	1	40665	381	22365	54.9982	0.817411	36.6	0.992
NODE_50_length_39226_cov_10.101606	1	39226	4183	39122	99.7349	9.36624	36.6	41.6
NODE_56_length_37457_cov_9.262072	1	37457	622	25976	69.3489	1.43992	36.1	4.15
NODE_58_length_37241_cov_46.337493	1	37241	3364	36139	97.0409	7.86373	36.4	1.17
NODE_59_length_37102_cov_7.659028	1	37102	1517	33874	91.2997	3.48197	35.6	0.994
NODE_60_length_36992_cov_10.212497	1	36992	1527	33105	89.4923	3.62792	36.7	20.3
NODE_64_length_33972_cov_8.070260	1	33972	2089	33008	97.1624	5.36833	36.4	41.7
NODE_68_length_32950_cov_15.789907	1	32950	539	23686	71.8847	1.40686	35.7	1.09
NODE_75_length_29643_cov_5.344836	1	29643	1335	29116	98.2222	4.01046	37.5	41.4
NODE_76_length_29309_cov_5.208553	1	29309	529	21299	72.6705	1.54816	36	11
NODE_77_length_28348_cov_7.729650	1	28348	1179	26866	94.7721	3.65327	36.8	0.977
NODE_80_length_27821_cov_14.253908	1	27821	3253	27809	99.9569	10.0246	35.8	2.74
NODE_90_length_25254_cov_6.697329	1	25254	799	23222	91.9537	2.71601	35.7	1.02
NODE_92_length_24473_cov_5.235728	1	24473	176	10275	41.985	0.631839	36.5	0.989
NODE_98_length_23476_cov_4.904359	1	23476	766	21200	90.305	2.88273	36.8	13.7
NODE_107_length_20703_cov_32.120399	1	20703	985	20117	97.1695	4.05782	35.7	0.964
NODE_118_length_18955_cov_3.719365	1	18955	736	17104	90.2348	3.25587	35.4	41.7
NODE_119_length_18951_cov_5.567686	1	18951	351	15301	80.7398	1.60503	36.2	0.991
NODE_127_length_17877_cov_5.437717	1	17877	253	12925	72.2996	1.22012	35.9	42
NODE_337_length_5407_cov_169.755419	1	5407	7515	5406	99.9815	121.099	36.2	0.996
NODE_345_length_5277_cov_154.251628	1	5277	6444	5273	99.9242	105.512	35.9	0.999
NODE_17_length_37229_cov_5.527304	1	37229	2510	36710	98.6059	5.90491	36.5	1.08
NODE_35_length_16708_cov_7.810064	1	16708	1374	16542	99.0065	6.87808	35.1	2.89
NODE_79_length_6268_cov_7.561404	1	6268	42	2935	46.8251	0.589502	35.6	1
NODE_1_length_167064_cov_29.887916	1	167064	11163	164317	98.3557	5.88422	36.8	1.02
NODE_2_length_128004_cov_9.723710	1	128004	1356	72559	56.6849	0.937158	37.1	1.01
NODE_9_length_50597_cov_221.425567	1	50597	179843	50596	99.998	309.659	36.2	1.02
NODE_15_length_44579_cov_4.400862	1	44579	97	7609	17.0686	0.189192	35.5	1.1
NODE_25_length_26906_cov_5.574876	1	26906	456	19566	72.7198	1.45432	35.8	1.16
NODE_66_length_7415_cov_2.395924	1	7415	11	946	12.7579	0.133783	36.1	3.82
NODE_81_length_6245_cov_24.756704	1	6245	28	1961	31.4011	0.364131	35.6	1
NODE_98_length_5354_cov_128.256463	1	5354	170	4878	91.1095	2.69817	35.5	0.912
NODE_14_length_82374_cov_240.205894	1	82374	3452	75965	92.2196	3.52738	35.3	0.995
NODE_21_length_64073_cov_37.552313	1	64073	128	9661	15.0781	0.170056	35.7	15.7
NODE_22_length_61496_cov_10.163685	1	61496	277	18867	30.68	0.389277	36	0.989
NODE_27_length_56163_cov_10.570810	1	56163	3155	53566	95.376	4.8783	36.2	1.27
NODE_29_length_50686_cov_11.681381	1	50686	110	7926	15.6375	0.17419	34.3	1
NODE_34_length_49123_cov_12.946462	1	49123	458	24670	50.2209	0.79303	35.5	18.7
NODE_35_length_48678_cov_17.660634	1	48678	419	24251	49.8192	0.738157	35.4	0.962
NODE_36_length_48286_cov_161.551720	1	48286	42730	48083	99.5796	78.7959	37.6	10.2
NODE_41_length_46049_cov_22.527873	1	46049	386	23202	50.3855	0.732937	36.3	1.2
NODE_42_length_46014_cov_7.064688	1	46014	1446	41476	90.1378	2.71641	36.1	1.32
NODE_44_length_45313_cov_24.797539	1	45313	221	15031	33.1715	0.417452	35.8	2.47
NODE_45_length_44530_cov_6.085261	1	44530	132	9240	20.7501	0.243521	34.5	7.75
NODE_50_length_42455_cov_9.957995	1	42455	1627	38606	90.9339	3.26866	35.7	4.52
NODE_54_length_41545_cov_23.951314	1	41545	1340	36161	87.0406	2.8163	36.7	1.82
NODE_56_length_41017_cov_5.694693	1	41017	201	13070	31.8648	0.405905	35.1	41.8
NODE_58_length_39387_cov_195.566714	1	39387	16665	39167	99.4414	36.696	36	2.37
NODE_66_length_37340_cov_6.786992	1	37340	110	7860	21.0498	0.258302	36.9	1
NODE_74_length_32607_cov_43.428176	1	32607	95	6966	21.3635	0.255712	36	0.979
NODE_76_length_32402_cov_4.278047	1	32402	572	23190	71.5697	1.5462	36.7	1.2
NODE_85_length_29888_cov_3.843428	1	29888	548	22604	75.629	1.59793	36.5	0.993
NODE_86_length_29401_cov_5.339501	1	29401	357	17243	58.6477	1.01748	35.2	5.51
NODE_90_length_26510_cov_4.099074	1	26510	249	14215	53.6213	0.821803	36.2	0.988
NODE_91_length_25386_cov_3.813628	1	25386	967	23735	93.4964	3.20917	35.3	0.934
NODE_98_length_23399_cov_4.973441	1	23399	197	11646	49.7714	0.729604	36.5	0.99
NODE_99_length_23338_cov_3.337113	1	23338	720	20807	89.155	2.69882	36.7	1.19
NODE_100_length_23190_cov_23.457402	1	23190	1335	22503	97.0375	5.01307	36.2	1.12
NODE_102_length_22820_cov_4.048935	1	22820	346	15875	69.5662	1.30762	36	1
NODE_103_length_22548_cov_3.955764	1	22548	12	802	3.55686	0.0456803	36.2	1
NODE_122_length_18523_cov_15.849144	1	18523	4	325	1.75458	0.0175458	35.6	1
NODE_137_length_15986_cov_191.716590	1	15986	13210	15894	99.4245	73.2318	37.1	4.58
NODE_142_length_15505_cov_266.883107	1	15505	5491	15460	99.7098	30.6268	36	7.81
NODE_286_length_7396_cov_5.191118	1	7396	8	668	9.03191	0.0903191	36.4	1
NODE_394_length_5277_cov_264.588280	1	5277	6355	5275	99.9621	103.912	35.9	0.997
NODE_2_length_111600_cov_9.640486	1	111600	22505	111583	99.9848	17.901	37.3	0.991
NODE_9_length_45523_cov_3.740213	1	45523	5178	45449	99.8374	10.0344	36.9	1.01
NODE_11_length_38676_cov_4.256959	1	38676	5542	38584	99.7621	12.5133	36.3	0.997
NODE_12_length_38621_cov_4.452264	1	38621	10926	38611	99.9741	25.2003	37.7	0.988
NODE_14_length_36134_cov_22.605782	1	36134	18884	36095	99.8921	44.6818	35.8	1.01
NODE_16_length_32623_cov_3.888142	1	32623	4968	32373	99.2337	13.4146	36.8	0.99
NODE_23_length_22286_cov_4.358508	1	22286	1294	21968	98.5731	5.06497	36.4	0.985
NODE_25_length_20188_cov_3.698455	1	20188	1887	20058	99.3561	8.03938	35.9	1
NODE_50_length_10983_cov_6.236914	1	10983	4715	10908	99.3171	37.0728	36	1.02
NODE_97_length_5840_cov_82.570614	1	5840	2726	5819	99.6404	40.4476	35.9	1.62
NODE_1_length_291783_cov_17.309309	1	291783	54	3256	1.1159	0.0159879	36.4	0.463
NODE_2_length_224719_cov_12.772874	1	224719	12	1065	0.473925	0.00473925	37.6	0.667
NODE_5_length_146551_cov_138.816527	1	146551	90159	146513	99.9741	53.573	36.4	1.02
NODE_9_length_107083_cov_7.960225	1	107083	23328	106998	99.9206	19.3546	37.3	0.986
NODE_18_length_51491_cov_4.309861	1	51491	457	26611	51.6809	0.770445	36.4	1.44
NODE_23_length_46505_cov_8.013886	1	46505	878	36422	78.3185	1.63129	35.8	1.01
NODE_28_length_40659_cov_13.346394	1	40659	600	26335	64.7704	1.28122	36.2	0.983
NODE_34_length_37084_cov_5.937697	1	37084	1178	33323	89.8582	2.75671	36.3	0.909
NODE_37_length_29802_cov_5.098867	1	29802	1625	29265	98.1981	4.76951	36.5	0.993
NODE_39_length_28630_cov_5.069326	1	28630	1499	27147	94.8201	4.47688	35.8	0.997
NODE_42_length_27529_cov_6.863980	1	27529	3	258	0.937194	0.00937194	36.7	28
NODE_44_length_27445_cov_5.378131	1	27445	777	24263	88.4059	2.46617	36.4	0.995
NODE_46_length_25582_cov_5.547381	1	25582	636	21989	85.955	2.12681	35.6	0.992
NODE_48_length_24386_cov_133.440549	1	24386	28240	24312	99.6965	101.78	36.6	41.7
NODE_63_length_14529_cov_5.416955	1	14529	639	13559	93.3237	3.65132	34.9	1.94
NODE_85_length_9810_cov_429.929062	1	9810	17720	6516	66.422	158.983	36.6	1
NODE_122_length_6209_cov_70622.697433	1	6209	1403294	6209	100	19725.5	36.4	0.996
NODE_136_length_5744_cov_864.749341	1	5744	244	5466	95.1602	3.62935	35.5	4.57
NODE_147_length_5556_cov_89.738411	1	5556	4962	5554	99.964	76.3344	35.6	0.998
NODE_1_length_224519_cov_7.116856	1	224519	14	1244	0.554073	0.00554073	37.6	0.857
NODE_2_length_167110_cov_64.689713	1	167110	11328	163262	97.6973	5.96881	36.9	0.992
NODE_4_length_142877_cov_8.785747	1	142877	10	726	0.508129	0.00635512	37.8	1
NODE_5_length_139191_cov_8.620788	1	139191	40	2337	1.67899	0.0245777	35.7	0.25
NODE_21_length_49714_cov_4.278741	1	49714	469	26402	53.1078	0.821982	36.3	0.996
NODE_26_length_46532_cov_8.982421	1	46532	1522	41822	89.8779	2.85511	36.4	0.903
NODE_28_length_46427_cov_14.788256	1	46427	809	35354	76.1497	1.47974	35.7	1.06
NODE_29_length_46367_cov_11.001188	1	46367	1372	40985	88.3926	2.54532	35.7	0.98
NODE_30_length_46266_cov_83.710480	1	46266	6494	45444	98.2233	12.4312	37.2	0.992
NODE_31_length_43850_cov_11.756000	1	43850	2548	42882	97.7925	5.07359	36.5	1
NODE_32_length_43436_cov_7.077891	1	43436	214	14317	32.9611	0.420181	36.1	1.76
NODE_35_length_40899_cov_23.333831	1	40899	661	27244	66.6129	1.40986	36.1	1.05
NODE_38_length_39875_cov_5.639704	1	39875	130	9027	22.6382	0.264527	34.4	0.985
NODE_46_length_36623_cov_13.706793	1	36623	1093	32690	89.2608	2.58589	36.4	0.996
NODE_49_length_32431_cov_3.692241	1	32431	1142	29792	91.8627	3.08184	36.7	0.988
NODE_53_length_30710_cov_4.642636	1	30710	1	57	0.185607	0.00185607	34.1	0
NODE_54_length_30192_cov_5.904702	1	30192	187	12124	40.1563	0.510864	34.6	1
NODE_56_length_28912_cov_8.397962	1	28912	277	15207	52.5975	0.80873	35.1	10.9
NODE_58_length_27890_cov_4.360841	1	27890	415	18928	67.8666	1.28465	36	1.31
NODE_60_length_25063_cov_6.534149	1	25063	253	13828	55.173	0.816822	34.7	0.988
NODE_87_length_14015_cov_251.795559	1	14015	112	6269	44.7306	0.713949	37.3	1.35
NODE_153_length_7396_cov_5.593380	1	7396	11	929	12.5608	0.125608	36.7	0.909
NODE_173_length_6469_cov_774.838478	1	6469	19130	6467	99.9691	259.786	36.6	0.996
NODE_218_length_5084_cov_12194.464307	1	5084	41937	5084	100	719.508	36.3	0.997
NODE_4_length_149990_cov_22.694054	1	149990	31632	149944	99.9693	18.7121	37.4	8.26
NODE_11_length_90295_cov_118.359719	1	90295	42599	90262	99.9635	40.9977	36.4	1.04
NODE_14_length_82304_cov_225.187151	1	82304	3600	77103	93.6807	3.68677	35.3	1.02
NODE_17_length_66579_cov_12.543699	1	66579	2807	62736	94.2279	3.69354	36.6	1.34
NODE_28_length_50686_cov_13.389939	1	50686	122	9079	17.9122	0.198753	34.7	1
NODE_33_length_48678_cov_22.032392	1	48678	461	25882	53.1698	0.807202	35.5	0.991
NODE_34_length_48295_cov_29.851223	1	48295	1452	42321	87.6302	2.54569	35.5	1.51
NODE_39_length_46496_cov_26.700803	1	46496	848	35692	76.7636	1.56489	35.8	1.15
NODE_40_length_46294_cov_8.238197	1	46294	2305	43989	95.021	4.26757	35.8	16.5
NODE_44_length_45871_cov_5.078160	1	45871	311	19549	42.6173	0.582874	35.8	0.994
NODE_49_length_42667_cov_9.849948	1	42667	1369	38388	89.9712	2.82701	36.6	41.8
NODE_52_length_42307_cov_7.097250	1	42307	658	29932	70.7495	1.37055	36.8	0.989
NODE_54_length_41741_cov_10.161829	1	41741	1616	38137	91.3658	3.38619	36.2	1.04
NODE_55_length_41584_cov_17.221676	1	41584	2971	40512	97.4221	6.25786	36.5	1.13
NODE_65_length_38961_cov_7.399476	1	38961	64	5138	13.1875	0.145068	36.6	2.28
NODE_66_length_38717_cov_7.546868	1	38717	89	6509	16.8117	0.186869	34.7	0.978
NODE_68_length_38440_cov_54.510460	1	38440	1184	32510	84.5734	2.56241	35	1.17
NODE_69_length_37272_cov_3.102802	1	37272	1348	35052	94.0438	3.05554	35.3	11.6
NODE_76_length_34918_cov_18.678370	1	34918	8	679	1.94456	0.0207916	36	1
NODE_77_length_34914_cov_4.634499	1	34914	444	21431	61.3823	1.08819	35.7	41.8
NODE_78_length_34810_cov_11.848741	1	34810	1254	32743	94.0621	3.21347	37.6	7.49
NODE_82_length_32967_cov_14.811011	1	32967	357	18060	54.7821	0.894349	34.7	2.1
NODE_84_length_32573_cov_4.820715	1	32573	846	25666	78.7953	2.17686	35.2	41.9
NODE_85_length_32529_cov_5.865646	1	32529	681	26227	80.6265	1.84122	36.6	2.47
NODE_86_length_32364_cov_4.582315	1	32364	279	16057	49.6138	0.751298	36.3	9.81
NODE_87_length_32215_cov_15.592506	1	32215	252	15117	46.9253	0.662673	34.9	3.11
NODE_88_length_32149_cov_48.332741	1	32149	388	19170	59.6286	1.04084	36.2	1.21
NODE_89_length_31829_cov_62.477403	1	31829	575	22333	70.1656	1.51299	34.9	21.4
NODE_90_length_31247_cov_3.493845	1	31247	26	2073	6.63424	0.0734791	36.2	16.8
NODE_92_length_30284_cov_3.410831	1	30284	611	23799	78.5861	1.76341	36.4	13
NODE_94_length_29316_cov_3.978435	1	29316	11	901	3.07341	0.032849	35.6	34.6
NODE_98_length_27642_cov_3.629318	1	27642	434	20390	73.7646	1.35359	36	1.65
NODE_99_length_27136_cov_4.809424	1	27136	255	14504	53.4493	0.8125	35.7	2.07
NODE_103_length_25437_cov_4.427586	1	25437	344	16151	63.4941	1.1317	35	1
NODE_110_length_22758_cov_8.333524	1	22758	961	21616	94.982	3.6773	36.3	0.944
NODE_114_length_22362_cov_39.010266	1	22362	38	3106	13.8896	0.150836	36.6	0.947
NODE_119_length_21232_cov_24.778675	1	21232	1842	20807	97.9983	7.56702	36.3	0.983
NODE_120_length_20547_cov_20.156207	1	20547	688	15420	75.0475	2.7844	35.1	41.7
NODE_181_length_12451_cov_62.323975	1	12451	119	6711	53.8993	0.855674	37.6	1
NODE_214_length_10360_cov_3.570597	1	10360	153	7023	67.7896	1.23871	35.1	40.7
NODE_278_length_7396_cov_6.279662	1	7396	6	545	7.36885	0.0736885	34.5	1
NODE_286_length_7275_cov_4.567867	1	7275	244	6978	95.9175	2.95464	36.4	41.9
NODE_309_length_6605_cov_445.087328	1	6605	261	6233	94.3679	3.39319	35.8	7.02
NODE_15_length_35381_cov_29.469003	1	35381	0	0	0	0	0	0
NODE_99_length_5721_cov_1061.804977	1	5721	0	0	0	0	0	0
NODE_102_length_5581_cov_15638.208288	1	5581	0	0	0	0	0	0
NODE_104_length_5514_cov_1878.878732	1	5514	0	0	0	0	0	0
NODE_258_length_5581_cov_2813.330800	1	5581	0	0	0	0	0	0
NODE_262_length_5514_cov_38.326067	1	5514	0	0	0	0	0	0
NODE_7_length_46020_cov_16.937757	1	46020	0	0	0	0	0	0
NODE_11_length_37351_cov_3.546841	1	37351	0	0	0	0	0	0
NODE_14_length_35381_cov_20.886033	1	35381	0	0	0	0	0	0
NODE_27_length_46064_cov_34.699428	1	46064	0	0	0	0	0	0
NODE_86_length_17581_cov_4.636540	1	17581	0	0	0	0	0	0
NODE_113_length_12763_cov_3.351196	1	12763	0	0	0	0	0	0
NODE_205_length_5514_cov_740.579227	1	5514	0	0	0	0	0	0
NODE_103_length_15861_cov_5.174997	1	15861	0	0	0	0	0	0
NODE_235_length_5514_cov_1351.351346	1	5514	0	0	0	0	0	0
NODE_44_length_30436_cov_7.486422	1	30436	0	0	0	0	0	0
NODE_176_length_5514_cov_454.349698	1	5514	0	0	0	0	0	0
NODE_113_length_5514_cov_54.894486	1	5514	0	0	0	0	0	0
NODE_96_length_11662_cov_7.022019	1	11662	0	0	0	0	0	0
NODE_60_length_14961_cov_14.778747	1	14961	0	0	0	0	0	0
NODE_91_length_8647_cov_3.054702	1	8647	0	0	0	0	0	0
NODE_55_length_29701_cov_27.068205	1	29701	0	0	0	0	0	0
NODE_101_length_12031_cov_26.306363	1	12031	0	0	0	0	0	0
NODE_390_length_5581_cov_3.514839	1	5581	0	0	0	0	0	0
