#rname	startpos	endpos	numreads	covbases	coverage	meandepth	meanbaseq	meanmapq
DAS_Check_Bin_09_k119_41989:3-49450	1	45022	44870	44801	99.5091	86.6683	36.1	41.6
NODE_39_length_37768_cov_25.508657	1	35529	424	21208	59.6921	1.05246	36.8	0.983
NODE_21_length_46020_cov_7.992255	1	44173	2	124	0.280714	0.00412016	38.5	0
NODE_68_length_36781_cov_8.797283	1	22515	2149	22389	99.4404	8.37384	36.4	2.85
NODE_18_length_65286_cov_9.613313	1	61998	5885	61529	99.2435	8.27638	36.4	1.11
DAS_Check_Bin_01_k119_158026:3-190576	1	190574	43	3707	1.94518	0.0198873	36.4	41.9
DAS_Check_Bin_01_k119_45347:194-20015	1	19822	4	321	1.61941	0.0161941	36.6	11.2
NODE_10_length_44613_cov_10.908120	1	44613	1566	41544	93.1208	3.0277	36.1	0.983
NODE_13_length_36623_cov_12.491687	1	36623	2112	35884	97.9821	5.08822	36.8	0.985
NODE_14_length_36060_cov_13.057825	1	36060	65864	36049	99.9695	158.195	36.1	0.993
NODE_15_length_35381_cov_29.469003	1	35381	2	182	0.5144	0.005144	33.6	1
NODE_16_length_35370_cov_4.255189	1	35370	5091	35332	99.8926	12.6999	36.9	0.989
NODE_18_length_31157_cov_3.163269	1	31157	35765	31153	99.9872	101.658	37	0.985
NODE_22_length_23860_cov_5.129553	1	23860	1219	23433	98.2104	4.47406	36.3	6.11
NODE_25_length_23308_cov_5.171419	1	23308	132	9255	39.7074	0.497168	36.1	0.977
NODE_28_length_21720_cov_3.485299	1	21720	1605	21273	97.942	6.19452	35.2	0.994
NODE_38_length_13971_cov_7.375898	1	13971	61843	13967	99.9714	393.132	37.3	0.979
NODE_39_length_13673_cov_7.531429	1	13673	39911	13631	99.6928	260.364	37.5	1.16
NODE_86_length_6245_cov_8.653635	1	6245	99	4254	68.1185	1.38511	36.5	0.98
NODE_88_length_6209_cov_8.324829	1	6209	1060123	6209	100	15046.4	36.7	0.991
NODE_96_length_5842_cov_1098.051840	1	5842	5614	5480	93.8035	82.6886	36	1.03
NODE_99_length_5721_cov_1061.804977	1	5721	96	4322	75.5462	1.362	34.6	41.6
NODE_102_length_5581_cov_15638.208288	1	5581	229	5309	95.1263	3.43756	35.4	1.41
NODE_104_length_5514_cov_1878.878732	1	5514	23	1656	30.0326	0.338955	35	1.43
NODE_105_length_5492_cov_29.344308	1	5492	5	454	8.26657	0.0826657	37.1	17.4
NODE_109_length_5407_cov_11252.763079	1	5407	70338	5407	100	1141.27	36.5	0.995
NODE_120_length_5084_cov_34199.553390	1	5084	461685	5084	100	7992.53	36.7	0.993
NODE_2_length_172485_cov_32.775068	1	172485	307112	169683	98.3755	158.651	37.5	0.985
NODE_6_length_61068_cov_9.739465	1	61068	75501	61067	99.9984	109.396	37	1.07
NODE_7_length_58087_cov_6.947994	1	58087	6710	58000	99.8502	10.2181	37	0.992
NODE_11_length_41469_cov_25.463877	1	41469	5602	41223	99.4068	11.927	36.9	1.05
NODE_12_length_40031_cov_3.840454	1	40031	4113	23798	59.4489	9.00899	36.4	37.8
NODE_17_length_37325_cov_319.259539	1	37325	148	6532	17.5003	0.347783	37.2	0.98
NODE_19_length_36060_cov_32.684877	1	36060	67317	36006	99.8502	161.589	36.1	0.99
NODE_23_length_32292_cov_5.397959	1	32292	7703	32289	99.9907	20.6667	36	0.989
NODE_24_length_31545_cov_5.801683	1	31545	1283	28528	90.4359	3.37347	34.8	15
NODE_28_length_27475_cov_4.040518	1	27475	971	25149	91.5341	3.04633	35.7	1.16
NODE_30_length_25734_cov_5.275400	1	25734	855	22839	88.7503	2.97074	37.2	0.982
NODE_31_length_25359_cov_5.009406	1	25359	767	23023	90.7883	2.67479	37.1	0.986
NODE_41_length_22305_cov_25.908899	1	22305	7846	22289	99.9283	30.3434	35.9	2.47
NODE_42_length_22193_cov_5.490695	1	22193	2801	21929	98.8104	10.8222	35.9	37.4
NODE_48_length_18890_cov_3.341333	1	18890	108	1127	5.96612	0.49513	36.2	0.25
NODE_52_length_17580_cov_3.189843	1	17580	660	16185	92.0648	3.20887	35.4	0.983
NODE_214_length_6245_cov_8.318255	1	6245	82	4216	67.51	1.14187	36.6	1
NODE_217_length_6209_cov_8.798343	1	6209	1028582	6209	100	14603.6	36.7	0.993
NODE_258_length_5581_cov_2813.330800	1	5581	239	5327	95.4488	3.60366	35.1	1.2
NODE_262_length_5514_cov_38.326067	1	5514	16	1194	21.654	0.257708	35.6	1
NODE_268_length_5407_cov_226.692078	1	5407	81076	5407	100	1318	36.5	0.992
NODE_292_length_5084_cov_88208.156095	1	5084	500091	5071	99.7443	8656.6	36.7	0.992
NODE_7_length_46020_cov_16.937757	1	46020	7	591	1.28422	0.0136028	36.2	1
NODE_9_length_43915_cov_6.954241	1	43915	1497	40833	92.9819	2.94758	36.1	0.991
NODE_10_length_38461_cov_14.877649	1	38461	15977	38453	99.9792	36.6581	36.8	15.8
NODE_11_length_37351_cov_3.546841	1	37351	28	2255	6.03732	0.0681374	38.4	27.4
NODE_12_length_36623_cov_10.841993	1	36623	2125	36012	98.3316	5.10936	36.7	0.991
NODE_16_length_25443_cov_3.831850	1	25443	3466	25398	99.8231	12.0473	36.8	0.991
NODE_25_length_21201_cov_4.167171	1	21201	1141	20445	96.4341	4.67506	36.3	1.01
NODE_34_length_13780_cov_2.793515	1	13780	194	9856	71.5239	1.21865	36.1	0.979
NODE_39_length_12439_cov_7.203731	1	12439	55311	12439	100	395.154	37.3	1.25
NODE_72_length_6209_cov_12.989275	1	6209	1039834	6209	100	14756.7	36.7	0.991
NODE_76_length_5842_cov_1509.613790	1	5842	5584	5538	94.7963	82.2165	36	0.991
NODE_87_length_5402_cov_34.239200	1	5402	2	141	2.61014	0.0261014	33.9	1
NODE_89_length_5277_cov_5.447721	1	5277	5550	5277	100	92.069	36.2	0.993
NODE_4_length_238892_cov_6.753413	1	238892	14659	154437	64.6472	5.38486	36.6	19.2
NODE_5_length_189738_cov_6.430987	1	189738	16768	146531	77.2281	7.77047	36.6	33.1
NODE_10_length_119230_cov_6.136941	1	119230	8633	110060	92.309	6.34978	36.5	1.06
NODE_12_length_90299_cov_8.811644	1	90299	4366	84401	93.4684	4.30927	37.6	41.6
NODE_13_length_76125_cov_44.994597	1	76125	8139	45378	59.6099	9.5109	37.1	0.988
NODE_18_length_62590_cov_137.633981	1	62590	22577	62204	99.3833	31.0298	35.8	38.2
NODE_20_length_55983_cov_7.738449	1	55983	1425	38993	69.6515	2.21835	36.4	20
NODE_23_length_52152_cov_8.571204	1	52152	3	273	0.52347	0.0052347	38.3	29.3
NODE_24_length_47733_cov_200.310583	1	47733	16536	47638	99.801	30.8124	37.2	1.34
NODE_27_length_46064_cov_34.699428	1	46064	1	91	0.197551	0.00197551	35.4	1
NODE_32_length_43849_cov_21.327442	1	43849	5971	43815	99.9225	12.0327	36.9	0.992
NODE_34_length_42243_cov_6.125960	1	42243	1230	37296	88.2892	2.57579	37	0.99
NODE_40_length_37489_cov_12.035128	1	37489	2993	37342	99.6079	6.71253	35.2	0.995
NODE_41_length_37113_cov_5.778240	1	37113	8143	37079	99.9084	19.0568	36.1	0.991
NODE_44_length_36060_cov_186.741564	1	36060	66698	36046	99.9612	160.141	36.1	0.991
NODE_57_length_28964_cov_3.647964	1	28964	883	26445	91.303	2.67359	36.4	41.8
NODE_58_length_28915_cov_2.851594	1	28915	2469	28558	98.7653	7.49085	36.7	0.991
NODE_61_length_27709_cov_4.008787	1	27709	4533	27673	99.8701	14.1084	35.8	1.22
NODE_63_length_26925_cov_11.515333	1	26925	1068	25289	93.9239	3.37801	35.5	2.21
NODE_64_length_26668_cov_4.755420	1	26668	8366	26635	99.8763	26.6857	35.5	1.07
NODE_66_length_25532_cov_5.218589	1	25532	3966	25382	99.4125	13.6953	36.8	1.11
NODE_69_length_23559_cov_18.031867	1	23559	1876	22958	97.449	6.9233	36.2	13.3
NODE_71_length_22160_cov_3.786655	1	22160	7632	22114	99.7924	30.4481	36.8	1.16
NODE_86_length_17581_cov_4.636540	1	17581	30	1666	9.47614	0.154883	37.3	7.6
NODE_94_length_15427_cov_6.269321	1	15427	4490	15426	99.9935	24.2943	34.8	41.7
NODE_95_length_15356_cov_3.584733	1	15356	3779	15003	97.7012	20.74	35.3	4
NODE_113_length_12763_cov_3.351196	1	12763	107	4923	38.5724	0.721931	36.4	16.1
NODE_165_length_6963_cov_2699.768674	1	6963	29445	6958	99.9282	374.916	37.2	1.11
NODE_180_length_6209_cov_8.318817	1	6209	1038756	6209	100	14744.2	36.7	0.992
NODE_194_length_5842_cov_59.714187	1	5842	10091	5754	98.4937	150.351	36.2	1.46
NODE_205_length_5514_cov_740.579227	1	5514	16	1342	24.338	0.253355	35.7	1
NODE_209_length_5407_cov_424.684417	1	5407	86746	5362	99.1677	1407.76	36.5	0.993
NODE_212_length_5277_cov_13.385101	1	5277	5468	5275	99.9621	90.3646	36.2	0.998
NODE_213_length_5084_cov_56753.835156	1	5084	482945	5084	100	8355.16	36.7	0.993
NODE_3_length_160031_cov_246.186322	1	160031	259917	158073	98.7765	144.797	37.5	1.03
NODE_4_length_135187_cov_5.588891	1	135187	2429	59071	43.6958	1.56774	36.6	0.972
NODE_11_length_82624_cov_5.458404	1	82624	2630	50185	60.739	2.80335	36.7	0.911
NODE_20_length_47234_cov_31.155747	1	47234	15313	47220	99.9704	28.1065	36.1	3.85
NODE_22_length_45867_cov_5.463743	1	45867	1664	42357	92.3474	3.15028	36	0.976
NODE_24_length_43860_cov_6.177765	1	43860	15	1314	2.9959	0.029959	36.1	42
NODE_25_length_43849_cov_10.709458	1	43849	6334	43840	99.9795	12.7767	36.9	0.986
NODE_27_length_42291_cov_8.031513	1	42291	1290	38292	90.5441	2.70448	37.1	0.981
NODE_30_length_41337_cov_7.787607	1	41337	8777	41206	99.6831	18.4367	36.1	0.99
NODE_33_length_39957_cov_24.373239	1	39957	109663	39901	99.8598	240.347	36.3	1.14
NODE_34_length_38904_cov_21.835774	1	38904	411	7570	19.4582	0.935122	37.2	0.981
NODE_37_length_37729_cov_6.620083	1	37729	488	23132	61.3109	1.13038	36.7	0.992
NODE_38_length_37629_cov_17.014451	1	37629	3226	37441	99.5004	7.23123	35.2	0.993
NODE_42_length_35867_cov_6.690467	1	35867	2643	34906	97.3207	6.24694	35.3	41.8
NODE_43_length_35817_cov_5.543007	1	35817	510	24179	67.507	1.25909	37	10.1
NODE_46_length_35128_cov_9.695264	1	35128	1929	4786	13.6245	4.8229	36.6	29.2
NODE_47_length_34443_cov_6.100820	1	34443	443	22998	66.7712	1.15124	37.9	41.2
NODE_49_length_32550_cov_5.505924	1	32550	1359	30071	92.384	3.56061	35.5	10
NODE_72_length_21497_cov_3.547617	1	21497	782	19965	92.8734	3.16412	36.3	41.2
NODE_77_length_19576_cov_17.607807	1	19576	1193	19168	97.9158	5.27799	36.1	8.73
NODE_103_length_15861_cov_5.174997	1	15861	2	96	0.605258	0.0114747	39.1	42
NODE_210_length_6209_cov_9.798343	1	6209	1049430	6209	100	14903.9	36.7	0.991
NODE_235_length_5514_cov_1351.351346	1	5514	33	2030	36.8154	0.517954	35.4	1
NODE_243_length_5277_cov_12.775565	1	5277	5746	5267	99.8105	95.037	36.3	0.991
NODE_249_length_5084_cov_78920.386956	1	5084	482794	5084	100	8356.03	36.7	0.993
NODE_1_length_164730_cov_5.305092	1	164730	12132	138126	83.8499	6.43974	36.4	11.5
NODE_2_length_124404_cov_11.033221	1	124404	16007	124109	99.7629	11.5116	37.7	1.01
NODE_4_length_117427_cov_5.768318	1	117427	2054	48566	41.3585	1.52735	36.6	0.963
NODE_8_length_96678_cov_134.288192	1	96678	126670	95546	98.8291	116.773	37.5	0.984
NODE_28_length_43893_cov_22.428281	1	43893	6121	43828	99.8519	12.3201	36.9	1.03
NODE_29_length_42291_cov_14.926058	1	42291	1169	36458	86.2075	2.44619	37.1	0.991
NODE_33_length_37337_cov_16.555415	1	37337	13124	37324	99.9652	30.4484	36.1	1.97
NODE_34_length_37325_cov_110.555514	1	37325	165	7518	20.142	0.391159	37	0.964
NODE_36_length_36495_cov_5.297722	1	36495	453	23759	65.1021	1.09522	36.7	0.991
NODE_38_length_36114_cov_4.509720	1	36114	7450	36063	99.8588	18.3269	37.1	0.989
NODE_39_length_36060_cov_13.462408	1	36060	66680	36042	99.9501	160.226	36.1	0.992
NODE_48_length_30963_cov_4.644332	1	30963	16503	15164	48.9746	47.8075	38	1.06
NODE_54_length_29179_cov_6.736266	1	29179	1682	28624	98.0979	5.06395	36.8	0.988
NODE_66_length_21974_cov_4.464985	1	21974	1792	21788	99.1535	6.88805	35.2	0.994
NODE_181_length_6454_cov_8661.914049	1	6454	2074	6372	98.7295	27.9847	36.2	7.14
NODE_228_length_5277_cov_15.499043	1	5277	5706	5277	100	94.3076	36.2	0.993
NODE_232_length_5084_cov_53965.325313	1	5084	475669	5084	100	8226.73	36.7	0.993
NODE_2_length_164227_cov_5.664328	1	164227	7272	100887	61.4314	3.88742	36.6	0.95
NODE_17_length_61395_cov_5.757956	1	61395	2192	38415	62.5702	3.13358	36.5	0.887
NODE_26_length_47746_cov_5.112222	1	47746	14727	16622	34.8134	27.7083	38.1	1.18
NODE_31_length_42291_cov_15.102069	1	42291	1182	36761	86.9239	2.47613	36.9	0.987
NODE_44_length_30436_cov_7.486422	1	30436	12	913	2.99974	0.0312787	36.7	37
NODE_48_length_29632_cov_4.402171	1	29632	2359	29388	99.1766	6.70333	35.1	0.994
NODE_50_length_28964_cov_4.022381	1	28964	419	20009	69.0823	1.2751	36.6	0.986
NODE_51_length_27921_cov_3.034092	1	27921	963	26174	93.7431	2.99259	36	0.987
NODE_55_length_25017_cov_5.657880	1	25017	7313	24889	99.4883	25.4863	36.4	0.991
NODE_56_length_24833_cov_5.809872	1	24833	1626	24336	97.9986	5.78754	36.9	0.986
NODE_97_length_12527_cov_5.050513	1	12527	6444	12469	99.537	46.0163	37.7	1.25
NODE_176_length_5514_cov_454.349698	1	5514	14	1009	18.2989	0.212187	34.9	1
NODE_184_length_5277_cov_11.715818	1	5277	5655	5271	99.8863	93.5962	36.3	0.992
NODE_193_length_5034_cov_15.769632	1	5034	8329	5030	99.9205	144.019	36.1	6.58
NODE_1_length_114607_cov_10.147007	1	114607	232203	113487	99.0227	180.415	37.4	0.984
NODE_4_length_36816_cov_7.960991	1	36816	8089	36797	99.9484	19.0946	36.1	0.991
NODE_5_length_36230_cov_4.885114	1	36230	30	2437	6.72647	0.0743583	36.9	40.7
NODE_10_length_27385_cov_7.189535	1	27385	134	5390	19.6823	0.436005	36.9	0.985
NODE_11_length_26673_cov_11.045683	1	26673	5329	26657	99.94	17.2578	36	0.982
NODE_20_length_17239_cov_6.178596	1	17239	113	7222	41.8934	0.555311	35.8	0.965
NODE_86_length_6209_cov_9.690445	1	6209	1051229	6209	100	14924.7	36.7	0.991
NODE_113_length_5514_cov_54.894486	1	5514	22	1672	30.3228	0.346391	35.8	1
NODE_124_length_5277_cov_25.805247	1	5277	5900	5276	99.981	97.7087	36.3	0.994
NODE_1_length_167064_cov_31.023334	1	167064	99147	167059	99.997	52.7289	37.2	0.986
NODE_7_length_61042_cov_7.357896	1	61042	75405	61042	100	109.204	37	1.12
NODE_11_length_50106_cov_8.639548	1	50106	11030	50044	99.8763	19.0466	36	1.47
NODE_13_length_47685_cov_12.449024	1	47685	17975	47681	99.9916	33.4922	37.2	0.994
NODE_14_length_46328_cov_8.666393	1	46328	6828	46277	99.8899	12.7563	36	1.16
NODE_26_length_33164_cov_59.471171	1	33164	86710	33158	99.9819	234.395	38	0.98
NODE_27_length_32852_cov_6.310150	1	32852	8971	32795	99.8265	23.8153	36.4	0.986
NODE_29_length_31681_cov_4.792196	1	31681	5904	31507	99.4508	16.1245	35.8	1.03
NODE_32_length_29822_cov_3.040481	1	29822	30477	29805	99.943	86.8533	35.4	12.9
NODE_37_length_23975_cov_6.355811	1	23975	9232	23944	99.8707	33.5083	36.3	0.993
NODE_79_length_8516_cov_194.794823	1	8516	152	6306	74.0488	1.61696	38.2	0.987
NODE_109_length_6469_cov_258.754599	1	6469	9280	6465	99.9382	127.125	37	0.991
NODE_117_length_6209_cov_39356.593760	1	6209	1033285	6209	100	14660.6	36.7	0.993
NODE_131_length_5556_cov_340.263043	1	5556	35833	5556	100	557.846	36	0.995
NODE_139_length_5354_cov_334.782412	1	5354	14059	5353	99.9813	228.224	36.1	0.992
NODE_147_length_5084_cov_13961.725393	1	5084	698399	5084	100	12107.9	36.8	0.993
NODE_3_length_123329_cov_12.346099	1	123329	16061	123185	99.8832	11.6337	37.7	0.985
NODE_6_length_84822_cov_16.799037	1	84822	40049	84811	99.987	42.0612	37.4	1.74
NODE_7_length_82293_cov_17.234271	1	82293	138298	82293	100	144.003	35.6	0.994
NODE_13_length_50138_cov_17.827646	1	50138	10974	50122	99.9681	18.975	36	1.43
NODE_17_length_47511_cov_6.251033	1	47511	9757	47489	99.9537	17.7456	35.8	0.987
NODE_22_length_41227_cov_3.669387	1	41227	4931	41136	99.7793	10.5689	36.9	0.988
NODE_24_length_39433_cov_10.753847	1	39433	17998	39433	100	39.9372	36.4	21.4
NODE_34_length_29970_cov_6.653919	1	29970	6141	29960	99.9666	17.7872	36.1	0.994
NODE_35_length_29279_cov_5.928107	1	29279	3368	29149	99.556	10.3148	37.9	1.03
NODE_36_length_28663_cov_6.412088	1	28663	4090	28533	99.5465	12.483	36.4	0.986
NODE_39_length_25023_cov_3.154598	1	25023	2126	24664	98.5653	7.42225	36.4	0.988
NODE_41_length_24643_cov_3.795713	1	24643	4911	24607	99.8539	16.898	35.3	0.992
NODE_42_length_24457_cov_5.553315	1	24457	5586	24457	100	19.9019	36.3	0.988
NODE_46_length_21332_cov_3.397377	1	21332	172	10351	48.5233	0.690371	35.6	0.977
NODE_52_length_17163_cov_9.937398	1	17163	228	11303	65.8568	1.15469	36.3	0.974
NODE_119_length_6469_cov_423.735111	1	6469	9325	6467	99.9691	127.98	37	0.991
NODE_133_length_5840_cov_3038.520311	1	5840	44306	5840	100	666.69	36.4	3.62
NODE_140_length_5469_cov_7.356114	1	5469	12788	5469	100	193.011	34.6	41.8
NODE_1_length_157272_cov_245.867635	1	157272	337953	157272	100	191.63	37.5	1.5
NODE_3_length_116508_cov_7.831949	1	116508	61736	116502	99.9949	47.1207	37.2	0.998
NODE_5_length_78818_cov_6.835964	1	78818	12322	78556	99.6676	13.7014	36.5	23.3
NODE_8_length_61519_cov_6.420002	1	61519	6543	61255	99.5709	9.26436	36.4	1.01
NODE_11_length_55539_cov_10.359851	1	55539	4688	55244	99.4688	7.39882	36.5	5.6
NODE_12_length_54742_cov_5.935359	1	54742	4298	54310	99.2108	6.90853	36.7	13.9
NODE_15_length_49707_cov_409.118646	1	49707	352199	49705	99.996	617.974	36.3	4.88
NODE_19_length_46049_cov_20.145976	1	46049	4023	45904	99.6851	7.7031	36.7	0.988
NODE_31_length_37539_cov_17.903879	1	37539	10117	37498	99.8908	23.4927	36.4	1.27
NODE_32_length_37308_cov_5.588865	1	37308	1225	34029	91.211	2.90956	36.9	2.52
NODE_38_length_34710_cov_5.008022	1	34710	6001	34673	99.8934	14.8659	35.8	0.991
NODE_39_length_34383_cov_15.503059	1	34383	4244	34139	99.2903	10.7796	36.4	16.4
NODE_40_length_33198_cov_25.854600	1	33198	5867	33175	99.9307	15.5766	36.8	1.12
NODE_41_length_33019_cov_71.818742	1	33019	15679	32981	99.8849	41.51	36.3	1.16
NODE_42_length_30783_cov_6.353228	1	30783	10175	30748	99.8863	29.1662	36.8	0.985
NODE_43_length_30206_cov_3.324367	1	30206	3474	30163	99.8576	10.0824	36.5	41.7
NODE_51_length_25704_cov_4.962455	1	25704	3748	25580	99.5176	12.6318	36.1	0.988
NODE_60_length_19783_cov_3.659621	1	19783	2073	19715	99.6563	9.40408	37.9	0.983
NODE_68_length_16862_cov_6.336764	1	16862	8532	16840	99.8695	43.01	35.3	3.56
NODE_137_length_7399_cov_2.692266	1	7399	242	6788	91.7421	2.91445	37.2	0.975
NODE_157_length_6469_cov_65.568288	1	6469	9497	6463	99.9072	130.089	37	0.99
NODE_164_length_6286_cov_3.027283	1	6286	304	6070	96.5638	4.28906	37	41.5
NODE_186_length_5556_cov_469.135975	1	5556	35675	5556	100	556.253	36	0.996
NODE_193_length_5407_cov_407.749626	1	5407	147898	5407	100	2407.27	36.5	1.53
NODE_194_length_5354_cov_104.200415	1	5354	14059	5354	100	227.823	36	0.991
NODE_196_length_5277_cov_172.009958	1	5277	5724	5275	99.9621	94.7491	36.3	0.993
NODE_4_length_95966_cov_30.590652	1	95966	215371	95957	99.9906	197.527	36.8	3.22
NODE_6_length_82210_cov_5.532554	1	82210	132817	82210	100	138.516	35.6	1.01
NODE_11_length_50594_cov_377.385821	1	50594	248137	50594	100	431.185	36.5	1.29
NODE_15_length_36350_cov_5.563659	1	36350	12013	36315	99.9037	29.3074	37.2	1.01
NODE_16_length_36268_cov_5.202911	1	36268	2247	35496	97.8714	5.44265	36.7	0.988
NODE_17_length_36060_cov_30.766366	1	36060	75413	36059	99.9972	181.289	36.1	0.99
NODE_22_length_25354_cov_3.861378	1	25354	3332	25349	99.9803	11.614	36.8	0.992
NODE_25_length_22867_cov_5.385543	1	22867	2792	22785	99.6414	10.6886	36.4	1.04
NODE_4_length_50595_cov_67.659972	1	50595	242723	50594	99.998	421.704	36.5	0.987
NODE_9_length_29359_cov_4.137114	1	29359	126837	29359	100	377.543	36.4	1.6
NODE_22_length_12612_cov_2.735526	1	12612	4514	12588	99.8097	30.3485	35.3	1.23
NODE_3_length_50595_cov_82.409794	1	50595	242404	50595	100	421.096	36.5	0.988
NODE_5_length_44363_cov_4.177530	1	44363	317876	44363	100	624.825	36.3	1.35
NODE_7_length_36147_cov_14.136346	1	36147	77017	36147	100	184.628	36.1	1.24
NODE_18_length_15213_cov_9.438580	1	15213	230437	15213	100	1343.71	37.1	41.5
NODE_47_length_5840_cov_40.463440	1	5840	32800	5840	100	490.612	36.2	1.4
NODE_51_length_5556_cov_13.876568	1	5556	36267	5556	100	564.702	36	0.994
NODE_57_length_5407_cov_151.267377	1	5407	137878	5407	100	2244.07	36.5	1.04
NODE_62_length_5084_cov_1208.538278	1	5084	712692	5084	100	12364	36.8	0.992
NODE_2_length_148288_cov_23.186888	1	148288	1860	88562	59.723	1.12019	37.7	14.8
NODE_6_length_84805_cov_14.802077	1	84805	38647	84794	99.987	40.6147	37.4	1
NODE_23_length_41397_cov_28.250593	1	41397	90	6233	15.0566	0.195546	38.4	0.856
NODE_24_length_41128_cov_5.105933	1	41128	8455	41108	99.9514	17.8045	36	1.02
NODE_25_length_41104_cov_10.069039	1	41104	7799	40912	99.5329	16.6793	36.6	1.12
NODE_35_length_36642_cov_6.903080	1	36642	2146	35723	97.4919	5.16225	36.8	0.991
NODE_42_length_32103_cov_4.370444	1	32103	8244	32063	99.8754	22.5909	36.7	41.4
NODE_45_length_29051_cov_4.288419	1	29051	865	25629	88.2207	2.63506	37	0.986
NODE_47_length_27680_cov_4.110081	1	27680	3797	27375	98.8981	11.8286	35.9	0.994
NODE_51_length_25928_cov_4.825185	1	25928	2763	25808	99.5372	9.55565	37.9	0.979
NODE_54_length_22851_cov_9.800140	1	22851	1227	22043	96.464	4.63717	36.2	1.05
NODE_102_length_12697_cov_5.155751	1	12697	68345	12697	100	477.993	37.2	4.19
NODE_158_length_8436_cov_3.682138	1	8436	140	6570	77.8805	1.49692	38.2	1
NODE_209_length_6209_cov_65496.679721	1	6209	1034849	6209	100	14690.2	36.7	0.995
NODE_235_length_5556_cov_134.878749	1	5556	35397	5556	100	551.169	36	0.994
NODE_249_length_5277_cov_379.647453	1	5277	5713	5274	99.9431	94.483	36.2	0.996
NODE_4_length_133646_cov_16.294571	1	133646	50390	133644	99.9985	33.1936	36.6	16.3
NODE_7_length_115553_cov_35.746429	1	115553	1337	65268	56.4832	1.03648	37.7	0.981
NODE_18_length_57319_cov_76.520624	1	57319	1302	40709	71.0218	1.98822	36.4	0.966
NODE_24_length_50596_cov_1234.024079	1	50596	242061	50596	100	420.593	36.5	0.988
NODE_35_length_43849_cov_26.763073	1	43849	6271	43798	99.8837	12.6426	36.9	0.988
NODE_38_length_43069_cov_9.555959	1	43069	3313	42814	99.4079	6.75412	36.6	1.04
NODE_42_length_41397_cov_33.888709	1	41397	92	6313	15.2499	0.198565	38	0.891
NODE_49_length_38057_cov_4.796748	1	38057	3289	37772	99.2511	7.64847	37.1	13
NODE_51_length_37849_cov_4.749140	1	37849	1046	32857	86.8107	2.45071	37	0.986
NODE_53_length_36807_cov_5.676671	1	36807	403	18226	49.5178	0.93561	35.6	25.3
NODE_61_length_31489_cov_8.070020	1	31489	850	27157	86.2428	2.39103	37.1	0.987
NODE_63_length_27891_cov_6.995761	1	27891	3077	27691	99.2829	9.69628	36.6	14.6
NODE_64_length_27677_cov_8.435522	1	27677	17833	27670	99.9747	54.8868	35.5	1.03
NODE_69_length_26777_cov_5.823441	1	26777	2272	26672	99.6079	7.12324	35.2	1.7
NODE_76_length_25339_cov_4.381387	1	25339	8370	25331	99.9684	29.1809	36.8	0.995
NODE_77_length_25099_cov_4.340960	1	25099	1287	23720	94.5058	4.47181	36.3	4.94
NODE_78_length_24488_cov_6.858102	1	24488	532	17750	72.4845	1.875	36.1	41.2
NODE_80_length_24274_cov_3.099385	1	24274	401	15540	64.0191	1.39656	35.5	37.1
NODE_86_length_22502_cov_3.552991	1	22502	962	21200	94.2138	3.80953	37.4	10.6
NODE_101_length_17827_cov_4.586484	1	17827	15815	17817	99.9439	75.1158	35.2	1.09
NODE_110_length_17112_cov_3.368119	1	17112	192	9791	57.2172	0.968911	36.3	0.99
NODE_192_length_8422_cov_5.291144	1	8422	149	6345	75.3384	1.59701	37.7	0.98
NODE_229_length_6678_cov_5.842066	1	6678	29174	6678	100	388.158	37.2	1.3
NODE_261_length_5874_cov_27.383915	1	5874	14060	5861	99.7787	207.922	36	0.991
NODE_4_length_127150_cov_117.090247	1	127150	16173	126615	99.5792	11.3822	37.8	0.984
NODE_7_length_88941_cov_46.993812	1	88941	1118	49408	55.5514	1.12019	37.6	20.3
NODE_11_length_72839_cov_23.773563	1	72839	16594	72788	99.93	19.6468	35.9	41.7
NODE_21_length_59130_cov_12.292323	1	59130	6311	59000	99.7801	9.43076	36.9	0.985
NODE_23_length_57177_cov_114.389377	1	57177	1194	40068	70.0771	1.82822	36.4	0.959
NODE_28_length_50596_cov_1491.292179	1	50596	242652	50596	100	421.465	36.5	0.986
NODE_30_length_49587_cov_4.531979	1	49587	4062	49065	98.9473	7.16819	36.5	0.995
NODE_35_length_46803_cov_6.051467	1	46803	6832	46630	99.6304	12.8688	36.5	20.3
NODE_36_length_46752_cov_29.126753	1	46752	9027	46720	99.9316	16.7307	36	1.12
NODE_39_length_43620_cov_4.962217	1	43620	1460	40269	92.3177	2.96488	36.8	0.982
NODE_40_length_43084_cov_6.633898	1	43084	55456	43080	99.9907	110.584	35.7	1.09
NODE_45_length_40665_cov_4.748239	1	40665	462	24704	60.75	1.00106	36.7	1.05
NODE_50_length_39226_cov_10.101606	1	39226	726	31200	79.5391	1.64118	37.1	41.4
NODE_56_length_37457_cov_9.262072	1	37457	9543	37437	99.9466	22.2164	36.3	2.39
NODE_58_length_37241_cov_46.337493	1	37241	7356	37193	99.8711	17.4025	36.7	1.77
NODE_59_length_37102_cov_7.659028	1	37102	5229	37093	99.9757	12.1384	35.8	0.99
NODE_60_length_36992_cov_10.212497	1	36992	1454	33010	89.2355	3.48805	37.1	20.6
NODE_64_length_33972_cov_8.070260	1	33972	1076	31239	91.9551	2.78456	36.7	40.5
NODE_68_length_32950_cov_15.789907	1	32950	4783	32854	99.7086	12.5376	35.9	1.06
NODE_75_length_29643_cov_5.344836	1	29643	317	17403	58.7086	0.958945	38	41
NODE_76_length_29309_cov_5.208553	1	29309	1469	28357	96.7519	4.35214	36.2	10.2
NODE_77_length_28348_cov_7.729650	1	28348	2323	28041	98.917	7.28873	37.2	0.99
NODE_80_length_27821_cov_14.253908	1	27821	1901	26195	94.1555	5.92082	36.2	2.6
NODE_90_length_25254_cov_6.697329	1	25254	133	9011	35.6815	0.449671	35.7	1.22
NODE_92_length_24473_cov_5.235728	1	24473	7930	24467	99.9755	28.6805	36.8	0.985
NODE_98_length_23476_cov_4.904359	1	23476	1009	22551	96.0598	3.78633	37	13.1
NODE_107_length_20703_cov_32.120399	1	20703	3377	20675	99.8648	14.1002	36	0.97
NODE_119_length_18951_cov_5.567686	1	18951	793	18074	95.3723	3.66603	36.5	0.994
NODE_127_length_17877_cov_5.437717	1	17877	435	15276	85.4506	2.12676	36.5	41.4
NODE_337_length_5407_cov_169.755419	1	5407	133098	5407	100	2170.03	36.6	0.992
NODE_345_length_5277_cov_154.251628	1	5277	5573	5272	99.9052	92.0188	36.2	0.995
NODE_17_length_37229_cov_5.527304	1	37229	5512	37135	99.7475	13.103	37	1.08
NODE_35_length_16708_cov_7.810064	1	16708	6126	16694	99.9162	31.0631	35.3	1.76
NODE_79_length_6268_cov_7.561404	1	6268	107	4461	71.171	1.49713	36.2	1
NODE_1_length_167064_cov_29.887916	1	167064	99214	167060	99.9976	52.77	37.2	1
NODE_2_length_128004_cov_9.723710	1	128004	275157	128002	99.9984	191.684	37.5	0.993
NODE_9_length_50597_cov_221.425567	1	50597	241869	50597	100	419.925	36.5	0.995
NODE_15_length_44579_cov_4.400862	1	44579	33304	44559	99.9551	64.8093	36.2	1.22
NODE_25_length_26906_cov_5.574876	1	26906	3868	26756	99.4425	12.4289	36	1.19
NODE_66_length_7415_cov_2.395924	1	7415	275	6860	92.5152	3.29535	37.2	1.39
NODE_81_length_6245_cov_24.756704	1	6245	106	4455	71.3371	1.45941	35.9	0.991
NODE_98_length_5354_cov_128.256463	1	5354	13666	5353	99.9813	221.367	36	0.989
NODE_14_length_82374_cov_240.205894	1	82374	138104	82374	100	143.599	35.6	0.994
NODE_21_length_64073_cov_37.552313	1	64073	44166	64019	99.9157	59.8101	36.1	10.8
NODE_22_length_61496_cov_10.163685	1	61496	6285	61141	99.4227	8.9256	36.4	1
NODE_27_length_56163_cov_10.570810	1	56163	5649	55869	99.4765	8.84938	36.6	1.33
NODE_29_length_50686_cov_11.681381	1	50686	8481	50675	99.9783	13.9757	34.9	0.996
NODE_34_length_49123_cov_12.946462	1	49123	10724	49052	99.8555	18.759	35.8	18.2
NODE_35_length_48678_cov_17.660634	1	48678	9127	48658	99.9589	16.1291	35.7	0.992
NODE_36_length_48286_cov_161.551720	1	48286	139648	48233	99.8902	259.231	38	9.33
NODE_41_length_46049_cov_22.527873	1	46049	4043	45971	99.8306	7.72744	36.7	1.22
NODE_42_length_46014_cov_7.064688	1	46014	2759	45190	98.2092	5.26094	36.6	1.59
NODE_44_length_45313_cov_24.797539	1	45313	16160	45310	99.9934	31.1431	36.3	2.35
NODE_45_length_44530_cov_6.085261	1	44530	5594	44013	98.839	10.3995	34.8	4.62
NODE_50_length_42455_cov_9.957995	1	42455	5615	42445	99.9764	11.4271	35.9	5.83
NODE_54_length_41545_cov_23.951314	1	41545	8031	41466	99.8098	17.1955	37.2	2.32
NODE_56_length_41017_cov_5.694693	1	41017	6816	40977	99.9025	14.0101	35.2	41.7
NODE_58_length_39387_cov_195.566714	1	39387	122825	39350	99.9061	273.334	36.3	2.33
NODE_66_length_37340_cov_6.786992	1	37340	4185	37263	99.7938	9.97432	37.4	1.59
NODE_74_length_32607_cov_43.428176	1	32607	16418	32166	98.6475	44.0074	36.3	1.05
NODE_76_length_32402_cov_4.278047	1	32402	2708	31978	98.6914	7.41717	37	1.17
NODE_85_length_29888_cov_3.843428	1	29888	934	27467	91.8998	2.77483	37	0.97
NODE_86_length_29401_cov_5.339501	1	29401	2239	29105	98.9932	6.46117	35.5	6.19
NODE_90_length_26510_cov_4.099074	1	26510	1947	26177	98.7439	6.42395	36.4	0.992
NODE_91_length_25386_cov_3.813628	1	25386	1015	23909	94.1818	3.42622	35.7	1.09
NODE_98_length_23399_cov_4.973441	1	23399	1763	23203	99.1624	6.64246	36.7	1.01
NODE_99_length_23338_cov_3.337113	1	23338	765	21381	91.6145	2.90569	37	1.36
NODE_100_length_23190_cov_23.457402	1	23190	3352	23140	99.7844	12.7048	36.6	1.2
NODE_102_length_22820_cov_4.048935	1	22820	1029	22275	97.6117	3.96174	36.5	0.989
NODE_103_length_22548_cov_3.955764	1	22548	1231	21966	97.4188	4.84646	37.1	2.47
NODE_122_length_18523_cov_15.849144	1	18523	3356	18490	99.8218	15.3111	35.4	1.04
NODE_137_length_15986_cov_191.716590	1	15986	52605	15906	99.4996	293.736	37.5	4.6
NODE_142_length_15505_cov_266.883107	1	15505	68545	15477	99.8194	387.147	36.4	8.08
NODE_286_length_7396_cov_5.191118	1	7396	278	7103	96.0384	3.35965	37.3	0.989
NODE_394_length_5277_cov_264.588280	1	5277	5650	5274	99.9431	93.5067	36.2	0.993
NODE_2_length_111600_cov_9.640486	1	111600	13861	111342	99.7688	11.1143	37.8	0.985
NODE_9_length_45523_cov_3.740213	1	45523	23281	45502	99.9539	45.4423	37.3	0.991
NODE_11_length_38676_cov_4.256959	1	38676	13169	38644	99.9173	30.0162	36.6	1
NODE_12_length_38621_cov_4.452264	1	38621	115	7734	20.0254	0.264493	37.9	0.843
NODE_14_length_36134_cov_22.605782	1	36134	75419	36109	99.9308	180.866	36.1	1.01
NODE_16_length_32623_cov_3.888142	1	32623	10951	32486	99.5801	29.7984	37.2	0.988
NODE_23_length_22286_cov_4.358508	1	22286	2847	22187	99.5558	11.2713	36.8	0.986
NODE_25_length_20188_cov_3.698455	1	20188	1156	19159	94.9029	4.94462	36.1	0.99
NODE_50_length_10983_cov_6.236914	1	10983	56440	10935	99.563	449.174	36.3	1
NODE_97_length_5840_cov_82.570614	1	5840	31196	5840	100	467.291	36.3	1.05
NODE_1_length_291783_cov_17.309309	1	291783	2008	121842	41.7577	0.616753	37.9	2.31
NODE_2_length_224719_cov_12.772874	1	224719	1343	87883	39.108	0.537267	38	1.11
NODE_5_length_146551_cov_138.816527	1	146551	296406	146542	99.9939	177.757	36.7	1.03
NODE_9_length_107083_cov_7.960225	1	107083	15014	106852	99.7843	12.5499	37.7	0.985
NODE_18_length_51491_cov_4.309861	1	51491	592	31169	60.5329	1.02268	36.9	1.48
NODE_23_length_46505_cov_8.013886	1	46505	6671	46328	99.6194	12.4119	36	1.03
NODE_28_length_40659_cov_13.346394	1	40659	5134	40487	99.577	11.0803	36.5	1.06
NODE_34_length_37084_cov_5.937697	1	37084	2387	36647	98.8216	5.66762	36.6	0.966
NODE_37_length_29802_cov_5.098867	1	29802	3757	29781	99.9295	11.1306	36.8	0.987
NODE_39_length_28630_cov_5.069326	1	28630	4513	28371	99.0954	13.611	36	1.01
NODE_42_length_27529_cov_6.863980	1	27529	234	14559	52.886	0.761887	38.1	40
NODE_44_length_27445_cov_5.378131	1	27445	1562	26473	96.4584	5.0184	36.8	0.994
NODE_46_length_25582_cov_5.547381	1	25582	4256	25566	99.9375	14.394	35.9	0.982
NODE_48_length_24386_cov_133.440549	1	24386	62694	24326	99.754	227.721	36.9	41.5
NODE_60_length_14961_cov_14.778747	1	14961	492	13415	89.6665	2.90114	37.1	19.1
NODE_63_length_14529_cov_5.416955	1	14529	6804	14508	99.8555	39.7469	35.3	3.19
NODE_85_length_9810_cov_429.929062	1	9810	9331	9785	99.7452	84.1606	37	1.32
NODE_91_length_8647_cov_3.054702	1	8647	311	8125	93.9632	3.17335	36.6	40.8
NODE_122_length_6209_cov_70622.697433	1	6209	1041249	6209	100	14784.1	36.7	0.993
NODE_136_length_5744_cov_864.749341	1	5744	14327	5696	99.1643	216.356	36	1.1
NODE_147_length_5556_cov_89.738411	1	5556	35989	5556	100	560.123	35.9	0.994
NODE_1_length_224519_cov_7.116856	1	224519	1350	87731	39.0751	0.539905	38.1	1.03
NODE_2_length_167110_cov_64.689713	1	167110	98517	167110	100	52.3828	37.2	1
NODE_4_length_142877_cov_8.785747	1	142877	927	58573	40.9954	0.580191	38	0.968
NODE_5_length_139191_cov_8.620788	1	139191	884	57617	41.3942	0.569563	37.8	0.933
NODE_21_length_49714_cov_4.278741	1	49714	540	29199	58.734	0.954077	36.7	0.963
NODE_26_length_46532_cov_8.982421	1	46532	2945	46066	98.9985	5.5712	36.6	0.985
NODE_28_length_46427_cov_14.788256	1	46427	6792	46293	99.7114	12.6507	36	0.997
NODE_29_length_46367_cov_11.001188	1	46367	9031	46235	99.7153	16.8782	35.9	0.985
NODE_30_length_46266_cov_83.710480	1	46266	17984	46262	99.9914	34.641	37.5	1.7
NODE_31_length_43850_cov_11.756000	1	43850	6032	43762	99.7993	12.1629	36.9	1
NODE_32_length_43436_cov_7.077891	1	43436	15681	43395	99.9056	31.5304	36.4	1.6
NODE_35_length_40899_cov_23.333831	1	40899	4947	40543	99.1296	10.5964	36.5	1.1
NODE_38_length_39875_cov_5.639704	1	39875	7022	39864	99.9724	14.7514	35	1.07
NODE_46_length_36623_cov_13.706793	1	36623	2108	35853	97.8975	5.04912	36.7	0.989
NODE_49_length_32431_cov_3.692241	1	32431	6997	32401	99.9075	19.168	37.1	0.987
NODE_53_length_30710_cov_4.642636	1	30710	80	6279	20.4461	0.233084	37.7	25.6
NODE_54_length_30192_cov_5.904702	1	30192	5420	30076	99.6158	15.2734	35.2	1.24
NODE_55_length_29701_cov_27.068205	1	29701	111573	28743	96.7745	334.805	37.3	21.2
NODE_56_length_28912_cov_8.397962	1	28912	270	15276	52.8362	0.792128	35.5	16.4
NODE_58_length_27890_cov_4.360841	1	27890	7605	27803	99.6881	23.7951	36.3	1.16
NODE_60_length_25063_cov_6.534149	1	25063	2136	24832	99.0783	7.13067	35.2	0.994
NODE_87_length_14015_cov_251.795559	1	14015	8646	13958	99.5933	55.1503	37.6	1.9
NODE_101_length_12031_cov_26.306363	1	12031	531	11435	95.0461	3.92802	37.1	16.7
NODE_153_length_7396_cov_5.593380	1	7396	273	7118	96.2412	3.28786	37.1	1.04
NODE_173_length_6469_cov_774.838478	1	6469	9646	6468	99.9845	132.339	37	0.99
NODE_218_length_5084_cov_12194.464307	1	5084	657294	5084	100	11381.8	36.7	0.994
NODE_4_length_149990_cov_22.694054	1	149990	21441	149897	99.938	12.7919	37.8	9.44
NODE_11_length_90295_cov_118.359719	1	90295	139881	90295	100	135.94	36.7	1.05
NODE_14_length_82304_cov_225.187151	1	82304	139142	82303	99.9988	144.703	35.6	1.02
NODE_17_length_66579_cov_12.543699	1	66579	7065	66504	99.8874	9.38351	37	1.34
NODE_28_length_50686_cov_13.389939	1	50686	8119	50660	99.9487	13.4212	34.9	0.994
NODE_33_length_48678_cov_22.032392	1	48678	9668	48665	99.9733	17.1172	35.7	0.988
NODE_34_length_48295_cov_29.851223	1	48295	8919	48230	99.8654	16.0223	36	2.19
NODE_39_length_46496_cov_26.700803	1	46496	6890	46483	99.972	12.8287	36	1.06
NODE_40_length_46294_cov_8.238197	1	46294	7803	46294	100	14.5346	36.1	17.3
NODE_44_length_45871_cov_5.078160	1	45871	1752	43296	94.3864	3.30298	36	0.989
NODE_49_length_42667_cov_9.849948	1	42667	12456	42667	100	25.9037	37.1	41.6
NODE_52_length_42307_cov_7.097250	1	42307	1273	37577	88.8198	2.67395	37.1	1.05
NODE_54_length_41741_cov_10.161829	1	41741	3039	41340	99.0393	6.39565	36.6	1
NODE_55_length_41584_cov_17.221676	1	41584	6310	41552	99.923	13.4048	36.9	1.21
NODE_65_length_38961_cov_7.399476	1	38961	4298	38794	99.5714	9.82629	37.4	3.09
NODE_66_length_38717_cov_7.546868	1	38717	4731	38622	99.7546	10.0932	34.8	1.29
NODE_68_length_38440_cov_54.510460	1	38440	30472	38437	99.9922	67.6248	35.5	1.45
NODE_69_length_37272_cov_3.102802	1	37272	1857	35921	96.3753	4.22561	35.6	15.4
NODE_76_length_34918_cov_18.678370	1	34918	10001	34895	99.9341	24.4381	35.5	4.75
NODE_77_length_34914_cov_4.634499	1	34914	5034	34914	100	12.5585	36.2	41.8
NODE_78_length_34810_cov_11.848741	1	34810	3698	34781	99.9167	9.53531	37.9	6.05
NODE_82_length_32967_cov_14.811011	1	32967	2674	32833	99.5935	6.80887	35.2	1.46
NODE_84_length_32573_cov_4.820715	1	32573	5188	32573	100	13.57	35.6	41.8
NODE_85_length_32529_cov_5.865646	1	32529	2946	32366	99.4989	8.03277	37	2.23
NODE_86_length_32364_cov_4.582315	1	32364	2720	32346	99.9444	7.39399	36.7	14.2
NODE_87_length_32215_cov_15.592506	1	32215	6407	32168	99.8541	16.8534	35.2	2.68
NODE_88_length_32149_cov_48.332741	1	32149	8484	32148	99.9969	23.0106	36.4	1.55
NODE_89_length_31829_cov_62.477403	1	31829	50629	31817	99.9623	135.134	35.3	27.5
NODE_90_length_31247_cov_3.493845	1	31247	2062	31015	99.2575	5.83784	37	17
NODE_92_length_30284_cov_3.410831	1	30284	1058	26893	88.8027	3.09001	36.9	15.1
NODE_94_length_29316_cov_3.978435	1	29316	3489	29316	100	10.5579	37.1	41.2
NODE_98_length_27642_cov_3.629318	1	27642	1252	26758	96.802	3.95764	36.4	2.36
NODE_99_length_27136_cov_4.809424	1	27136	2086	27078	99.7863	6.70073	36.4	2.39
NODE_103_length_25437_cov_4.427586	1	25437	1807	25155	98.8914	6.0002	35.4	1.06
NODE_110_length_22758_cov_8.333524	1	22758	2151	22730	99.877	8.31567	36.6	0.954
NODE_114_length_22362_cov_39.010266	1	22362	9103	22301	99.7272	35.5708	36.3	1.01
NODE_119_length_21232_cov_24.778675	1	21232	4216	21216	99.9246	17.4263	36.6	0.97
NODE_120_length_20547_cov_20.156207	1	20547	13689	20539	99.9611	56.6736	35.4	41.7
NODE_181_length_12451_cov_62.323975	1	12451	8031	12446	99.9598	57.6999	37.6	1
NODE_214_length_10360_cov_3.570597	1	10360	1277	10360	100	10.4355	35.3	41.2
NODE_278_length_7396_cov_6.279662	1	7396	290	6943	93.8751	3.49067	37.2	0.979
NODE_286_length_7275_cov_4.567867	1	7275	982	7257	99.7526	11.9654	37	41.7
NODE_309_length_6605_cov_445.087328	1	6605	13955	6601	99.9394	183.31	36	1.31
NODE_390_length_5581_cov_3.514839	1	5581	213	5231	93.7287	3.16485	35.1	1.04
DAS_Check_Bin_07_k119_159765:247-42184	1	41938	0	0	0	0	0	0
NODE_14_length_35381_cov_20.886033	1	35381	0	0	0	0	0	0
NODE_57_length_7439_cov_2.481446	1	7439	0	0	0	0	0	0
NODE_203_length_5535_cov_3.585219	1	5535	0	0	0	0	0	0
NODE_96_length_11662_cov_7.022019	1	11662	0	0	0	0	0	0
NODE_118_length_18955_cov_3.719365	1	18955	0	0	0	0	0	0
