#rname	startpos	endpos	numreads	covbases	coverage	meandepth	meanbaseq	meanmapq
DAS_Check_Bin_09_k119_41989:3-49450	1	45022	20901	44699	99.2826	40.0808	35.9	41.7
NODE_39_length_37768_cov_25.508657	1	35529	288	17193	48.3915	0.71277	36.6	0.986
NODE_68_length_36781_cov_8.797283	1	22515	230	11884	52.7826	0.886787	36.1	3.14
NODE_18_length_65286_cov_9.613313	1	61998	924	41848	67.499	1.29193	36.1	0.988
DAS_Check_Bin_01_k119_45347:194-20015	1	19822	2	181	0.913127	0.00913127	36.6	0
DAS_Check_Bin_07_k119_159765:247-42184	1	41938	2	182	0.433974	0.00433974	37.1	42
NODE_10_length_44613_cov_10.908120	1	44613	382	22898	51.3258	0.736153	35.8	0.987
NODE_13_length_36623_cov_12.491687	1	36623	1287	34160	93.2747	3.05267	36.3	0.986
NODE_14_length_36060_cov_13.057825	1	36060	20710	35999	99.8308	49.3086	35.8	0.997
NODE_16_length_35370_cov_4.255189	1	35370	1769	34159	96.5762	4.39466	36.5	0.986
NODE_18_length_31157_cov_3.163269	1	31157	3022	30993	99.4736	8.55519	36.7	0.989
NODE_22_length_23860_cov_5.129553	1	23860	721	21581	90.4484	2.59941	36	5.76
NODE_25_length_23308_cov_5.171419	1	23308	55	4139	17.7579	0.205595	36.1	0.964
NODE_28_length_21720_cov_3.485299	1	21720	117	7212	33.2044	0.44314	35	0.991
NODE_38_length_13971_cov_7.375898	1	13971	11574	13940	99.7781	73.149	37	0.983
NODE_39_length_13673_cov_7.531429	1	13673	7061	13605	99.5027	45.8618	37.2	1.15
NODE_86_length_6245_cov_8.653635	1	6245	147	4973	79.6317	2.00673	35.6	1
NODE_88_length_6209_cov_8.324829	1	6209	1243851	6209	100	17546.2	36.5	0.994
NODE_96_length_5842_cov_1098.051840	1	5842	24218	5703	97.6207	353.65	35.7	1.04
NODE_109_length_5407_cov_11252.763079	1	5407	184429	5403	99.926	2974.5	36.2	0.996
NODE_120_length_5084_cov_34199.553390	1	5084	360473	5084	100	6201.01	36.5	0.995
NODE_2_length_172485_cov_32.775068	1	172485	76445	167396	97.0496	39.3061	37.2	0.99
NODE_6_length_61068_cov_9.739465	1	61068	6236	61002	99.8919	8.97901	36.7	1.03
NODE_7_length_58087_cov_6.947994	1	58087	1585	50253	86.5133	2.41023	36.8	0.991
NODE_11_length_41469_cov_25.463877	1	41469	2897	39968	96.3804	6.14261	36.7	1.01
NODE_12_length_40031_cov_3.840454	1	40031	255	13253	33.1068	0.555569	36.1	37
NODE_17_length_37325_cov_319.259539	1	37325	32	2119	5.67716	0.0742398	36.3	1
NODE_19_length_36060_cov_32.684877	1	36060	21099	35922	99.6173	50.3472	35.8	0.993
NODE_23_length_32292_cov_5.397959	1	32292	3775	32084	99.3559	10.0608	35.8	0.993
NODE_24_length_31545_cov_5.801683	1	31545	199	11746	37.2357	0.515201	34.8	12.2
NODE_28_length_27475_cov_4.040518	1	27475	123	8544	31.0974	0.376597	35.6	1
NODE_30_length_25734_cov_5.275400	1	25734	135	9583	37.2387	0.456828	36.8	1
NODE_31_length_25359_cov_5.009406	1	25359	232	13584	53.5668	0.814937	36.8	0.991
NODE_41_length_22305_cov_25.908899	1	22305	1370	21478	96.2923	5.24515	35.6	2.34
NODE_42_length_22193_cov_5.490695	1	22193	637	18859	84.9772	2.44478	35.6	38.6
NODE_48_length_18890_cov_3.341333	1	18890	21	779	4.12388	0.0988354	36.1	0.429
NODE_52_length_17580_cov_3.189843	1	17580	28	2197	12.4972	0.13686	35	0.893
NODE_214_length_6245_cov_8.318255	1	6245	169	5720	91.5933	2.32202	35.9	1
NODE_217_length_6209_cov_8.798343	1	6209	1205608	6209	100	17014.3	36.5	0.995
NODE_268_length_5407_cov_226.692078	1	5407	210384	5363	99.1862	3399.01	36.2	0.994
NODE_292_length_5084_cov_88208.156095	1	5084	388745	4994	98.2297	6687.8	36.4	0.995
NODE_9_length_43915_cov_6.954241	1	43915	391	22624	51.5177	0.771604	36	0.99
NODE_10_length_38461_cov_14.877649	1	38461	18362	38460	99.9974	41.8879	36.5	18.3
NODE_12_length_36623_cov_10.841993	1	36623	1210	32964	90.009	2.8818	36.4	0.995
NODE_16_length_25443_cov_3.831850	1	25443	1166	24650	96.8832	4.0272	36.5	0.992
NODE_25_length_21201_cov_4.167171	1	21201	583	18516	87.3355	2.39583	36	1.01
NODE_34_length_13780_cov_2.793515	1	13780	1560	13769	99.9202	9.75813	35.8	0.992
NODE_39_length_12439_cov_7.203731	1	12439	10267	12437	99.9839	72.9325	37	1.19
NODE_72_length_6209_cov_12.989275	1	6209	1215643	6209	100	17149.5	36.5	0.994
NODE_76_length_5842_cov_1509.613790	1	5842	22832	5798	99.2468	333.357	35.7	0.994
NODE_89_length_5277_cov_5.447721	1	5277	25667	5277	100	421.247	36	0.997
NODE_4_length_238892_cov_6.753413	1	238892	1107	64904	27.1688	0.406443	36.2	19.5
NODE_5_length_189738_cov_6.430987	1	189738	1361	70652	37.2366	0.627845	36.3	33.9
NODE_10_length_119230_cov_6.136941	1	119230	587	39912	33.4748	0.426084	36	1.06
NODE_12_length_90299_cov_8.811644	1	90299	1711	65668	72.7228	1.68231	37.4	41.7
NODE_13_length_76125_cov_44.994597	1	76125	2826	41565	54.601	3.28855	36.9	0.993
NODE_18_length_62590_cov_137.633981	1	62590	3460	57201	91.39	4.7112	35.5	37.8
NODE_20_length_55983_cov_7.738449	1	55983	138	10835	19.3541	0.214494	35.8	21.9
NODE_23_length_52152_cov_8.571204	1	52152	4	337	0.646188	0.00646188	37	42
NODE_24_length_47733_cov_200.310583	1	47733	7711	47388	99.2772	14.2885	36.9	1.13
NODE_32_length_43849_cov_21.327442	1	43849	2061	42193	96.2234	4.13362	36.6	0.986
NODE_34_length_42243_cov_6.125960	1	42243	189	12938	30.6276	0.396539	36.7	0.984
NODE_40_length_37489_cov_12.035128	1	37489	170	11371	30.3316	0.375844	35	0.976
NODE_41_length_37113_cov_5.778240	1	37113	4364	37078	99.9057	10.1055	35.8	0.995
NODE_44_length_36060_cov_186.741564	1	36060	21075	36014	99.8724	50.1884	35.8	0.992
NODE_57_length_28964_cov_3.647964	1	28964	240	14437	49.8446	0.712781	36.1	41.5
NODE_58_length_28915_cov_2.851594	1	28915	492	22355	77.3128	1.48542	36.6	0.986
NODE_61_length_27709_cov_4.008787	1	27709	624	22382	80.7752	1.93558	35.6	1.21
NODE_63_length_26925_cov_11.515333	1	26925	64	4762	17.6862	0.204494	35	6.3
NODE_64_length_26668_cov_4.755420	1	26668	814	21644	81.1609	2.58523	35.3	1.05
NODE_66_length_25532_cov_5.218589	1	25532	1732	24364	95.4253	5.93835	36.5	0.991
NODE_69_length_23559_cov_18.031867	1	23559	323	15077	63.9968	1.17781	36	11.4
NODE_71_length_22160_cov_3.786655	1	22160	7858	22125	99.8421	31.1535	36.6	1.03
NODE_94_length_15427_cov_6.269321	1	15427	271	11107	71.9971	1.44117	34.7	41.6
NODE_95_length_15356_cov_3.584733	1	15356	804	13653	88.9099	4.36982	35	3.91
NODE_113_length_12763_cov_3.351196	1	12763	27	1962	15.3726	0.18107	35.7	13.6
NODE_165_length_6963_cov_2699.768674	1	6963	5506	6860	98.5208	69.7517	36.9	1.11
NODE_180_length_6209_cov_8.318817	1	6209	1214554	6209	100	17133.7	36.5	0.995
NODE_194_length_5842_cov_59.714187	1	5842	43573	5808	99.418	642.944	36	1.45
NODE_209_length_5407_cov_424.684417	1	5407	225426	5401	99.889	3639.09	36.2	0.995
NODE_212_length_5277_cov_13.385101	1	5277	25935	5277	100	426.019	36	0.997
NODE_213_length_5084_cov_56753.835156	1	5084	376739	5084	100	6476.19	36.5	0.995
NODE_3_length_160031_cov_246.186322	1	160031	66749	156118	97.5548	36.9921	37.2	1.01
NODE_4_length_135187_cov_5.588891	1	135187	158	10908	8.06882	0.101659	36.5	0.981
NODE_11_length_82624_cov_5.458404	1	82624	221	15147	18.3324	0.234387	36.4	0.914
NODE_20_length_47234_cov_31.155747	1	47234	2992	43295	91.6607	5.47525	35.9	2.79
NODE_22_length_45867_cov_5.463743	1	45867	412	23471	51.1719	0.764994	35.6	0.978
NODE_24_length_43860_cov_6.177765	1	43860	4	321	0.731874	0.00731874	36.2	42
NODE_25_length_43849_cov_10.709458	1	43849	1992	42683	97.3409	3.9784	36.5	0.992
NODE_27_length_42291_cov_8.031513	1	42291	142	10240	24.2132	0.299402	36.8	1
NODE_30_length_41337_cov_7.787607	1	41337	4639	41065	99.342	9.64216	35.8	0.996
NODE_33_length_39957_cov_24.373239	1	39957	18662	39853	99.7397	40.6326	36.1	1.13
NODE_34_length_38904_cov_21.835774	1	38904	113	5006	12.8676	0.257146	37.1	0.973
NODE_37_length_37729_cov_6.620083	1	37729	299	17167	45.5008	0.690344	36.4	0.99
NODE_38_length_37629_cov_17.014451	1	37629	180	12856	34.1651	0.397353	34.8	0.989
NODE_42_length_35867_cov_6.690467	1	35867	148	9873	27.5267	0.355787	35.1	41.7
NODE_43_length_35817_cov_5.543007	1	35817	303	18229	50.8948	0.745512	36.5	6.79
NODE_46_length_35128_cov_9.695264	1	35128	332	4066	11.5748	0.821965	36.3	30.3
NODE_47_length_34443_cov_6.100820	1	34443	85	6660	19.3363	0.217838	37.5	41.2
NODE_49_length_32550_cov_5.505924	1	32550	134	8392	25.7819	0.339816	34.9	22.2
NODE_72_length_21497_cov_3.547617	1	21497	685	18270	84.9886	2.77597	36.2	41.3
NODE_77_length_19576_cov_17.607807	1	19576	205	10400	53.1263	0.896966	35.6	10.5
NODE_210_length_6209_cov_9.798343	1	6209	1224634	6209	100	17291	36.5	0.994
NODE_243_length_5277_cov_12.775565	1	5277	25884	5277	100	424.663	35.9	0.995
NODE_249_length_5084_cov_78920.386956	1	5084	377606	5084	100	6496.34	36.4	0.995
NODE_1_length_164730_cov_5.305092	1	164730	811	51012	30.967	0.426613	36.2	12.1
NODE_2_length_124404_cov_11.033221	1	124404	7658	119479	96.0411	5.48515	37.4	0.995
NODE_4_length_117427_cov_5.768318	1	117427	166	10865	9.25256	0.122893	36.5	0.964
NODE_8_length_96678_cov_134.288192	1	96678	32466	94611	97.862	29.8205	37.3	0.989
NODE_28_length_43893_cov_22.428281	1	43893	2012	42209	96.1634	4.02094	36.6	0.992
NODE_29_length_42291_cov_14.926058	1	42291	191	12667	29.952	0.402521	36.9	1
NODE_33_length_37337_cov_16.555415	1	37337	2620	35414	94.8496	6.02357	35.9	1.81
NODE_34_length_37325_cov_110.555514	1	37325	47	3070	8.22505	0.109551	36.7	0.957
NODE_36_length_36495_cov_5.297722	1	36495	302	18660	51.1303	0.715139	36.4	0.977
NODE_38_length_36114_cov_4.509720	1	36114	2727	35986	99.6456	6.67212	36.9	0.987
NODE_39_length_36060_cov_13.462408	1	36060	21378	36007	99.853	50.8844	35.8	0.993
NODE_48_length_30963_cov_4.644332	1	30963	6981	18649	60.23	20.0884	37.7	1.29
NODE_54_length_29179_cov_6.736266	1	29179	1056	26693	91.4802	3.15727	36.4	0.992
NODE_66_length_21974_cov_4.464985	1	21974	114	7898	35.9425	0.44225	35.1	1
NODE_181_length_6454_cov_8661.914049	1	6454	1849	2314	35.8537	24.9761	36.6	1.05
NODE_228_length_5277_cov_15.499043	1	5277	25864	5277	100	424.147	36	0.996
NODE_232_length_5084_cov_53965.325313	1	5084	372870	5084	100	6408.45	36.5	0.995
NODE_2_length_164227_cov_5.664328	1	164227	545	35341	21.5196	0.288948	36.2	0.967
NODE_17_length_61395_cov_5.757956	1	61395	201	13524	22.0279	0.285382	36.3	0.96
NODE_26_length_47746_cov_5.112222	1	47746	6517	32283	67.614	12.2079	37.7	4.98
NODE_31_length_42291_cov_15.102069	1	42291	117	9072	21.4514	0.243196	36.7	1
NODE_48_length_29632_cov_4.402171	1	29632	122	8318	28.071	0.346754	35	1.66
NODE_50_length_28964_cov_4.022381	1	28964	247	14749	50.9218	0.748343	36.6	0.976
NODE_51_length_27921_cov_3.034092	1	27921	211	13544	48.5083	0.647255	35.6	1
NODE_55_length_25017_cov_5.657880	1	25017	1188	23403	93.5484	4.13415	36.1	0.992
NODE_56_length_24833_cov_5.809872	1	24833	930	22829	91.9301	3.27774	36.5	0.984
NODE_97_length_12527_cov_5.050513	1	12527	1938	12181	97.238	13.7658	37.4	1.19
NODE_184_length_5277_cov_11.715818	1	5277	26089	5277	100	428.067	36	0.996
NODE_193_length_5034_cov_15.769632	1	5034	11620	5030	99.9205	198.809	35.8	8.03
NODE_1_length_114607_cov_10.147007	1	114607	58173	112253	97.946	44.9719	37.2	0.988
NODE_4_length_36816_cov_7.960991	1	36816	4322	36542	99.2558	10.1167	35.8	0.996
NODE_5_length_36230_cov_4.885114	1	36230	9	742	2.04803	0.0215843	36.1	42
NODE_10_length_27385_cov_7.189535	1	27385	52	3425	12.5068	0.165163	36.3	1
NODE_11_length_26673_cov_11.045683	1	26673	879	24365	91.3471	2.83613	35.7	0.991
NODE_20_length_17239_cov_6.178596	1	17239	704	16000	92.8128	3.48228	35.6	0.98
NODE_86_length_6209_cov_9.690445	1	6209	1227556	6209	100	17324.6	36.5	0.994
NODE_124_length_5277_cov_25.805247	1	5277	26021	5277	100	427.682	36	0.997
NODE_1_length_167064_cov_31.023334	1	167064	97038	167056	99.9952	51.3676	37	0.991
NODE_7_length_61042_cov_7.357896	1	61042	6290	60937	99.828	9.06419	36.7	1.11
NODE_11_length_50106_cov_8.639548	1	50106	5935	49769	99.3274	10.1648	35.8	1.45
NODE_13_length_47685_cov_12.449024	1	47685	8494	47498	99.6078	15.7197	36.9	0.997
NODE_14_length_46328_cov_8.666393	1	46328	3635	45874	99.02	6.73301	35.8	1.11
NODE_26_length_33164_cov_59.471171	1	33164	35356	33130	99.8975	95.057	37.6	0.984
NODE_27_length_32852_cov_6.310150	1	32852	1547	31480	95.8237	4.07062	36.1	0.987
NODE_29_length_31681_cov_4.792196	1	31681	1750	30658	96.7709	4.75253	35.6	1.01
NODE_32_length_29822_cov_3.040481	1	29822	1431	27013	90.5808	4.02186	35.2	14.4
NODE_37_length_23975_cov_6.355811	1	23975	4405	23972	99.9875	15.9494	36.1	0.99
NODE_79_length_8516_cov_194.794823	1	8516	24912	8516	100	261.507	37.7	0.988
NODE_109_length_6469_cov_258.754599	1	6469	16066	6469	100	219.396	36.7	0.993
NODE_117_length_6209_cov_39356.593760	1	6209	1205472	6209	100	16999.2	36.4	0.995
NODE_131_length_5556_cov_340.263043	1	5556	37780	5556	100	583.506	35.7	0.996
NODE_139_length_5354_cov_334.782412	1	5354	18819	5353	99.9813	303.047	35.8	0.993
NODE_147_length_5084_cov_13961.725393	1	5084	547836	5084	100	9446.37	36.5	0.995
NODE_3_length_123329_cov_12.346099	1	123329	7744	119360	96.7818	5.59276	37.4	0.992
NODE_6_length_84822_cov_16.799037	1	84822	14338	84810	99.9859	14.9743	37.2	1.77
NODE_7_length_82293_cov_17.234271	1	82293	10351	82218	99.9089	10.6784	35.4	0.994
NODE_13_length_50138_cov_17.827646	1	50138	5765	50010	99.7447	9.88639	35.8	1.52
NODE_17_length_47511_cov_6.251033	1	47511	2688	46420	97.7037	4.83886	35.5	0.993
NODE_22_length_41227_cov_3.669387	1	41227	1244	37221	90.2831	2.65515	36.6	0.996
NODE_24_length_39433_cov_10.753847	1	39433	8819	39410	99.9417	19.4687	36.2	21.3
NODE_34_length_29970_cov_6.653919	1	29970	1255	28618	95.4888	3.6048	35.7	1
NODE_35_length_29279_cov_5.928107	1	29279	1409	28805	98.3811	4.29209	37.6	1.16
NODE_36_length_28663_cov_6.412088	1	28663	1911	27823	97.0694	5.83892	36.3	0.987
NODE_39_length_25023_cov_3.154598	1	25023	865	22829	91.2321	3.01906	36.1	1.14
NODE_41_length_24643_cov_3.795713	1	24643	1074	23199	94.1403	3.65564	35	0.993
NODE_42_length_24457_cov_5.553315	1	24457	1065	22929	93.7523	3.77769	36.2	0.983
NODE_46_length_21332_cov_3.397377	1	21332	851	19922	93.3902	3.41023	35.4	0.998
NODE_52_length_17163_cov_9.937398	1	17163	1941	17139	99.8602	9.75319	35.8	0.994
NODE_119_length_6469_cov_423.735111	1	6469	15962	6469	100	217.914	36.7	0.994
NODE_133_length_5840_cov_3038.520311	1	5840	189843	5840	100	2841.04	36.2	3.64
NODE_140_length_5469_cov_7.356114	1	5469	1717	5469	100	24.4902	33.5	41.9
NODE_1_length_157272_cov_245.867635	1	157272	84230	157272	100	47.5329	37.2	1.41
NODE_3_length_116508_cov_7.831949	1	116508	59563	116489	99.9837	45.3051	36.9	0.998
NODE_5_length_78818_cov_6.835964	1	78818	5027	73138	92.7935	5.55818	36.2	27.4
NODE_8_length_61519_cov_6.420002	1	61519	1042	43927	71.404	1.46048	36	1.01
NODE_11_length_55539_cov_10.359851	1	55539	1449	48487	87.3026	2.27865	36.2	5.09
NODE_12_length_54742_cov_5.935359	1	54742	1880	47675	87.0904	3.00435	36.4	16.4
NODE_15_length_49707_cov_409.118646	1	49707	37341	49596	99.7767	65.1703	36.1	3.92
NODE_19_length_46049_cov_20.145976	1	46049	702	32734	71.0851	1.34092	36.7	0.991
NODE_31_length_37539_cov_17.903879	1	37539	1724	35888	95.6019	3.96257	36.1	1.21
NODE_32_length_37308_cov_5.588865	1	37308	978	32301	86.5793	2.31055	36.7	1.95
NODE_38_length_34710_cov_5.008022	1	34710	709	28405	81.8352	1.74636	35.6	0.994
NODE_39_length_34383_cov_15.503059	1	34383	3473	33331	96.9403	8.77047	36.1	11.2
NODE_40_length_33198_cov_25.854600	1	33198	1644	31860	95.9696	4.33876	36.5	1.17
NODE_41_length_33019_cov_71.818742	1	33019	4482	32532	98.5251	11.8079	36.1	1.23
NODE_42_length_30783_cov_6.353228	1	30783	10584	30754	99.9058	30.2123	36.5	0.988
NODE_43_length_30206_cov_3.324367	1	30206	540	22067	73.055	1.55251	36.3	41.7
NODE_51_length_25704_cov_4.962455	1	25704	2103	25474	99.1052	7.01545	35.8	0.997
NODE_60_length_19783_cov_3.659621	1	19783	942	18937	95.7236	4.24329	37.6	0.989
NODE_68_length_16862_cov_6.336764	1	16862	1770	16786	99.5493	8.85103	35.1	4.33
NODE_137_length_7399_cov_2.692266	1	7399	86	4732	63.9546	1.03352	36.6	1
NODE_157_length_6469_cov_65.568288	1	6469	15967	6469	100	218.022	36.7	0.993
NODE_186_length_5556_cov_469.135975	1	5556	38004	5556	100	587.543	35.7	0.998
NODE_193_length_5407_cov_407.749626	1	5407	371337	5407	100	6005.78	36.2	1.55
NODE_194_length_5354_cov_104.200415	1	5354	18532	5353	99.9813	298.066	35.8	0.99
NODE_196_length_5277_cov_172.009958	1	5277	25788	5276	99.981	424.038	36	0.995
NODE_4_length_95966_cov_30.590652	1	95966	108312	95954	99.9875	98.7488	36.5	3.47
NODE_6_length_82210_cov_5.532554	1	82210	10082	81993	99.736	10.439	35.4	1.01
NODE_11_length_50594_cov_377.385821	1	50594	251221	50594	100	434.491	36.3	1.25
NODE_15_length_36350_cov_5.563659	1	36350	6076	36316	99.9065	14.7243	36.9	1.02
NODE_16_length_36268_cov_5.202911	1	36268	1235	33092	91.243	2.97268	36.4	0.991
NODE_17_length_36060_cov_30.766366	1	36060	23961	36054	99.9834	57.2267	35.9	0.994
NODE_22_length_25354_cov_3.861378	1	25354	1149	24914	98.2646	3.99617	36.6	0.994
NODE_25_length_22867_cov_5.385543	1	22867	2618	22718	99.3484	9.96628	36.2	0.994
NODE_4_length_50595_cov_67.659972	1	50595	246787	50594	99.998	426.926	36.3	0.991
NODE_9_length_29359_cov_4.137114	1	29359	16836	29355	99.9864	49.9272	36.2	1.42
NODE_22_length_12612_cov_2.735526	1	12612	901	12242	97.0663	5.95639	35	1.21
NODE_3_length_50595_cov_82.409794	1	50595	244461	50594	99.998	422.784	36.3	0.991
NODE_5_length_44363_cov_4.177530	1	44363	34944	44361	99.9955	68.3394	36.1	1.26
NODE_7_length_36147_cov_14.136346	1	36147	24597	36144	99.9917	58.5758	35.9	1.25
NODE_18_length_15213_cov_9.438580	1	15213	18615	15207	99.9606	108.024	36.8	41.7
NODE_47_length_5840_cov_40.463440	1	5840	143250	5840	100	2131.27	36	1.37
NODE_51_length_5556_cov_13.876568	1	5556	38807	5556	100	600.536	35.7	0.996
NODE_57_length_5407_cov_151.267377	1	5407	344284	5407	100	5572.87	36.3	1.02
NODE_62_length_5084_cov_1208.538278	1	5084	551396	5084	100	9507.99	36.5	0.995
NODE_2_length_148288_cov_23.186888	1	148288	622	43155	29.1022	0.373065	37.3	13
NODE_6_length_84805_cov_14.802077	1	84805	13928	84789	99.9811	14.5748	37.2	1.01
NODE_23_length_41397_cov_28.250593	1	41397	150	11228	27.1227	0.319685	37.6	0.933
NODE_24_length_41128_cov_5.105933	1	41128	1540	38758	94.2375	3.21365	35.7	1.01
NODE_25_length_41104_cov_10.069039	1	41104	2426	38993	94.8642	5.14004	36.3	1.12
NODE_35_length_36642_cov_6.903080	1	36642	1271	33888	92.484	3.03482	36.5	0.996
NODE_42_length_32103_cov_4.370444	1	32103	577	24125	75.1487	1.56253	36.6	41.2
NODE_45_length_29051_cov_4.288419	1	29051	81	6486	22.3263	0.247943	36.9	0.988
NODE_47_length_27680_cov_4.110081	1	27680	577	20979	75.7912	1.77883	35.5	0.993
NODE_51_length_25928_cov_4.825185	1	25928	1259	25129	96.9184	4.31715	37.5	0.987
NODE_54_length_22851_cov_9.800140	1	22851	228	12481	54.6191	0.862588	36	1.08
NODE_102_length_12697_cov_5.155751	1	12697	12913	12638	99.5353	89.8664	37	4.59
NODE_158_length_8436_cov_3.682138	1	8436	24462	8431	99.9407	259.315	37.7	0.988
NODE_209_length_6209_cov_65496.679721	1	6209	1211319	6209	100	17090.8	36.5	0.997
NODE_235_length_5556_cov_134.878749	1	5556	38471	5556	100	595.456	35.7	0.997
NODE_249_length_5277_cov_379.647453	1	5277	25998	5277	100	426.413	36	1
NODE_4_length_133646_cov_16.294571	1	133646	3613	111707	83.5842	2.35897	36.3	16.6
NODE_7_length_115553_cov_35.746429	1	115553	525	31273	27.0638	0.402871	37.6	0.989
NODE_18_length_57319_cov_76.520624	1	57319	134	9924	17.3136	0.202673	36.1	0.925
NODE_24_length_50596_cov_1234.024079	1	50596	246275	50596	100	425.701	36.3	0.991
NODE_35_length_43849_cov_26.763073	1	43849	2187	42742	97.4754	4.38464	36.5	0.993
NODE_38_length_43069_cov_9.555959	1	43069	1173	36800	85.4443	2.38877	36.4	1.03
NODE_42_length_41397_cov_33.888709	1	41397	166	11594	28.0069	0.359688	38.1	0.892
NODE_49_length_38057_cov_4.796748	1	38057	290	17002	44.6751	0.670547	36.7	18.1
NODE_51_length_37849_cov_4.749140	1	37849	145	10803	28.5424	0.340432	36.8	0.993
NODE_53_length_36807_cov_5.676671	1	36807	159	10084	27.397	0.363165	35.3	23.2
NODE_61_length_31489_cov_8.070020	1	31489	300	17025	54.0665	0.845216	36.9	0.983
NODE_63_length_27891_cov_6.995761	1	27891	324	14667	52.5869	1.018	36.4	15
NODE_64_length_27677_cov_8.435522	1	27677	643	22583	81.5948	1.94656	35.2	1.01
NODE_69_length_26777_cov_5.823441	1	26777	139	8527	31.8445	0.42727	35	0.993
NODE_76_length_25339_cov_4.381387	1	25339	8518	25308	99.8777	29.5033	36.5	0.992
NODE_77_length_25099_cov_4.340960	1	25099	273	13918	55.4524	0.938683	36	6.7
NODE_78_length_24488_cov_6.858102	1	24488	237	12050	49.2078	0.836369	36.1	41.3
NODE_80_length_24274_cov_3.099385	1	24274	1858	24142	99.4562	6.52295	35.5	40.7
NODE_86_length_22502_cov_3.552991	1	22502	161	10582	47.0269	0.633544	36.9	11.9
NODE_101_length_17827_cov_4.586484	1	17827	4992	17799	99.8429	23.5641	35	1.13
NODE_110_length_17112_cov_3.368119	1	17112	1930	17072	99.7662	9.74439	35.8	0.995
NODE_192_length_8422_cov_5.291144	1	8422	24854	8421	99.9881	263.889	37.7	0.987
NODE_229_length_6678_cov_5.842066	1	6678	5236	6676	99.9701	69.1556	36.9	1.35
NODE_261_length_5874_cov_27.383915	1	5874	18594	5874	100	273.489	35.8	0.992
NODE_4_length_127150_cov_117.090247	1	127150	7645	122877	96.6394	5.34901	37.5	0.99
NODE_7_length_88941_cov_46.993812	1	88941	504	25367	28.5212	0.506965	37.5	16.9
NODE_11_length_72839_cov_23.773563	1	72839	19312	72526	99.5703	22.7352	35.7	41.8
NODE_21_length_59130_cov_12.292323	1	59130	1531	50835	85.9716	2.26751	36.7	0.993
NODE_23_length_57177_cov_114.389377	1	57177	109	8107	14.1788	0.163038	35.8	0.927
NODE_28_length_50596_cov_1491.292179	1	50596	246409	50596	100	425.846	36.3	0.99
NODE_30_length_49587_cov_4.531979	1	49587	1393	44850	90.4471	2.45183	36.3	0.986
NODE_35_length_46803_cov_6.051467	1	46803	561	28228	60.3124	1.05399	36.4	20.7
NODE_36_length_46752_cov_29.126753	1	46752	1825	43819	93.7265	3.34336	35.8	1.03
NODE_39_length_43620_cov_4.962217	1	43620	1128	37594	86.1852	2.27717	36.5	0.984
NODE_40_length_43084_cov_6.633898	1	43084	5493	42875	99.5149	10.8953	35.5	1.13
NODE_45_length_40665_cov_4.748239	1	40665	279	17721	43.578	0.599631	36.4	0.989
NODE_50_length_39226_cov_10.101606	1	39226	352	20934	53.3677	0.783715	36.7	41.4
NODE_56_length_37457_cov_9.262072	1	37457	1636	35061	93.6033	3.80006	36.2	2.64
NODE_58_length_37241_cov_46.337493	1	37241	2207	36147	97.0624	5.19256	36.5	2.29
NODE_59_length_37102_cov_7.659028	1	37102	804	29865	80.4943	1.86216	35.7	0.981
NODE_60_length_36992_cov_10.212497	1	36992	547	24095	65.1357	1.29909	37	18.2
NODE_64_length_33972_cov_8.070260	1	33972	499	23011	67.7352	1.27275	36.3	40.9
NODE_68_length_32950_cov_15.789907	1	32950	2675	32673	99.1593	6.97211	35.8	1.06
NODE_75_length_29643_cov_5.344836	1	29643	143	9679	32.6519	0.430051	37.6	40.8
NODE_76_length_29309_cov_5.208553	1	29309	383	18851	64.3181	1.12276	35.8	14.5
NODE_77_length_28348_cov_7.729650	1	28348	171	11096	39.1421	0.540073	37	0.988
NODE_80_length_27821_cov_14.253908	1	27821	340	15255	54.8327	1.0629	36.1	3.21
NODE_90_length_25254_cov_6.697329	1	25254	90	5803	22.9785	0.30902	35.9	1
NODE_92_length_24473_cov_5.235728	1	24473	8077	24467	99.9755	28.9556	36.5	0.992
NODE_98_length_23476_cov_4.904359	1	23476	208	12347	52.5941	0.777347	36.8	11.2
NODE_107_length_20703_cov_32.120399	1	20703	725	19597	94.6578	3.02217	35.8	0.997
NODE_119_length_18951_cov_5.567686	1	18951	475	16325	86.1432	2.18648	36.5	1.01
NODE_127_length_17877_cov_5.437717	1	17877	682	16757	93.735	3.33669	36.2	41.8
NODE_337_length_5407_cov_169.755419	1	5407	331766	5407	100	5376.13	36.3	0.995
NODE_345_length_5277_cov_154.251628	1	5277	25945	5277	100	426.266	36	0.996
NODE_17_length_37229_cov_5.527304	1	37229	2554	36125	97.0346	6.04521	36.8	1.08
NODE_35_length_16708_cov_7.810064	1	16708	1228	16489	98.6893	6.18632	35.1	1.8
NODE_79_length_6268_cov_7.561404	1	6268	124	4807	76.6911	1.69639	35.6	1
NODE_1_length_167064_cov_29.887916	1	167064	96903	167056	99.9952	51.2644	36.9	1
NODE_2_length_128004_cov_9.723710	1	128004	70167	128004	100	48.6573	37.3	0.997
NODE_9_length_50597_cov_221.425567	1	50597	247403	50596	99.998	427.685	36.3	0.998
NODE_15_length_44579_cov_4.400862	1	44579	5266	44415	99.6321	10.1597	35.9	1.23
NODE_25_length_26906_cov_5.574876	1	26906	2252	26356	97.9558	7.18684	35.8	1.06
NODE_66_length_7415_cov_2.395924	1	7415	83	4479	60.4046	0.978287	36.6	1.37
NODE_81_length_6245_cov_24.756704	1	6245	125	4960	79.4235	1.73643	35.7	0.992
NODE_98_length_5354_cov_128.256463	1	5354	18392	5353	99.9813	295.51	35.8	0.992
NODE_14_length_82374_cov_240.205894	1	82374	10454	82264	99.8665	10.8136	35.4	0.993
NODE_21_length_64073_cov_37.552313	1	64073	7698	62837	98.071	10.3742	35.9	12.1
NODE_22_length_61496_cov_10.163685	1	61496	1036	43825	71.2648	1.45749	36.1	0.983
NODE_27_length_56163_cov_10.570810	1	56163	1846	50410	89.7566	2.88688	36.3	1.27
NODE_29_length_50686_cov_11.681381	1	50686	435	24172	47.6897	0.701436	34.7	0.982
NODE_34_length_49123_cov_12.946462	1	49123	1257	41329	84.1337	2.19412	35.6	16.1
NODE_35_length_48678_cov_17.660634	1	48678	2704	47439	97.4547	4.7548	35.5	0.993
NODE_36_length_48286_cov_161.551720	1	48286	58888	48202	99.826	108.868	37.7	10.5
NODE_41_length_46049_cov_22.527873	1	46049	683	31499	68.4032	1.29286	36.5	1.16
NODE_42_length_46014_cov_7.064688	1	46014	1051	36755	79.8779	1.99607	36.4	1.55
NODE_44_length_45313_cov_24.797539	1	45313	1885	42057	92.8144	3.6038	36.1	1.65
NODE_45_length_44530_cov_6.085261	1	44530	1088	36137	81.152	2.0157	34.5	5.35
NODE_50_length_42455_cov_9.957995	1	42455	880	31996	75.3645	1.77013	35.6	5.94
NODE_54_length_41545_cov_23.951314	1	41545	3013	40188	96.7337	6.40505	36.9	1.58
NODE_56_length_41017_cov_5.694693	1	41017	187	12386	30.1972	0.380696	34.9	41.6
NODE_58_length_39387_cov_195.566714	1	39387	20721	39268	99.6979	45.7644	36.1	2.16
NODE_66_length_37340_cov_6.786992	1	37340	406	21958	58.8056	0.966604	37.2	1.17
NODE_74_length_32607_cov_43.428176	1	32607	4813	32121	98.5095	12.835	36.1	1.02
NODE_76_length_32402_cov_4.278047	1	32402	539	23165	71.4925	1.4563	36.9	1.29
NODE_85_length_29888_cov_3.843428	1	29888	794	26300	87.9952	2.33656	36.7	0.987
NODE_86_length_29401_cov_5.339501	1	29401	535	20942	71.2289	1.54451	35.4	5.46
NODE_90_length_26510_cov_4.099074	1	26510	1006	25289	95.3942	3.30551	36.2	0.997
NODE_91_length_25386_cov_3.813628	1	25386	105	7987	31.4622	0.362995	35.5	0.981
NODE_98_length_23399_cov_4.973441	1	23399	334	15372	65.6951	1.24616	36.6	0.994
NODE_99_length_23338_cov_3.337113	1	23338	249	13461	57.6785	0.941812	36.8	1.16
NODE_100_length_23190_cov_23.457402	1	23190	1106	21996	94.8512	4.16335	36.3	1.17
NODE_102_length_22820_cov_4.048935	1	22820	505	18437	80.7932	1.91437	36.2	0.988
NODE_103_length_22548_cov_3.955764	1	22548	415	17462	77.4437	1.61247	36.6	1.71
NODE_122_length_18523_cov_15.849144	1	18523	283	13261	71.5921	1.29045	35.1	0.996
NODE_137_length_15986_cov_191.716590	1	15986	8948	15900	99.462	49.7605	37.2	4.68
NODE_142_length_15505_cov_266.883107	1	15505	14965	15461	99.7162	83.8604	36.1	6.99
NODE_286_length_7396_cov_5.191118	1	7396	65	4050	54.7593	0.76609	36.8	0.969
NODE_394_length_5277_cov_264.588280	1	5277	26142	5277	100	429.444	36	0.997
NODE_2_length_111600_cov_9.640486	1	111600	6304	106026	95.0054	5.03382	37.4	0.988
NODE_9_length_45523_cov_3.740213	1	45523	6562	45442	99.8221	12.7212	37	0.991
NODE_11_length_38676_cov_4.256959	1	38676	859	30423	78.6612	1.95118	36.5	1.02
NODE_12_length_38621_cov_4.452264	1	38621	112	8637	22.3635	0.262914	38	0.964
NODE_14_length_36134_cov_22.605782	1	36134	23994	36110	99.9336	57.1006	35.8	1.02
NODE_16_length_32623_cov_3.888142	1	32623	5319	32448	99.4636	14.3825	36.9	0.992
NODE_23_length_22286_cov_4.358508	1	22286	1010	21422	96.1231	3.97083	36.5	0.988
NODE_25_length_20188_cov_3.698455	1	20188	182	10287	50.956	0.773133	35.8	0.995
NODE_50_length_10983_cov_6.236914	1	10983	12750	10931	99.5265	101.045	36.1	0.995
NODE_97_length_5840_cov_82.570614	1	5840	136318	5840	100	2028.01	36	1.08
NODE_1_length_291783_cov_17.309309	1	291783	1588	107512	36.8466	0.485446	37.6	1.86
NODE_2_length_224719_cov_12.772874	1	224719	899	62655	27.8815	0.357086	37.8	1.13
NODE_5_length_146551_cov_138.816527	1	146551	143974	146545	99.9959	85.877	36.5	1.02
NODE_9_length_107083_cov_7.960225	1	107083	7454	103505	96.6587	6.19101	37.4	0.988
NODE_18_length_51491_cov_4.309861	1	51491	348	21799	42.3356	0.59624	36.6	1.92
NODE_23_length_46505_cov_8.013886	1	46505	3707	46131	99.1958	6.87659	35.8	1.02
NODE_28_length_40659_cov_13.346394	1	40659	2426	38755	95.3171	5.18102	36.1	1.02
NODE_34_length_37084_cov_5.937697	1	37084	974	32024	86.3553	2.28373	36.3	0.986
NODE_37_length_29802_cov_5.098867	1	29802	1360	28610	96.0003	4.0058	36.6	0.99
NODE_39_length_28630_cov_5.069326	1	28630	779	24006	83.8491	2.33158	35.8	1.05
NODE_42_length_27529_cov_6.863980	1	27529	124	8770	31.8573	0.403284	37.6	41.4
NODE_44_length_27445_cov_5.378131	1	27445	1042	25318	92.25	3.31762	36.5	0.992
NODE_46_length_25582_cov_5.547381	1	25582	756	21987	85.9472	2.54038	35.6	0.984
NODE_48_length_24386_cov_133.440549	1	24386	35085	24229	99.3562	126.902	36.7	41.7
NODE_60_length_14961_cov_14.778747	1	14961	22	1811	12.1048	0.133347	37.8	29.6
NODE_63_length_14529_cov_5.416955	1	14529	1330	14406	99.1534	7.79255	35.1	3.24
NODE_85_length_9810_cov_429.929062	1	9810	15635	6527	66.5341	140.9	36.8	0.999
NODE_91_length_8647_cov_3.054702	1	8647	13	1033	11.9463	0.130103	35.8	36.3
NODE_122_length_6209_cov_70622.697433	1	6209	1219656	6209	100	17208.7	36.5	0.995
NODE_136_length_5744_cov_864.749341	1	5744	18772	5731	99.7737	281.82	35.8	1.25
NODE_147_length_5556_cov_89.738411	1	5556	39399	5556	100	610.005	35.7	0.997
NODE_1_length_224519_cov_7.116856	1	224519	879	63140	28.1223	0.348207	37.6	1.02
NODE_2_length_167110_cov_64.689713	1	167110	97091	167074	99.9785	51.3724	37	0.999
NODE_4_length_142877_cov_8.785747	1	142877	697	48401	33.876	0.437425	37.8	0.989
NODE_5_length_139191_cov_8.620788	1	139191	673	44081	31.6694	0.430229	37.6	0.941
NODE_21_length_49714_cov_4.278741	1	49714	331	21401	43.0482	0.58038	36.5	0.991
NODE_26_length_46532_cov_8.982421	1	46532	1200	38945	83.6951	2.2552	36.3	0.973
NODE_28_length_46427_cov_14.788256	1	46427	3831	46104	99.3043	7.11713	35.8	1.01
NODE_29_length_46367_cov_11.001188	1	46367	1747	42508	91.6773	3.22488	35.7	0.99
NODE_30_length_46266_cov_83.710480	1	46266	7567	46235	99.933	14.5117	37.2	1.39
NODE_31_length_43850_cov_11.756000	1	43850	2239	42474	96.862	4.48356	36.6	0.993
NODE_32_length_43436_cov_7.077891	1	43436	1798	40357	92.9114	3.59092	36.1	1.54
NODE_35_length_40899_cov_23.333831	1	40899	2207	38648	94.4962	4.69992	36.2	1.07
NODE_38_length_39875_cov_5.639704	1	39875	374	20276	50.8489	0.771661	34.7	1.22
NODE_46_length_36623_cov_13.706793	1	36623	1213	33078	90.3203	2.89608	36.5	0.99
NODE_49_length_32431_cov_3.692241	1	32431	2685	31974	98.5909	7.33292	36.8	0.99
NODE_53_length_30710_cov_4.642636	1	30710	2	182	0.592641	0.00592641	37.8	42
NODE_54_length_30192_cov_5.904702	1	30192	1155	27775	91.9946	3.22152	35	1.13
NODE_55_length_29701_cov_27.068205	1	29701	11223	25926	87.29	33.4971	37	20.2
NODE_56_length_28912_cov_8.397962	1	28912	1103	27252	94.2584	3.26854	35.4	12.1
NODE_58_length_27890_cov_4.360841	1	27890	1316	26794	96.0703	4.10179	36.2	1.07
NODE_60_length_25063_cov_6.534149	1	25063	111	7619	30.3994	0.366437	35.1	0.982
NODE_87_length_14015_cov_251.795559	1	14015	2564	13987	99.8002	16.2986	37.4	2.04
NODE_101_length_12031_cov_26.306363	1	12031	3	255	2.11952	0.0211952	37.5	1
NODE_153_length_7396_cov_5.593380	1	7396	74	4248	57.4365	0.893186	36.9	1.14
NODE_173_length_6469_cov_774.838478	1	6469	16195	6468	99.9845	220.87	36.7	0.995
NODE_218_length_5084_cov_12194.464307	1	5084	518254	5084	100	8927.25	36.5	0.996
NODE_4_length_149990_cov_22.694054	1	149990	9785	145299	96.8725	5.81085	37.5	7.83
NODE_11_length_90295_cov_118.359719	1	90295	63924	90295	100	61.77	36.5	1.03
NODE_14_length_82304_cov_225.187151	1	82304	10635	82231	99.9113	10.988	35.4	1.03
NODE_17_length_66579_cov_12.543699	1	66579	1772	58291	87.5516	2.34466	36.7	1.13
NODE_28_length_50686_cov_13.389939	1	50686	461	25334	49.9822	0.761788	34.8	0.996
NODE_33_length_48678_cov_22.032392	1	48678	2719	47475	97.5287	4.75525	35.4	0.987
NODE_34_length_48295_cov_29.851223	1	48295	1810	44046	91.202	3.20677	35.7	1.42
NODE_39_length_46496_cov_26.700803	1	46496	3656	45892	98.701	6.74166	35.8	0.996
NODE_40_length_46294_cov_8.238197	1	46294	1411	39802	85.9766	2.62278	35.9	17.9
NODE_44_length_45871_cov_5.078160	1	45871	446	24991	54.481	0.834427	35.6	0.993
NODE_49_length_42667_cov_9.849948	1	42667	12892	42642	99.9414	26.6959	36.8	41.7
NODE_52_length_42307_cov_7.097250	1	42307	156	11226	26.5346	0.331104	36.7	0.981
NODE_54_length_41741_cov_10.161829	1	41741	1156	36237	86.8139	2.40907	36.3	1.02
NODE_55_length_41584_cov_17.221676	1	41584	3107	40188	96.6429	6.54874	36.6	1.09
NODE_65_length_38961_cov_7.399476	1	38961	437	24270	62.2931	0.991427	36.9	3.43
NODE_66_length_38717_cov_7.546868	1	38717	963	30328	78.3325	2.03934	34.6	1.15
NODE_68_length_38440_cov_54.510460	1	38440	1268	33139	86.2097	2.78283	35.2	1.31
NODE_69_length_37272_cov_3.102802	1	37272	166	10819	29.0272	0.375724	35.4	18.2
NODE_76_length_34918_cov_18.678370	1	34918	909	26747	76.5995	2.22776	35.3	4.76
NODE_77_length_34914_cov_4.634499	1	34914	793	27274	78.1177	1.94913	36	41.7
NODE_78_length_34810_cov_11.848741	1	34810	1692	33643	96.6475	4.32844	37.5	6.35
NODE_82_length_32967_cov_14.811011	1	32967	169	10938	33.1786	0.424121	34.9	1.06
NODE_84_length_32573_cov_4.820715	1	32573	2185	31870	97.8418	5.67071	35.3	41.8
NODE_85_length_32529_cov_5.865646	1	32529	541	23002	70.7123	1.46903	36.8	1.63
NODE_86_length_32364_cov_4.582315	1	32364	535	24108	74.4902	1.44834	36.5	14.9
NODE_87_length_32215_cov_15.592506	1	32215	1273	29561	91.7616	3.31746	35.1	1.92
NODE_88_length_32149_cov_48.332741	1	32149	1457	30492	94.8459	3.93779	36.2	1.33
NODE_89_length_31829_cov_62.477403	1	31829	12065	31655	99.4533	31.8266	35	22.5
NODE_90_length_31247_cov_3.493845	1	31247	639	24398	78.0811	1.78974	36.7	15.5
NODE_92_length_30284_cov_3.410831	1	30284	925	26301	86.8478	2.70945	36.6	15.5
NODE_94_length_29316_cov_3.978435	1	29316	1026	27597	94.1363	3.09466	36.9	41.7
NODE_98_length_27642_cov_3.629318	1	27642	659	23490	84.9794	2.07698	36.2	1.37
NODE_99_length_27136_cov_4.809424	1	27136	1042	25628	94.4428	3.31677	35.9	2.51
NODE_103_length_25437_cov_4.427586	1	25437	452	19513	76.7111	1.47808	35.2	1
NODE_110_length_22758_cov_8.333524	1	22758	219	11812	51.9026	0.842341	36.2	0.895
NODE_114_length_22362_cov_39.010266	1	22362	3064	22153	99.0654	11.9173	36.1	1.02
NODE_119_length_21232_cov_24.778675	1	21232	1181	20370	95.9401	4.87641	36.2	0.965
NODE_120_length_20547_cov_20.156207	1	20547	706	16998	82.7274	2.90368	35.1	41.4
NODE_181_length_12451_cov_62.323975	1	12451	2347	12342	99.1246	16.8203	37.4	0.984
NODE_214_length_10360_cov_3.570597	1	10360	261	8292	80.0386	2.11496	35.2	41.6
NODE_278_length_7396_cov_6.279662	1	7396	62	3940	53.272	0.734857	36.6	1
NODE_286_length_7275_cov_4.567867	1	7275	238	6727	92.4674	2.89581	36.7	41.8
NODE_309_length_6605_cov_445.087328	1	6605	18467	6603	99.9697	240.81	35.8	1.38
NODE_21_length_46020_cov_7.992255	1	44173	0	0	0	0	0	0
DAS_Check_Bin_01_k119_158026:3-190576	1	190574	0	0	0	0	0	0
NODE_15_length_35381_cov_29.469003	1	35381	0	0	0	0	0	0
NODE_99_length_5721_cov_1061.804977	1	5721	0	0	0	0	0	0
NODE_102_length_5581_cov_15638.208288	1	5581	0	0	0	0	0	0
NODE_104_length_5514_cov_1878.878732	1	5514	0	0	0	0	0	0
NODE_105_length_5492_cov_29.344308	1	5492	0	0	0	0	0	0
NODE_258_length_5581_cov_2813.330800	1	5581	0	0	0	0	0	0
NODE_262_length_5514_cov_38.326067	1	5514	0	0	0	0	0	0
NODE_7_length_46020_cov_16.937757	1	46020	0	0	0	0	0	0
NODE_11_length_37351_cov_3.546841	1	37351	0	0	0	0	0	0
NODE_14_length_35381_cov_20.886033	1	35381	0	0	0	0	0	0
NODE_57_length_7439_cov_2.481446	1	7439	0	0	0	0	0	0
NODE_87_length_5402_cov_34.239200	1	5402	0	0	0	0	0	0
NODE_27_length_46064_cov_34.699428	1	46064	0	0	0	0	0	0
NODE_86_length_17581_cov_4.636540	1	17581	0	0	0	0	0	0
NODE_203_length_5535_cov_3.585219	1	5535	0	0	0	0	0	0
NODE_205_length_5514_cov_740.579227	1	5514	0	0	0	0	0	0
NODE_103_length_15861_cov_5.174997	1	15861	0	0	0	0	0	0
NODE_235_length_5514_cov_1351.351346	1	5514	0	0	0	0	0	0
NODE_44_length_30436_cov_7.486422	1	30436	0	0	0	0	0	0
NODE_176_length_5514_cov_454.349698	1	5514	0	0	0	0	0	0
NODE_113_length_5514_cov_54.894486	1	5514	0	0	0	0	0	0
NODE_96_length_11662_cov_7.022019	1	11662	0	0	0	0	0	0
NODE_164_length_6286_cov_3.027283	1	6286	0	0	0	0	0	0
NODE_118_length_18955_cov_3.719365	1	18955	0	0	0	0	0	0
NODE_390_length_5581_cov_3.514839	1	5581	0	0	0	0	0	0
