#rname	startpos	endpos	numreads	covbases	coverage	meandepth	meanbaseq	meanmapq
DAS_Check_Bin_09_k119_41989:3-49450	1	45022	8243	44597	99.056	15.924	36.2	41.6
NODE_39_length_37768_cov_25.508657	1	35529	932	30149	84.8574	2.30637	36.8	0.997
NODE_21_length_46020_cov_7.992255	1	44173	394	22605	51.1738	0.786861	36.9	0.99
NODE_68_length_36781_cov_8.797283	1	22515	10	262	1.16367	0.037797	36	6.5
NODE_18_length_65286_cov_9.613313	1	61998	43	3708	5.98084	0.0607278	36.6	1
DAS_Check_Bin_01_k119_158026:3-190576	1	190574	23	1979	1.03844	0.010694	36.4	38.9
DAS_Check_Bin_01_k119_45347:194-20015	1	19822	2	181	0.913127	0.00913127	36.3	3
NODE_10_length_44613_cov_10.908120	1	44613	782	33460	75.0006	1.51494	36	0.995
NODE_13_length_36623_cov_12.491687	1	36623	667	26961	73.6177	1.59823	36.9	0.991
NODE_14_length_36060_cov_13.057825	1	36060	1300	32358	89.7338	3.13419	36.1	0.999
NODE_15_length_35381_cov_29.469003	1	35381	2	148	0.418304	0.00418304	29.5	1
NODE_16_length_35370_cov_4.255189	1	35370	2274	34908	98.6938	5.67111	36.8	0.986
NODE_18_length_31157_cov_3.163269	1	31157	5182	31096	99.8042	14.7059	36.9	0.984
NODE_22_length_23860_cov_5.129553	1	23860	356	16283	68.2439	1.3137	36.4	4.08
NODE_25_length_23308_cov_5.171419	1	23308	114	7254	31.1224	0.420242	35.7	1.28
NODE_28_length_21720_cov_3.485299	1	21720	448	16369	75.3637	1.71805	35.2	0.993
NODE_38_length_13971_cov_7.375898	1	13971	24857	13968	99.9785	157.864	37.2	0.984
NODE_39_length_13673_cov_7.531429	1	13673	1368	13548	99.0858	8.9107	37.4	2.31
NODE_86_length_6245_cov_8.653635	1	6245	5	309	4.94796	0.0726982	36.5	1
NODE_88_length_6209_cov_8.324829	1	6209	182	5565	89.628	2.47318	34.8	0.995
NODE_96_length_5842_cov_1098.051840	1	5842	1583	5788	99.0757	23.6303	36.2	1.07
NODE_99_length_5721_cov_1061.804977	1	5721	101923	5721	100	1545.81	36.1	41.7
NODE_102_length_5581_cov_15638.208288	1	5581	276921	5581	100	4327.09	36.4	0.99
NODE_104_length_5514_cov_1878.878732	1	5514	11116	5510	99.9275	174.467	36.2	1.04
NODE_109_length_5407_cov_11252.763079	1	5407	2078	5396	99.7966	33.7131	36.4	1.4
NODE_120_length_5084_cov_34199.553390	1	5084	1643492	5084	100	28443.4	36.7	1.01
NODE_2_length_172485_cov_32.775068	1	172485	146157	172473	99.993	75.3444	37.4	1.08
NODE_6_length_61068_cov_9.739465	1	61068	11498	61043	99.9591	16.619	36.9	1.02
NODE_7_length_58087_cov_6.947994	1	58087	5313	57817	99.5352	8.08863	36.9	0.998
NODE_11_length_41469_cov_25.463877	1	41469	2078	39244	94.6345	4.43613	37	1.41
NODE_12_length_40031_cov_3.840454	1	40031	10612	40031	100	23.4981	37.1	41.5
NODE_17_length_37325_cov_319.259539	1	37325	22918	37322	99.992	54.588	37.3	0.985
NODE_19_length_36060_cov_32.684877	1	36060	1353	32753	90.8292	3.22499	36	0.995
NODE_23_length_32292_cov_5.397959	1	32292	262	15489	47.9654	0.709804	36.2	1
NODE_24_length_31545_cov_5.801683	1	31545	804	25382	80.4628	2.11371	34.8	24.4
NODE_28_length_27475_cov_4.040518	1	27475	109	7479	27.2211	0.337325	36	1.65
NODE_30_length_25734_cov_5.275400	1	25734	1651	24991	97.1128	5.69806	37.1	0.99
NODE_31_length_25359_cov_5.009406	1	25359	185	11851	46.7329	0.642612	37.1	0.973
NODE_41_length_22305_cov_25.908899	1	22305	1575	21432	96.0861	6.11132	36	1.45
NODE_42_length_22193_cov_5.490695	1	22193	1708	21498	96.8684	6.61344	36	40.7
NODE_48_length_18890_cov_3.341333	1	18890	1993	18875	99.9206	9.26506	36.6	0.985
NODE_52_length_17580_cov_3.189843	1	17580	135	7784	44.2776	0.653185	35.4	0.993
NODE_214_length_6245_cov_8.318255	1	6245	8	674	10.7926	0.107926	35.9	1
NODE_217_length_6209_cov_8.798343	1	6209	186	5344	86.0686	2.54679	35.3	0.989
NODE_258_length_5581_cov_2813.330800	1	5581	340899	5581	100	5336.11	36.4	2.02
NODE_262_length_5514_cov_38.326067	1	5514	12590	5513	99.9819	198.565	36.2	0.996
NODE_268_length_5407_cov_226.692078	1	5407	2169	5390	99.6856	35.2084	36.5	0.991
NODE_292_length_5084_cov_88208.156095	1	5084	1655760	5084	100	28655.7	36.7	1.03
NODE_7_length_46020_cov_16.937757	1	46020	520	25725	55.8996	0.986267	36.5	0.967
NODE_9_length_43915_cov_6.954241	1	43915	769	33895	77.1832	1.50634	35.9	0.993
NODE_10_length_38461_cov_14.877649	1	38461	524	23626	61.4285	1.19469	36.8	15.6
NODE_12_length_36623_cov_10.841993	1	36623	650	27463	74.9884	1.56238	36.8	0.986
NODE_14_length_35381_cov_20.886033	1	35381	2	166	0.469178	0.00469178	30	1
NODE_16_length_25443_cov_3.831850	1	25443	1542	25121	98.7344	5.34909	36.8	0.994
NODE_25_length_21201_cov_4.167171	1	21201	325	14471	68.2562	1.32739	36.2	1.1
NODE_34_length_13780_cov_2.793515	1	13780	40	3145	22.8229	0.251161	36.3	1
NODE_39_length_12439_cov_7.203731	1	12439	23320	12439	100	166.226	37.2	2.84
NODE_57_length_7439_cov_2.481446	1	7439	8	680	9.14101	0.0978626	37.6	42
NODE_72_length_6209_cov_12.989275	1	6209	189	5698	91.77	2.59833	35.4	0.984
NODE_76_length_5842_cov_1509.613790	1	5842	1543	5785	99.0243	23.1176	36.4	1.06
NODE_87_length_5402_cov_34.239200	1	5402	1	91	1.68456	0.0168456	36.7	1
NODE_89_length_5277_cov_5.447721	1	5277	197	5167	97.9155	3.21963	36.2	0.99
NODE_4_length_238892_cov_6.753413	1	238892	18350	231243	96.7981	6.74487	36.6	18.3
NODE_5_length_189738_cov_6.430987	1	189738	21952	188282	99.2326	10.1656	36.6	31.5
NODE_10_length_119230_cov_6.136941	1	119230	9033	118094	99.0472	6.62305	36.5	1.37
NODE_12_length_90299_cov_8.811644	1	90299	3439	81502	90.2579	3.39524	37.5	41.6
NODE_13_length_76125_cov_44.994597	1	76125	23673	70910	93.1494	27.6801	37.4	0.983
NODE_18_length_62590_cov_137.633981	1	62590	3133	59035	94.3202	4.30142	35.8	40.7
NODE_20_length_55983_cov_7.738449	1	55983	2097	48338	86.3441	3.26212	36.4	25.7
NODE_23_length_52152_cov_8.571204	1	52152	271	18611	35.6861	0.463587	37.9	41.3
NODE_24_length_47733_cov_200.310583	1	47733	35900	47718	99.9686	66.7657	37.2	2.08
NODE_27_length_46064_cov_34.699428	1	46064	499	26125	56.7146	0.947443	36.6	0.984
NODE_32_length_43849_cov_21.327442	1	43849	2748	43317	98.7867	5.51545	36.8	1.05
NODE_34_length_42243_cov_6.125960	1	42243	2715	41485	98.2056	5.69784	37	0.988
NODE_40_length_37489_cov_12.035128	1	37489	825	29575	78.8898	1.84521	35.1	0.989
NODE_41_length_37113_cov_5.778240	1	37113	280	16756	45.1486	0.646674	36.1	0.982
NODE_44_length_36060_cov_186.741564	1	36060	1329	32754	90.8319	3.18766	36.1	0.994
NODE_57_length_28964_cov_3.647964	1	28964	1296	27476	94.8626	3.87654	36.2	41.5
NODE_58_length_28915_cov_2.851594	1	28915	432	20161	69.7251	1.30507	36.7	0.993
NODE_61_length_27709_cov_4.008787	1	27709	557	21423	77.3142	1.71944	36	1.55
NODE_63_length_26925_cov_11.515333	1	26925	214	12782	47.4726	0.691031	35.5	1.95
NODE_64_length_26668_cov_4.755420	1	26668	161	9737	36.5119	0.514549	35.7	1.57
NODE_66_length_25532_cov_5.218589	1	25532	1350	24203	94.7948	4.64907	36.7	1.93
NODE_69_length_23559_cov_18.031867	1	23559	6072	23502	99.7581	22.4094	36.2	16.3
NODE_71_length_22160_cov_3.786655	1	22160	264	13136	59.278	1.04824	36.8	1.23
NODE_86_length_17581_cov_4.636540	1	17581	177	9171	52.1643	0.890507	36.9	37.7
NODE_94_length_15427_cov_6.269321	1	15427	862	14883	96.4737	4.68263	34.8	41.9
NODE_95_length_15356_cov_3.584733	1	15356	772	14495	94.3931	4.28425	35.4	12.1
NODE_113_length_12763_cov_3.351196	1	12763	60	4005	31.3798	0.413069	36.7	33.5
NODE_165_length_6963_cov_2699.768674	1	6963	12633	6961	99.9713	160.814	37.1	1.07
NODE_180_length_6209_cov_8.318817	1	6209	168	5269	84.8607	2.29264	35.3	0.982
NODE_194_length_5842_cov_59.714187	1	5842	3360	5835	99.8802	50.4303	36.4	5.32
NODE_203_length_5535_cov_3.585219	1	5535	23	1849	33.4056	0.368022	36.7	38.9
NODE_205_length_5514_cov_740.579227	1	5514	14529	5513	99.9819	229.036	36.2	1.48
NODE_209_length_5407_cov_424.684417	1	5407	2157	5399	99.852	35.0281	36.5	1
NODE_212_length_5277_cov_13.385101	1	5277	190	5041	95.5278	3.12526	36.4	0.989
NODE_213_length_5084_cov_56753.835156	1	5084	1767868	5084	100	30553.6	36.7	0.994
NODE_3_length_160031_cov_246.186322	1	160031	127392	160031	100	70.83	37.4	1.02
NODE_4_length_135187_cov_5.588891	1	135187	6044	129332	95.669	3.938	36.6	1.06
NODE_11_length_82624_cov_5.458404	1	82624	5384	81356	98.4653	5.72594	36.5	0.998
NODE_20_length_47234_cov_31.155747	1	47234	3653	44316	93.8222	6.71516	36.1	2.58
NODE_22_length_45867_cov_5.463743	1	45867	854	35229	76.8069	1.60499	35.9	0.993
NODE_24_length_43860_cov_6.177765	1	43860	720	29030	66.1879	1.43411	36.2	41.4
NODE_25_length_43849_cov_10.709458	1	43849	2775	43263	98.6636	5.57137	36.8	0.984
NODE_27_length_42291_cov_8.031513	1	42291	2501	41454	98.0209	5.23135	36.9	0.991
NODE_30_length_41337_cov_7.787607	1	41337	301	17176	41.5512	0.632581	36	1
NODE_33_length_39957_cov_24.373239	1	39957	6707	39639	99.2041	14.6298	36.3	4.02
NODE_34_length_38904_cov_21.835774	1	38904	22485	38459	98.8562	51.3702	37.3	0.984
NODE_37_length_37729_cov_6.620083	1	37729	1050	32537	86.2387	2.44655	36.8	0.991
NODE_38_length_37629_cov_17.014451	1	37629	838	30763	81.7534	1.85971	35.2	0.993
NODE_42_length_35867_cov_6.690467	1	35867	838	25815	71.9742	1.96119	35.4	41.6
NODE_43_length_35817_cov_5.543007	1	35817	252	15922	44.4538	0.620962	36.9	7.49
NODE_46_length_35128_cov_9.695264	1	35128	7714	35128	100	19.2938	36.7	30
NODE_47_length_34443_cov_6.100820	1	34443	1019	31000	90.0038	2.64878	37.9	41.5
NODE_49_length_32550_cov_5.505924	1	32550	322	17776	54.6114	0.8447	35.5	9.92
NODE_72_length_21497_cov_3.547617	1	21497	735	18694	86.961	2.99084	36.3	41.5
NODE_77_length_19576_cov_17.607807	1	19576	4543	19566	99.9489	20.0531	36.2	12.7
NODE_103_length_15861_cov_5.174997	1	15861	533	15160	95.5804	2.96413	37	41.4
NODE_210_length_6209_cov_9.798343	1	6209	173	5720	92.1243	2.3714	35.1	0.994
NODE_235_length_5514_cov_1351.351346	1	5514	13518	5513	99.9819	213.437	36.2	1.35
NODE_243_length_5277_cov_12.775565	1	5277	166	4905	92.9505	2.73546	36.1	0.988
NODE_249_length_5084_cov_78920.386956	1	5084	1771541	5084	100	30631.8	36.7	0.995
NODE_1_length_164730_cov_5.305092	1	164730	17167	163895	99.4931	9.13976	36.6	19.8
NODE_2_length_124404_cov_11.033221	1	124404	4437	110807	89.0703	3.18914	37.7	1.85
NODE_4_length_117427_cov_5.768318	1	117427	4696	110232	93.8728	3.52321	36.7	1.04
NODE_8_length_96678_cov_134.288192	1	96678	52833	96677	99.999	48.6014	37.5	0.984
NODE_28_length_43893_cov_22.428281	1	43893	2799	43403	98.8836	5.6108	36.8	1.02
NODE_29_length_42291_cov_14.926058	1	42291	2524	40870	96.6399	5.27237	37	0.989
NODE_33_length_37337_cov_16.555415	1	37337	3303	35871	96.0736	7.66623	36.1	2.66
NODE_34_length_37325_cov_110.555514	1	37325	22605	37319	99.9839	53.8522	37.3	0.982
NODE_36_length_36495_cov_5.297722	1	36495	999	30861	84.5623	2.39849	36.7	0.986
NODE_38_length_36114_cov_4.509720	1	36114	1084	32621	90.3279	2.65374	37.1	0.99
NODE_39_length_36060_cov_13.462408	1	36060	1286	32351	89.7144	3.08508	36.1	1
NODE_48_length_30963_cov_4.644332	1	30963	2312	30586	98.7824	6.68188	37.9	12.5
NODE_54_length_29179_cov_6.736266	1	29179	569	21461	73.5495	1.69697	36.6	0.995
NODE_66_length_21974_cov_4.464985	1	21974	505	17512	79.6942	1.94475	35.3	0.992
NODE_181_length_6454_cov_8661.914049	1	6454	364377	6454	100	4993.68	36.9	13
NODE_228_length_5277_cov_15.499043	1	5277	209	4930	93.4243	3.46883	36	0.976
NODE_232_length_5084_cov_53965.325313	1	5084	1751513	5084	100	30260.7	36.7	0.995
NODE_2_length_164227_cov_5.664328	1	164227	8931	158938	96.7795	4.76909	36.5	0.993
NODE_17_length_61395_cov_5.757956	1	61395	3579	59696	97.2327	5.12255	36.6	1.03
NODE_26_length_47746_cov_5.112222	1	47746	4964	47565	99.6209	9.31106	37.9	27.1
NODE_31_length_42291_cov_15.102069	1	42291	2528	41087	97.1531	5.29105	37	0.989
NODE_44_length_30436_cov_7.486422	1	30436	6615	30383	99.8259	19.4509	37.9	41.4
NODE_48_length_29632_cov_4.402171	1	29632	653	23516	79.3602	1.84345	35.1	1.26
NODE_50_length_28964_cov_4.022381	1	28964	928	26490	91.4584	2.81905	36.8	0.996
NODE_51_length_27921_cov_3.034092	1	27921	549	22661	81.1611	1.70055	36	1
NODE_55_length_25017_cov_5.657880	1	25017	839	22652	90.5464	2.9183	36.3	1.29
NODE_56_length_24833_cov_5.809872	1	24833	581	20466	82.4145	2.06201	36.9	0.988
NODE_97_length_12527_cov_5.050513	1	12527	835	12201	97.3976	5.95825	37.6	3.28
NODE_176_length_5514_cov_454.349698	1	5514	13333	5514	100	210.161	36.2	1.1
NODE_184_length_5277_cov_11.715818	1	5277	188	5165	97.8776	3.08793	36.1	1
NODE_193_length_5034_cov_15.769632	1	5034	1206	5024	99.8014	20.6569	36	23.2
NODE_1_length_114607_cov_10.147007	1	114607	118561	114605	99.9983	91.9536	37.4	0.986
NODE_4_length_36816_cov_7.960991	1	36816	274	16826	45.703	0.641678	36.1	0.993
NODE_5_length_36230_cov_4.885114	1	36230	112	8337	23.0113	0.269914	36.8	42
NODE_10_length_27385_cov_7.189535	1	27385	19756	27331	99.8028	64.1786	37.3	0.984
NODE_11_length_26673_cov_11.045683	1	26673	1093	24677	92.5168	3.53796	36.2	0.981
NODE_20_length_17239_cov_6.178596	1	17239	44	3338	19.3631	0.226985	36.4	1
NODE_86_length_6209_cov_9.690445	1	6209	150	5362	86.3585	2.05411	35.2	0.973
NODE_113_length_5514_cov_54.894486	1	5514	12750	5514	100	201.078	36.2	1.24
NODE_124_length_5277_cov_25.805247	1	5277	172	4897	92.7989	2.82054	36.1	1
NODE_1_length_167064_cov_31.023334	1	167064	23	1936	1.15884	0.0115884	35.8	1
NODE_7_length_61042_cov_7.357896	1	61042	11599	61041	99.9984	16.7757	36.9	1.19
NODE_11_length_50106_cov_8.639548	1	50106	411	23592	47.0842	0.704407	35.9	1.8
NODE_13_length_47685_cov_12.449024	1	47685	34279	47594	99.8092	63.6769	37.1	1.01
NODE_14_length_46328_cov_8.666393	1	46328	116	8831	19.0619	0.219522	36.1	0.931
NODE_26_length_33164_cov_59.471171	1	33164	137	4631	13.9639	0.368894	38.1	0.912
NODE_27_length_32852_cov_6.310150	1	32852	864	27590	83.9827	2.28169	36.3	0.985
NODE_29_length_31681_cov_4.792196	1	31681	28	2214	6.98842	0.0779647	36.2	0.929
NODE_32_length_29822_cov_3.040481	1	29822	6	429	1.43854	0.0173362	35.4	0
NODE_37_length_23975_cov_6.355811	1	23975	6	484	2.01877	0.0201877	35.6	1
NODE_109_length_6469_cov_258.754599	1	6469	22383	6468	99.9845	305.237	36.9	0.97
NODE_117_length_6209_cov_39356.593760	1	6209	156	5369	86.4713	2.12305	35.2	1
NODE_131_length_5556_cov_340.263043	1	5556	4792	5555	99.982	74.4986	35.9	0.978
NODE_139_length_5354_cov_334.782412	1	5354	263	4508	84.1987	4.21292	35.9	0.943
NODE_147_length_5084_cov_13961.725393	1	5084	1460594	5084	100	25224.5	36.7	0.995
NODE_3_length_123329_cov_12.346099	1	123329	4231	109510	88.795	3.0647	37.7	0.982
NODE_6_length_84822_cov_16.799037	1	84822	3	258	0.304166	0.00304166	34.3	1
NODE_7_length_82293_cov_17.234271	1	82293	16	1141	1.38651	0.0147522	34.4	1
NODE_13_length_50138_cov_17.827646	1	50138	385	23144	46.1606	0.658881	35.8	1.28
NODE_17_length_47511_cov_6.251033	1	47511	38	3003	6.32064	0.0689314	35.5	0.947
NODE_22_length_41227_cov_3.669387	1	41227	3908	41054	99.5804	8.36284	36.9	0.988
NODE_24_length_39433_cov_10.753847	1	39433	3	244	0.618771	0.00618771	35	28.3
NODE_34_length_29970_cov_6.653919	1	29970	59	4441	14.8182	0.171271	36.1	0.78
NODE_35_length_29279_cov_5.928107	1	29279	35	1972	6.7352	0.107517	38.3	0.771
NODE_36_length_28663_cov_6.412088	1	28663	35	2680	9.35003	0.107316	36.9	1
NODE_39_length_25023_cov_3.154598	1	25023	2	180	0.719338	0.00719338	35.1	1
NODE_41_length_24643_cov_3.795713	1	24643	88	5879	23.8567	0.3011	35.2	1
NODE_42_length_24457_cov_5.553315	1	24457	1081	22928	93.7482	3.85178	36.3	0.983
NODE_46_length_21332_cov_3.397377	1	21332	53	3982	18.6668	0.220186	35.3	1
NODE_52_length_17163_cov_9.937398	1	17163	69	4721	27.5068	0.350871	35.7	1
NODE_119_length_6469_cov_423.735111	1	6469	21748	6469	100	296.411	36.9	0.973
NODE_133_length_5840_cov_3038.520311	1	5840	509	5251	89.9144	7.45805	36	1.22
NODE_140_length_5469_cov_7.356114	1	5469	9185	5469	100	139.355	34.7	41.9
NODE_1_length_157272_cov_245.867635	1	157272	106945	154495	98.2343	60.4946	37.4	0.988
NODE_3_length_116508_cov_7.831949	1	116508	8	593	0.508978	0.00542452	33.9	1
NODE_5_length_78818_cov_6.835964	1	78818	1609	54834	69.5704	1.79174	36.5	24.5
NODE_8_length_61519_cov_6.420002	1	61519	62	5166	8.39741	0.0876315	36	1
NODE_11_length_55539_cov_10.359851	1	55539	22	1858	3.3454	0.033454	35.3	3.82
NODE_12_length_54742_cov_5.935359	1	54742	287	18512	33.8168	0.460305	36.8	7.63
NODE_15_length_49707_cov_409.118646	1	49707	39	3212	6.46187	0.0666908	35.5	4.13
NODE_19_length_46049_cov_20.145976	1	46049	660	31196	67.7452	1.25905	36.6	0.989
NODE_31_length_37539_cov_17.903879	1	37539	1017	30783	82.0027	2.35054	36.4	1.11
NODE_32_length_37308_cov_5.588865	1	37308	118	8717	23.365	0.280181	36.5	0.966
NODE_38_length_34710_cov_5.008022	1	34710	721	28038	80.7779	1.7673	35.6	0.989
NODE_39_length_34383_cov_15.503059	1	34383	785	29140	84.7512	1.99223	36.4	18
NODE_40_length_33198_cov_25.854600	1	33198	6	527	1.58745	0.0163865	37.3	0.667
NODE_41_length_33019_cov_71.818742	1	33019	12	955	2.89227	0.0298919	35.3	0.917
NODE_42_length_30783_cov_6.353228	1	30783	326	17516	56.9015	0.934477	36.9	0.994
NODE_43_length_30206_cov_3.324367	1	30206	44	3707	12.2724	0.127326	36.8	41
NODE_51_length_25704_cov_4.962455	1	25704	90	6386	24.8444	0.304388	36.2	1
NODE_60_length_19783_cov_3.659621	1	19783	3	272	1.37492	0.0137492	38.6	0
NODE_68_length_16862_cov_6.336764	1	16862	123	6786	40.2443	0.6297	35.6	3.7
NODE_137_length_7399_cov_2.692266	1	7399	1	91	1.2299	0.012299	33.9	1
NODE_157_length_6469_cov_65.568288	1	6469	22388	6468	99.9845	305.375	36.9	0.976
NODE_186_length_5556_cov_469.135975	1	5556	4710	5555	99.982	73.1192	36	1
NODE_193_length_5407_cov_407.749626	1	5407	1289	5349	98.9273	20.9123	36.4	1.01
NODE_194_length_5354_cov_104.200415	1	5354	277	4799	89.6339	4.49552	36	0.921
NODE_196_length_5277_cov_172.009958	1	5277	217	4912	93.0832	3.56263	36	1
NODE_4_length_95966_cov_30.590652	1	95966	19814	95854	99.8833	18.128	36.8	3.88
NODE_6_length_82210_cov_5.532554	1	82210	13	1080	1.31371	0.0131371	34.5	1
NODE_11_length_50594_cov_377.385821	1	50594	23	1981	3.91548	0.0396687	35.3	1
NODE_15_length_36350_cov_5.563659	1	36350	23569	36296	99.8514	57.4332	37.1	0.99
NODE_16_length_36268_cov_5.202911	1	36268	689	27407	75.568	1.66532	36.8	0.996
NODE_17_length_36060_cov_30.766366	1	36060	1210	31422	87.1381	2.91353	36.1	0.993
NODE_22_length_25354_cov_3.861378	1	25354	1452	24942	98.375	5.05045	36.8	0.993
NODE_25_length_22867_cov_5.385543	1	22867	537	19124	83.6314	2.06962	36.5	0.994
NODE_4_length_50595_cov_67.659972	1	50595	42	3262	6.44728	0.0696116	34.9	1
NODE_9_length_29359_cov_4.137114	1	29359	21	1807	6.15484	0.0638305	36.3	0.81
NODE_22_length_12612_cov_2.735526	1	12612	63	3663	29.0438	0.420948	35.3	1.16
NODE_3_length_50595_cov_82.409794	1	50595	28	2308	4.56172	0.0474355	35.6	1
NODE_5_length_44363_cov_4.177530	1	44363	43	3439	7.75196	0.0840565	35.6	1.4
NODE_7_length_36147_cov_14.136346	1	36147	1197	29697	82.1562	2.84779	36.1	1.15
NODE_18_length_15213_cov_9.438580	1	15213	16	1325	8.70966	0.095116	35.6	42
NODE_47_length_5840_cov_40.463440	1	5840	472	5372	91.9863	6.93973	36	0.979
NODE_51_length_5556_cov_13.876568	1	5556	4860	5556	100	75.5362	36	0.98
NODE_57_length_5407_cov_151.267377	1	5407	1116	5285	97.7437	18.1296	36.4	0.989
NODE_62_length_5084_cov_1208.538278	1	5084	1460337	5084	100	25232.8	36.7	0.993
NODE_2_length_148288_cov_23.186888	1	148288	23	1384	0.933319	0.0136693	38	4.26
NODE_6_length_84805_cov_14.802077	1	84805	9	724	0.853723	0.00865515	34.4	1
NODE_24_length_41128_cov_5.105933	1	41128	67	5454	13.261	0.141558	35.8	0.97
NODE_25_length_41104_cov_10.069039	1	41104	15	1196	2.90969	0.0327949	36.3	0.733
NODE_35_length_36642_cov_6.903080	1	36642	675	26877	73.3503	1.61757	36.8	0.994
NODE_42_length_32103_cov_4.370444	1	32103	615	5977	18.6182	1.68361	36.6	37.7
NODE_45_length_29051_cov_4.288419	1	29051	2007	28587	98.4028	6.12719	37.1	0.987
NODE_51_length_25928_cov_4.825185	1	25928	18	1103	4.25409	0.0602052	38.2	0.5
NODE_54_length_22851_cov_9.800140	1	22851	2238	22621	98.9935	8.457	36.1	1.04
NODE_102_length_12697_cov_5.155751	1	12697	26412	12692	99.9606	184.33	37.2	3.04
NODE_209_length_6209_cov_65496.679721	1	6209	162	5304	85.4244	2.22306	35.3	0.994
NODE_235_length_5556_cov_134.878749	1	5556	4910	5555	99.982	76.4156	36	1
NODE_249_length_5277_cov_379.647453	1	5277	199	5012	94.9782	3.30415	36.2	0.985
NODE_4_length_133646_cov_16.294571	1	133646	1015	37412	27.9934	0.661344	36.8	1.11
NODE_7_length_115553_cov_35.746429	1	115553	39	1518	1.31368	0.0295882	37.8	0.974
NODE_18_length_57319_cov_76.520624	1	57319	407	18206	31.7626	0.611944	36.1	0.951
NODE_24_length_50596_cov_1234.024079	1	50596	40	3133	6.19219	0.0678907	35.3	0.925
NODE_35_length_43849_cov_26.763073	1	43849	2801	43308	98.7662	5.6423	36.9	1.01
NODE_38_length_43069_cov_9.555959	1	43069	395	23187	53.8369	0.802085	36.6	1.11
NODE_49_length_38057_cov_4.796748	1	38057	2645	23264	61.1294	6.12605	36.8	11.9
NODE_51_length_37849_cov_4.749140	1	37849	2452	36881	97.4425	5.74655	37.1	1.02
NODE_53_length_36807_cov_5.676671	1	36807	215	13332	36.2214	0.494227	35.7	23.5
NODE_61_length_31489_cov_8.070020	1	31489	220	14072	44.6886	0.609737	36.7	0.959
NODE_63_length_27891_cov_6.995761	1	27891	12	260	0.9322	0.03632	36.7	2.08
NODE_64_length_27677_cov_8.435522	1	27677	2	169	0.610615	0.00610615	35.8	1
NODE_69_length_26777_cov_5.823441	1	26777	649	22041	82.3132	2.04041	35.2	1.63
NODE_76_length_25339_cov_4.381387	1	25339	262	14285	56.3755	0.906823	37	0.992
NODE_77_length_25099_cov_4.340960	1	25099	226	12289	48.9621	0.785569	36.3	5.89
NODE_78_length_24488_cov_6.858102	1	24488	192	10724	43.7929	0.676985	36.4	41.3
NODE_80_length_24274_cov_3.099385	1	24274	28	1476	6.08058	0.0977589	35.7	35.4
NODE_86_length_22502_cov_3.552991	1	22502	214	8805	39.1299	0.851258	37.1	8.99
NODE_101_length_17827_cov_4.586484	1	17827	2219	17656	99.0408	10.5354	35.2	1.82
NODE_110_length_17112_cov_3.368119	1	17112	56	4008	23.4222	0.290849	36.2	0.964
NODE_229_length_6678_cov_5.842066	1	6678	12364	6678	100	164.231	37.2	1.36
NODE_261_length_5874_cov_27.383915	1	5874	281	5389	91.7433	4.13109	35.8	0.943
NODE_4_length_127150_cov_117.090247	1	127150	4090	111704	87.8521	2.86912	37.6	0.984
NODE_7_length_88941_cov_46.993812	1	88941	63	2700	3.03572	0.0630193	37.7	4.73
NODE_11_length_72839_cov_23.773563	1	72839	14251	72697	99.805	16.9049	36	41.7
NODE_21_length_59130_cov_12.292323	1	59130	4630	58487	98.9126	6.90962	36.9	0.996
NODE_23_length_57177_cov_114.389377	1	57177	453	19772	34.5803	0.685765	36.2	0.925
NODE_28_length_50596_cov_1491.292179	1	50596	47	3867	7.6429	0.0807574	35.2	0.979
NODE_30_length_49587_cov_4.531979	1	49587	26	2223	4.48303	0.0448303	36.4	1
NODE_35_length_46803_cov_6.051467	1	46803	327	14216	30.3741	0.606179	36.4	1.03
NODE_36_length_46752_cov_29.126753	1	46752	79	5857	12.5278	0.147566	36	2.15
NODE_39_length_43620_cov_4.962217	1	43620	129	9667	22.1619	0.261577	36.4	0.984
NODE_40_length_43084_cov_6.633898	1	43084	2	150	0.348157	0.00348157	35.2	1
NODE_45_length_40665_cov_4.748239	1	40665	243	16190	39.8131	0.531907	37	0.975
NODE_50_length_39226_cov_10.101606	1	39226	126	9436	24.0555	0.282925	36.8	41.1
NODE_56_length_37457_cov_9.262072	1	37457	1099	31008	82.7829	2.55418	36.3	4.03
NODE_58_length_37241_cov_46.337493	1	37241	21	1790	4.80653	0.0501866	36.3	8.52
NODE_60_length_36992_cov_10.212497	1	36992	397	19398	52.4384	0.94442	37.1	20.6
NODE_64_length_33972_cov_8.070260	1	33972	822	19259	56.6908	2.12696	36.6	32.7
NODE_68_length_32950_cov_15.789907	1	32950	83	6598	20.0243	0.219393	35.8	0.964
NODE_75_length_29643_cov_5.344836	1	29643	1924	29423	99.2578	5.80636	38	41.2
NODE_76_length_29309_cov_5.208553	1	29309	243	13873	47.3336	0.716606	36.3	8.54
NODE_77_length_28348_cov_7.729650	1	28348	1814	16784	59.207	5.66657	37.1	0.92
NODE_80_length_27821_cov_14.253908	1	27821	3225	27629	99.3099	10.0004	36.2	2.14
NODE_90_length_25254_cov_6.697329	1	25254	125	8226	32.5731	0.421121	35.8	0.984
NODE_92_length_24473_cov_5.235728	1	24473	274	14072	57.5001	0.984391	36.7	0.996
NODE_98_length_23476_cov_4.904359	1	23476	124	6668	28.4035	0.467754	37.1	1.6
NODE_107_length_20703_cov_32.120399	1	20703	694	19346	93.4454	2.87683	35.9	0.986
NODE_119_length_18951_cov_5.567686	1	18951	177	10102	53.3059	0.816263	36.4	0.989
NODE_127_length_17877_cov_5.437717	1	17877	92	6053	33.8591	0.448789	36.1	41.2
NODE_337_length_5407_cov_169.755419	1	5407	1358	5211	96.3751	22.1132	36.4	0.99
NODE_345_length_5277_cov_154.251628	1	5277	196	5022	95.1677	3.19803	36.3	1
NODE_17_length_37229_cov_5.527304	1	37229	1517	34434	92.4924	3.59865	36.9	1.11
NODE_35_length_16708_cov_7.810064	1	16708	114	6587	39.4242	0.57673	35.2	1.44
NODE_79_length_6268_cov_7.561404	1	6268	5	454	7.24314	0.0724314	33.4	1
NODE_1_length_167064_cov_29.887916	1	167064	16	1270	0.760188	0.00782933	35.1	1
NODE_2_length_128004_cov_9.723710	1	128004	89852	125056	97.6969	62.4501	37.4	0.987
NODE_9_length_50597_cov_221.425567	1	50597	35	2717	5.36988	0.0602012	35.8	1
NODE_15_length_44579_cov_4.400862	1	44579	7	564	1.26517	0.0126517	34.5	1
NODE_25_length_26906_cov_5.574876	1	26906	63	4855	18.0443	0.200476	35.8	0.873
NODE_66_length_7415_cov_2.395924	1	7415	4	348	4.69319	0.0469319	37.4	3.5
NODE_81_length_6245_cov_24.756704	1	6245	5	368	5.89271	0.0701361	37.2	1
NODE_98_length_5354_cov_128.256463	1	5354	238	4985	93.108	3.79847	35.9	0.962
NODE_14_length_82374_cov_240.205894	1	82374	22	1728	2.09775	0.0209775	33.2	1
NODE_21_length_64073_cov_37.552313	1	64073	18	1464	2.28489	0.0231299	35.1	12.6
NODE_22_length_61496_cov_10.163685	1	61496	76	6410	10.4234	0.106592	36.3	0.987
NODE_27_length_56163_cov_10.570810	1	56163	699	34211	60.9138	1.085	36.6	1.15
NODE_34_length_49123_cov_12.946462	1	49123	1269	40371	82.1835	2.22291	35.9	16.9
NODE_35_length_48678_cov_17.660634	1	48678	50	3886	7.98307	0.0877398	35.8	0.94
NODE_36_length_48286_cov_161.551720	1	48286	551	12670	26.2395	1.02433	38	2.06
NODE_41_length_46049_cov_22.527873	1	46049	646	30829	66.9483	1.22971	36.7	1.25
NODE_42_length_46014_cov_7.064688	1	46014	170	12033	26.1507	0.323054	36.8	1.04
NODE_44_length_45313_cov_24.797539	1	45313	198	14519	32.0416	0.38351	36.4	3.47
NODE_45_length_44530_cov_6.085261	1	44530	313	18236	40.9522	0.580463	34.6	6.73
NODE_54_length_41545_cov_23.951314	1	41545	1632	36992	89.0408	3.4861	37.2	3.09
NODE_56_length_41017_cov_5.694693	1	41017	3493	40593	98.9663	7.19914	35.2	41.8
NODE_58_length_39387_cov_195.566714	1	39387	5505	38493	97.7302	12.2287	36.3	1.01
NODE_66_length_37340_cov_6.786992	1	37340	66	5481	14.6786	0.157338	37.5	0.955
NODE_74_length_32607_cov_43.428176	1	32607	23	1932	5.92511	0.0617352	36.3	0.957
NODE_76_length_32402_cov_4.278047	1	32402	255	15300	47.2193	0.693846	36.9	1.63
NODE_85_length_29888_cov_3.843428	1	29888	47	3904	13.0621	0.141997	37.4	1
NODE_86_length_29401_cov_5.339501	1	29401	613	22818	77.6096	1.77389	35.5	7.18
NODE_90_length_26510_cov_4.099074	1	26510	93	6804	25.6658	0.309242	36.4	1
NODE_91_length_25386_cov_3.813628	1	25386	111	7568	29.8117	0.365792	35.6	0.883
NODE_98_length_23399_cov_4.973441	1	23399	94	6563	28.0482	0.348135	36.9	1.37
NODE_99_length_23338_cov_3.337113	1	23338	205	12054	51.6497	0.784129	37.1	1.26
NODE_100_length_23190_cov_23.457402	1	23190	1	91	0.392411	0.00392411	35.7	0
NODE_102_length_22820_cov_4.048935	1	22820	212	12526	54.8904	0.81617	36.5	0.991
NODE_103_length_22548_cov_3.955764	1	22548	100	6898	30.5925	0.390012	36.9	4.83
NODE_122_length_18523_cov_15.849144	1	18523	41	3009	16.2447	0.185553	35.3	0.976
NODE_137_length_15986_cov_191.716590	1	15986	1314	15172	94.908	7.34086	37.4	3.9
NODE_142_length_15505_cov_266.883107	1	15505	2005	15327	98.852	11.2633	36.4	9.69
NODE_286_length_7396_cov_5.191118	1	7396	1	91	1.23039	0.0123039	34	1
NODE_394_length_5277_cov_264.588280	1	5277	183	4912	93.0832	3.04302	36.3	0.973
NODE_2_length_111600_cov_9.640486	1	111600	3210	97944	87.7634	2.56698	37.6	0.99
NODE_9_length_45523_cov_3.740213	1	45523	4	289	0.634844	0.00773236	35.1	1
NODE_11_length_38676_cov_4.256959	1	38676	189	8463	21.8818	0.426931	36.7	0.963
NODE_14_length_36134_cov_22.605782	1	36134	1249	31527	87.2502	2.99967	36.1	0.989
NODE_16_length_32623_cov_3.888142	1	32623	21027	32437	99.4299	57.0999	37.1	0.988
NODE_23_length_22286_cov_4.358508	1	22286	1308	21713	97.4289	5.18285	36.8	0.987
NODE_25_length_20188_cov_3.698455	1	20188	1987	19965	98.8954	8.5056	36.1	0.989
NODE_50_length_10983_cov_6.236914	1	10983	1583	10854	98.8255	12.5754	36.3	1.09
NODE_97_length_5840_cov_82.570614	1	5840	557	5224	89.4521	8.17089	35.9	0.993
NODE_1_length_291783_cov_17.309309	1	291783	1131	81055	27.7792	0.345832	37.8	1.64
NODE_2_length_224719_cov_12.772874	1	224719	868	64329	28.6264	0.345369	37.8	1.22
NODE_5_length_146551_cov_138.816527	1	146551	27270	146356	99.8669	16.3231	36.7	1.06
NODE_9_length_107083_cov_7.960225	1	107083	3717	95943	89.5969	3.09498	37.7	0.98
NODE_18_length_51491_cov_4.309861	1	51491	289	18809	36.5287	0.49028	36.7	2.28
NODE_23_length_46505_cov_8.013886	1	46505	125	9990	21.4816	0.230771	35.8	1.04
NODE_28_length_40659_cov_13.346394	1	40659	51	4157	10.2241	0.108635	36.1	1.67
NODE_34_length_37084_cov_5.937697	1	37084	133	9001	24.2719	0.314556	36.8	0.835
NODE_37_length_29802_cov_5.098867	1	29802	1681	29410	98.6847	4.96755	36.8	0.99
NODE_39_length_28630_cov_5.069326	1	28630	123	8377	29.2595	0.365246	35.9	0.959
NODE_42_length_27529_cov_6.863980	1	27529	105	7975	28.9695	0.340877	38.2	39.4
NODE_44_length_27445_cov_5.378131	1	27445	625	22126	80.6194	2.00091	36.8	0.987
NODE_46_length_25582_cov_5.547381	1	25582	65	4869	19.0329	0.220585	36.1	0.938
NODE_48_length_24386_cov_133.440549	1	24386	10554	24190	99.1963	38.2964	36.9	41.6
NODE_60_length_14961_cov_14.778747	1	14961	2	93	0.621616	0.012165	38.1	1
NODE_63_length_14529_cov_5.416955	1	14529	56	3911	26.9186	0.322183	35.2	1.38
NODE_85_length_9810_cov_429.929062	1	9810	171739	9810	100	1548.07	36.9	5.6
NODE_91_length_8647_cov_3.054702	1	8647	2	181	2.09321	0.0209321	34	42
NODE_122_length_6209_cov_70622.697433	1	6209	168	5516	88.8388	2.31954	35.3	0.994
NODE_136_length_5744_cov_864.749341	1	5744	295	5157	89.7806	4.44412	36.1	4.73
NODE_147_length_5556_cov_89.738411	1	5556	4950	5552	99.928	77.0896	35.9	0.983
NODE_1_length_224519_cov_7.116856	1	224519	683	52405	23.341	0.27199	37.8	0.975
NODE_2_length_167110_cov_64.689713	1	167110	15	1161	0.694752	0.0075579	35.2	1.67
NODE_4_length_142877_cov_8.785747	1	142877	551	41040	28.724	0.345087	37.9	0.975
NODE_5_length_139191_cov_8.620788	1	139191	402	30461	21.8843	0.258637	37.7	0.97
NODE_21_length_49714_cov_4.278741	1	49714	306	20373	40.9804	0.540089	36.8	0.99
NODE_26_length_46532_cov_8.982421	1	46532	174	12182	26.1798	0.330762	36.4	0.695
NODE_28_length_46427_cov_14.788256	1	46427	171	12290	26.4717	0.321085	36	0.953
NODE_29_length_46367_cov_11.001188	1	46367	59	4755	10.2551	0.110855	35.7	1
NODE_31_length_43850_cov_11.756000	1	43850	2692	43300	98.7457	5.42388	36.8	1.01
NODE_32_length_43436_cov_7.077891	1	43436	165	12472	28.7135	0.32998	36.4	0.982
NODE_35_length_40899_cov_23.333831	1	40899	49	3934	9.61882	0.105137	36.6	1
NODE_46_length_36623_cov_13.706793	1	36623	667	26606	72.6483	1.58704	36.7	1.06
NODE_49_length_32431_cov_3.692241	1	32431	1149	29871	92.1063	3.13866	37.1	0.989
NODE_54_length_30192_cov_5.904702	1	30192	80	5940	19.6741	0.228239	35.4	1
NODE_55_length_29701_cov_27.068205	1	29701	37	3150	10.6057	0.111309	36.9	25.6
NODE_56_length_28912_cov_8.397962	1	28912	76	5722	19.7911	0.217868	35.5	12.1
NODE_58_length_27890_cov_4.360841	1	27890	842	25004	89.6522	2.63944	36.3	0.996
NODE_60_length_25063_cov_6.534149	1	25063	600	20268	80.8682	2.02322	35	0.998
NODE_87_length_14015_cov_251.795559	1	14015	530	12357	88.1698	3.38523	37.6	1.58
NODE_153_length_7396_cov_5.593380	1	7396	2	182	2.46079	0.0246079	33.4	1
NODE_173_length_6469_cov_774.838478	1	6469	22241	6467	99.9691	302.57	36.9	0.972
NODE_218_length_5084_cov_12194.464307	1	5084	1464264	5084	100	25289.2	36.7	0.997
NODE_4_length_149990_cov_22.694054	1	149990	5603	136079	90.7254	3.34164	37.7	9.79
NODE_11_length_90295_cov_118.359719	1	90295	12867	90181	99.8737	12.4933	36.7	1.03
NODE_14_length_82304_cov_225.187151	1	82304	12	978	1.18828	0.0118828	35.9	1
NODE_17_length_66579_cov_12.543699	1	66579	5652	65986	99.1093	7.48988	36.9	1.26
NODE_33_length_48678_cov_22.032392	1	48678	57	4619	9.48889	0.0999425	35.7	0.947
NODE_34_length_48295_cov_29.851223	1	48295	144	9937	20.5756	0.253111	35.8	8.88
NODE_39_length_46496_cov_26.700803	1	46496	141	10477	22.5331	0.264066	36	0.936
NODE_40_length_46294_cov_8.238197	1	46294	187	12644	27.3124	0.342744	36	13.8
NODE_44_length_45871_cov_5.078160	1	45871	859	36045	78.5791	1.61352	35.9	1
NODE_49_length_42667_cov_9.849948	1	42667	151	11214	26.2826	0.31256	37.1	41.7
NODE_52_length_42307_cov_7.097250	1	42307	2633	41150	97.2652	5.51287	37	0.995
NODE_54_length_41741_cov_10.161829	1	41741	366	21400	51.2685	0.769292	36.6	1.08
NODE_55_length_41584_cov_17.221676	1	41584	1830	38867	93.4662	3.87625	37	1.26
NODE_65_length_38961_cov_7.399476	1	38961	87	6418	16.4729	0.196812	37.3	2.87
NODE_66_length_38717_cov_7.546868	1	38717	256	14992	38.722	0.550456	34.9	1.62
NODE_68_length_38440_cov_54.510460	1	38440	9	729	1.89646	0.0191467	35	0.889
NODE_69_length_37272_cov_3.102802	1	37272	152	10068	27.0122	0.345407	35.5	14.7
NODE_76_length_34918_cov_18.678370	1	34918	196	11975	34.2946	0.477891	35.3	6.88
NODE_78_length_34810_cov_11.848741	1	34810	45	2369	6.80552	0.117035	38.2	0.422
NODE_82_length_32967_cov_14.811011	1	32967	691	26472	80.2985	1.75697	35.2	1.06
NODE_84_length_32573_cov_4.820715	1	32573	239	13510	41.4761	0.629601	35.8	41.7
NODE_85_length_32529_cov_5.865646	1	32529	320	18739	57.6071	0.872391	37	2.17
NODE_86_length_32364_cov_4.582315	1	32364	122	9201	28.4297	0.330367	36.6	16.1
NODE_87_length_32215_cov_15.592506	1	32215	108	7953	24.6873	0.288158	35.1	2.52
NODE_88_length_32149_cov_48.332741	1	32149	879	26910	83.704	2.38499	36.3	1.17
NODE_89_length_31829_cov_62.477403	1	31829	6152	31286	98.294	16.4109	35.3	27
NODE_90_length_31247_cov_3.493845	1	31247	165	10935	34.9954	0.468877	36.9	21.6
NODE_92_length_30284_cov_3.410831	1	30284	64	5245	17.3194	0.186501	36.9	16.1
NODE_94_length_29316_cov_3.978435	1	29316	250	14610	49.8363	0.764258	37.2	40.8
NODE_98_length_27642_cov_3.629318	1	27642	295	16241	58.7548	0.9279	36.3	1.83
NODE_99_length_27136_cov_4.809424	1	27136	89	5960	21.9634	0.289763	36	1.78
NODE_103_length_25437_cov_4.427586	1	25437	503	19043	74.8634	1.68542	35.4	1.06
NODE_110_length_22758_cov_8.333524	1	22758	10	231	1.01503	0.0372616	35.3	0.6
NODE_114_length_22362_cov_39.010266	1	22362	15	1326	5.9297	0.0603256	35.7	3.67
NODE_119_length_21232_cov_24.778675	1	21232	8	658	3.0991	0.0312265	34.5	1
NODE_120_length_20547_cov_20.156207	1	20547	367	14002	68.1462	1.50304	35.2	41.4
NODE_181_length_12451_cov_62.323975	1	12451	496	11243	90.298	3.54389	37.5	0.982
NODE_214_length_10360_cov_3.570597	1	10360	345	9373	90.473	2.82992	35.3	41.3
NODE_286_length_7275_cov_4.567867	1	7275	178	6222	85.5258	2.1457	36.4	41
NODE_309_length_6605_cov_445.087328	1	6605	316	6093	92.2483	4.14565	36.1	7.06
NODE_390_length_5581_cov_3.514839	1	5581	278313	5581	100	4353.82	36.5	1.04
DAS_Check_Bin_07_k119_159765:247-42184	1	41938	0	0	0	0	0	0
NODE_105_length_5492_cov_29.344308	1	5492	0	0	0	0	0	0
NODE_11_length_37351_cov_3.546841	1	37351	0	0	0	0	0	0
NODE_79_length_8516_cov_194.794823	1	8516	0	0	0	0	0	0
NODE_96_length_11662_cov_7.022019	1	11662	0	0	0	0	0	0
NODE_164_length_6286_cov_3.027283	1	6286	0	0	0	0	0	0
NODE_23_length_41397_cov_28.250593	1	41397	0	0	0	0	0	0
NODE_47_length_27680_cov_4.110081	1	27680	0	0	0	0	0	0
NODE_158_length_8436_cov_3.682138	1	8436	0	0	0	0	0	0
NODE_42_length_41397_cov_33.888709	1	41397	0	0	0	0	0	0
NODE_192_length_8422_cov_5.291144	1	8422	0	0	0	0	0	0
NODE_59_length_37102_cov_7.659028	1	37102	0	0	0	0	0	0
NODE_118_length_18955_cov_3.719365	1	18955	0	0	0	0	0	0
NODE_29_length_50686_cov_11.681381	1	50686	0	0	0	0	0	0
NODE_50_length_42455_cov_9.957995	1	42455	0	0	0	0	0	0
NODE_12_length_38621_cov_4.452264	1	38621	0	0	0	0	0	0
NODE_30_length_46266_cov_83.710480	1	46266	0	0	0	0	0	0
NODE_38_length_39875_cov_5.639704	1	39875	0	0	0	0	0	0
NODE_53_length_30710_cov_4.642636	1	30710	0	0	0	0	0	0
NODE_101_length_12031_cov_26.306363	1	12031	0	0	0	0	0	0
NODE_28_length_50686_cov_13.389939	1	50686	0	0	0	0	0	0
NODE_77_length_34914_cov_4.634499	1	34914	0	0	0	0	0	0
NODE_278_length_7396_cov_6.279662	1	7396	0	0	0	0	0	0
