#rname	startpos	endpos	numreads	covbases	coverage	meandepth	meanbaseq	meanmapq
DAS_Check_Bin_09_k119_41989:3-49450	1	45022	15864	44772	99.4447	30.6657	36.2	41.6
NODE_39_length_37768_cov_25.508657	1	35529	9	738	2.07718	0.0207718	35.1	0.889
NODE_68_length_36781_cov_8.797283	1	22515	51	4106	18.2367	0.200755	36.7	5.9
NODE_18_length_65286_cov_9.613313	1	61998	866	42024	67.7828	1.22157	36.3	1.15
DAS_Check_Bin_01_k119_158026:3-190576	1	190574	5	449	0.235604	0.00235604	36.8	26.8
DAS_Check_Bin_01_k119_45347:194-20015	1	19822	33	2685	13.5456	0.147614	36.8	41.5
NODE_10_length_44613_cov_10.908120	1	44613	868	34912	78.2552	1.67926	36	0.979
NODE_13_length_36623_cov_12.491687	1	36623	2041	35659	97.3678	4.9058	36.7	0.992
NODE_14_length_36060_cov_13.057825	1	36060	47696	36047	99.9639	114.348	36.1	0.995
NODE_16_length_35370_cov_4.255189	1	35370	1601	34183	96.644	3.98697	36.8	1.03
NODE_18_length_31157_cov_3.163269	1	31157	1155	28858	92.6212	3.28812	37	0.99
NODE_22_length_23860_cov_5.129553	1	23860	1202	23220	97.3177	4.39036	36.2	6.13
NODE_25_length_23308_cov_5.171419	1	23308	15	1218	5.22567	0.0528574	35.4	1
NODE_28_length_21720_cov_3.485299	1	21720	649	18339	84.4337	2.52288	35.3	0.985
NODE_38_length_13971_cov_7.375898	1	13971	7265	13913	99.5849	46.1537	37.3	0.984
NODE_39_length_13673_cov_7.531429	1	13673	51349	13639	99.7513	335.171	37.5	1.19
NODE_86_length_6245_cov_8.653635	1	6245	578	6130	98.1585	7.99087	36.1	1.05
NODE_88_length_6209_cov_8.324829	1	6209	1282369	6209	100	18176.7	36.7	0.995
NODE_96_length_5842_cov_1098.051840	1	5842	80506	5839	99.9486	1186.73	36	1.03
NODE_99_length_5721_cov_1061.804977	1	5721	63	3181	55.6022	0.908233	34.5	41
NODE_102_length_5581_cov_15638.208288	1	5581	128	4118	73.7861	1.89428	34.8	1.77
NODE_104_length_5514_cov_1878.878732	1	5514	2	182	3.30069	0.0330069	33.7	1
NODE_105_length_5492_cov_29.344308	1	5492	388	5205	94.7742	6.13547	36.1	2.53
NODE_109_length_5407_cov_11252.763079	1	5407	216965	5407	100	3515.25	36.5	0.998
NODE_120_length_5084_cov_34199.553390	1	5084	194491	5084	100	3362.26	36.7	0.998
NODE_2_length_172485_cov_32.775068	1	172485	44128	166149	96.3266	22.7774	37.5	0.989
NODE_6_length_61068_cov_9.739465	1	61068	2193	56958	93.2698	3.16871	37	1.03
NODE_7_length_58087_cov_6.947994	1	58087	322	21812	37.5506	0.490626	37	0.997
NODE_11_length_41469_cov_25.463877	1	41469	4416	40919	98.6737	9.38501	36.9	1.05
NODE_12_length_40031_cov_3.840454	1	40031	134	8488	21.2036	0.286253	35.9	37.4
NODE_17_length_37325_cov_319.259539	1	37325	65	5333	14.288	0.154427	36.6	1
NODE_19_length_36060_cov_32.684877	1	36060	48473	35983	99.7865	116.237	36.1	0.992
NODE_23_length_32292_cov_5.397959	1	32292	5363	32244	99.8514	14.3679	36.1	0.993
NODE_24_length_31545_cov_5.801683	1	31545	110	7102	22.5139	0.288255	35	9.83
NODE_28_length_27475_cov_4.040518	1	27475	142	9521	34.6533	0.434031	35.5	1.48
NODE_30_length_25734_cov_5.275400	1	25734	166	10381	40.3396	0.571734	37.2	0.982
NODE_31_length_25359_cov_5.009406	1	25359	253	14204	56.0117	0.882921	36.9	0.988
NODE_41_length_22305_cov_25.908899	1	22305	7526	22270	99.8431	29.0392	35.9	3.65
NODE_42_length_22193_cov_5.490695	1	22193	463	16769	75.5599	1.8003	35.8	37.7
NODE_48_length_18890_cov_3.341333	1	18890	2	144	0.762308	0.00788777	34.2	0.5
NODE_52_length_17580_cov_3.189843	1	17580	99	5731	32.5995	0.453868	35.2	0.97
NODE_214_length_6245_cov_8.318255	1	6245	619	6203	99.3275	8.62498	36.2	0.995
NODE_217_length_6209_cov_8.798343	1	6209	1238566	6209	100	17563.3	36.7	0.996
NODE_258_length_5581_cov_2813.330800	1	5581	175	4771	85.4865	2.54417	34.6	1.57
NODE_262_length_5514_cov_38.326067	1	5514	17	1039	18.8429	0.251179	34.1	1
NODE_268_length_5407_cov_226.692078	1	5407	249628	5407	100	4050.42	36.5	0.996
NODE_292_length_5084_cov_88208.156095	1	5084	210622	5084	100	3643.36	36.7	0.996
NODE_9_length_43915_cov_6.954241	1	43915	782	31352	71.3925	1.53927	36.1	0.983
NODE_10_length_38461_cov_14.877649	1	38461	43003	38452	99.9766	98.4265	36.8	18.2
NODE_11_length_37351_cov_3.546841	1	37351	1097	18390	49.2356	2.62036	37.7	19.7
NODE_12_length_36623_cov_10.841993	1	36623	2142	36107	98.591	5.13838	36.7	0.994
NODE_14_length_35381_cov_20.886033	1	35381	4	339	0.958141	0.00958141	35.6	0.5
NODE_16_length_25443_cov_3.831850	1	25443	1008	23887	93.8844	3.49943	36.8	0.99
NODE_25_length_21201_cov_4.167171	1	21201	1072	20212	95.3351	4.40512	36.3	1.08
NODE_34_length_13780_cov_2.793515	1	13780	381	12713	92.2569	2.39565	36	0.984
NODE_39_length_12439_cov_7.203731	1	12439	6546	12436	99.9759	46.8058	37.2	1.42
NODE_72_length_6209_cov_12.989275	1	6209	1252075	6209	100	17743.8	36.7	0.995
NODE_76_length_5842_cov_1509.613790	1	5842	79508	5840	99.9658	1169.71	36	0.996
NODE_87_length_5402_cov_34.239200	1	5402	328	4763	88.171	5.24287	36	1.07
NODE_89_length_5277_cov_5.447721	1	5277	12592	5276	99.981	208.075	36.2	0.999
NODE_4_length_238892_cov_6.753413	1	238892	479	33051	13.8351	0.17528	36.6	18.7
NODE_5_length_189738_cov_6.430987	1	189738	548	36565	19.2713	0.251621	36.6	34.7
NODE_10_length_119230_cov_6.136941	1	119230	268	20600	17.2775	0.196813	36.6	0.892
NODE_12_length_90299_cov_8.811644	1	90299	1231	57567	63.7515	1.21649	37.5	41.6
NODE_13_length_76125_cov_44.994597	1	76125	999	35937	47.2079	1.1577	37	0.985
NODE_18_length_62590_cov_137.633981	1	62590	6045	61347	98.0141	8.28599	35.8	38.2
NODE_20_length_55983_cov_7.738449	1	55983	1205	40392	72.1505	1.87932	36.3	20.9
NODE_23_length_52152_cov_8.571204	1	52152	51	3539	6.78593	0.0872066	38.2	25.3
NODE_24_length_47733_cov_200.310583	1	47733	19251	47634	99.7926	35.8053	37.2	1.27
NODE_27_length_46064_cov_34.699428	1	46064	4	325	0.70554	0.0070554	34.1	1
NODE_32_length_43849_cov_21.327442	1	43849	1896	42489	96.8984	3.80909	36.9	1.01
NODE_34_length_42243_cov_6.125960	1	42243	250	17234	40.7973	0.520489	36.6	0.996
NODE_40_length_37489_cov_12.035128	1	37489	1141	33044	88.1432	2.54803	35.2	0.989
NODE_41_length_37113_cov_5.778240	1	37113	5931	37082	99.9165	13.8289	36	0.992
NODE_44_length_36060_cov_186.741564	1	36060	49091	36044	99.9556	117.644	36.1	0.992
NODE_57_length_28964_cov_3.647964	1	28964	347	16737	57.7855	1.0472	36.1	41.3
NODE_58_length_28915_cov_2.851594	1	28915	91	6559	22.6837	0.277434	36.4	1
NODE_61_length_27709_cov_4.008787	1	27709	652	22893	82.6194	2.04049	35.9	1.71
NODE_63_length_26925_cov_11.515333	1	26925	187	11438	42.481	0.592089	35.3	3.58
NODE_64_length_26668_cov_4.755420	1	26668	1023	23653	88.6943	3.24276	35.5	1.12
NODE_66_length_25532_cov_5.218589	1	25532	2901	25162	98.5508	9.97086	36.8	1.09
NODE_69_length_23559_cov_18.031867	1	23559	455	17278	73.3393	1.67596	36.2	11.1
NODE_71_length_22160_cov_3.786655	1	22160	18638	22134	99.8827	74.3148	36.9	1.1
NODE_86_length_17581_cov_4.636540	1	17581	884	10495	59.6951	4.49087	37.1	5.51
NODE_94_length_15427_cov_6.269321	1	15427	3160	15386	99.7342	17.0909	34.9	41.7
NODE_95_length_15356_cov_3.584733	1	15356	1379	14224	92.6283	7.58075	35.3	4.04
NODE_113_length_12763_cov_3.351196	1	12763	2	151	1.18311	0.0118311	36.5	41
NODE_165_length_6963_cov_2699.768674	1	6963	3463	6865	98.5926	44.1254	37.2	1.14
NODE_180_length_6209_cov_8.318817	1	6209	1249677	6209	100	17717	36.7	0.997
NODE_194_length_5842_cov_59.714187	1	5842	146106	5839	99.9486	2171.14	36.2	1.44
NODE_205_length_5514_cov_740.579227	1	5514	6	454	8.23359	0.0890461	33.8	1
NODE_209_length_5407_cov_424.684417	1	5407	264814	5407	100	4292.94	36.5	0.999
NODE_212_length_5277_cov_13.385101	1	5277	13095	5275	99.9621	216.44	36.2	0.997
NODE_213_length_5084_cov_56753.835156	1	5084	204151	5084	100	3526.03	36.7	0.995
NODE_3_length_160031_cov_246.186322	1	160031	36983	154521	96.5569	20.6002	37.5	1.02
NODE_4_length_135187_cov_5.588891	1	135187	104	7805	5.77348	0.0669739	36.5	0.942
NODE_11_length_82624_cov_5.458404	1	82624	83	6830	8.26636	0.0888604	36.6	0.928
NODE_20_length_47234_cov_31.155747	1	47234	15466	47201	99.9301	28.3924	36.1	2.64
NODE_22_length_45867_cov_5.463743	1	45867	949	35771	77.9885	1.78494	36	1.01
NODE_24_length_43860_cov_6.177765	1	43860	4	334	0.761514	0.00761514	35.3	42
NODE_25_length_43849_cov_10.709458	1	43849	1961	42128	96.0752	3.95042	36.8	0.991
NODE_27_length_42291_cov_8.031513	1	42291	236	15577	36.8329	0.49157	36.8	0.979
NODE_30_length_41337_cov_7.787607	1	41337	6220	41237	99.7581	13.0473	36	0.992
NODE_33_length_39957_cov_24.373239	1	39957	12180	39476	98.7962	26.6545	36.3	1.17
NODE_34_length_38904_cov_21.835774	1	38904	76	5693	14.6335	0.173221	37	1
NODE_37_length_37729_cov_6.620083	1	37729	11	983	2.60542	0.0260807	36.2	1
NODE_38_length_37629_cov_17.014451	1	37629	1125	32498	86.3642	2.51149	35.2	0.988
NODE_42_length_35867_cov_6.690467	1	35867	185	11279	31.4467	0.438565	35.5	41.9
NODE_43_length_35817_cov_5.543007	1	35817	1528	34004	94.9382	3.74532	36.9	8.24
NODE_46_length_35128_cov_9.695264	1	35128	46	2509	7.14245	0.115492	36.4	26.1
NODE_47_length_34443_cov_6.100820	1	34443	48	3801	11.0356	0.125512	38.2	42
NODE_49_length_32550_cov_5.505924	1	32550	248	14458	44.4178	0.6502	35.5	14.7
NODE_72_length_21497_cov_3.547617	1	21497	275	13343	62.0691	1.12346	36.7	41.1
NODE_77_length_19576_cov_17.607807	1	19576	344	13830	70.6477	1.51742	36.2	8.07
NODE_210_length_6209_cov_9.798343	1	6209	1266234	6209	100	17958.6	36.7	0.995
NODE_235_length_5514_cov_1351.351346	1	5514	2	170	3.08306	0.0308306	33	1
NODE_243_length_5277_cov_12.775565	1	5277	13006	5274	99.9431	215.07	36.2	0.995
NODE_249_length_5084_cov_78920.386956	1	5084	204545	5084	100	3534.56	36.7	0.997
NODE_1_length_164730_cov_5.305092	1	164730	427	30838	18.7203	0.225587	36.3	11.7
NODE_2_length_124404_cov_11.033221	1	124404	6647	106880	85.9136	4.77638	37.7	1.01
NODE_4_length_117427_cov_5.768318	1	117427	74	5669	4.82768	0.0556857	36.8	0.946
NODE_8_length_96678_cov_134.288192	1	96678	17256	93947	97.1752	15.8922	37.5	0.986
NODE_28_length_43893_cov_22.428281	1	43893	1997	42028	95.751	4.00747	36.7	1.08
NODE_29_length_42291_cov_14.926058	1	42291	235	15898	37.5919	0.489442	36.9	0.996
NODE_33_length_37337_cov_16.555415	1	37337	13743	37336	99.9973	31.7863	36	2.34
NODE_34_length_37325_cov_110.555514	1	37325	61	4685	12.5519	0.145613	37.1	1
NODE_36_length_36495_cov_5.297722	1	36495	5	440	1.20564	0.0120564	35.6	0.8
NODE_38_length_36114_cov_4.509720	1	36114	964	31224	86.4595	2.36457	37.1	0.979
NODE_39_length_36060_cov_13.462408	1	36060	47910	36037	99.9362	114.866	36.1	0.995
NODE_48_length_30963_cov_4.644332	1	30963	6743	16870	54.4844	19.5239	38	1.12
NODE_54_length_29179_cov_6.736266	1	29179	1613	28411	97.368	4.86082	36.7	0.991
NODE_66_length_21974_cov_4.464985	1	21974	711	20100	91.4717	2.72044	35.3	0.992
NODE_181_length_6454_cov_8661.914049	1	6454	4276	6448	99.907	57.8184	36.6	3.58
NODE_228_length_5277_cov_15.499043	1	5277	12931	5276	99.981	213.538	36.2	0.996
NODE_232_length_5084_cov_53965.325313	1	5084	201899	5084	100	3486.32	36.7	0.997
NODE_2_length_164227_cov_5.664328	1	164227	220	16781	10.2182	0.117362	36.6	0.927
NODE_17_length_61395_cov_5.757956	1	61395	66	5056	8.2352	0.0950077	36.6	0.97
NODE_26_length_47746_cov_5.112222	1	47746	6685	30728	64.3572	12.577	38.1	4.85
NODE_31_length_42291_cov_15.102069	1	42291	277	17377	41.0891	0.585609	37.2	0.975
NODE_44_length_30436_cov_7.486422	1	30436	2	182	0.597976	0.00597976	38	4
NODE_48_length_29632_cov_4.402171	1	29632	887	25911	87.4426	2.50466	35.2	0.991
NODE_50_length_28964_cov_4.022381	1	28964	8	630	2.17511	0.0237882	37	1
NODE_51_length_27921_cov_3.034092	1	27921	554	21906	78.4571	1.71853	36.1	0.989
NODE_55_length_25017_cov_5.657880	1	25017	608	20001	79.9496	2.10465	36.4	0.995
NODE_56_length_24833_cov_5.809872	1	24833	1552	24448	98.4496	5.51266	36.9	1.04
NODE_97_length_12527_cov_5.050513	1	12527	28884	12523	99.9681	206.175	37.7	1.19
NODE_176_length_5514_cov_454.349698	1	5514	4	363	6.58324	0.0658324	34.3	1
NODE_184_length_5277_cov_11.715818	1	5277	13204	5277	100	218.344	36.2	0.998
NODE_193_length_5034_cov_15.769632	1	5034	17361	5034	100	299.777	36.1	7.84
NODE_1_length_114607_cov_10.147007	1	114607	33558	110924	96.7864	26.0605	37.4	0.987
NODE_4_length_36816_cov_7.960991	1	36816	5717	36726	99.7555	13.4684	36.1	0.992
NODE_5_length_36230_cov_4.885114	1	36230	2	182	0.502346	0.00502346	38.6	42
NODE_10_length_27385_cov_7.189535	1	27385	56	4672	17.0604	0.181304	37	0.946
NODE_11_length_26673_cov_11.045683	1	26673	4749	26619	99.7975	15.3663	35.9	0.978
NODE_20_length_17239_cov_6.178596	1	17239	2045	17094	99.1589	10.1908	35.7	1.01
NODE_86_length_6209_cov_9.690445	1	6209	1266050	6209	100	17953.1	36.7	0.996
NODE_113_length_5514_cov_54.894486	1	5514	3	253	4.58832	0.049329	34.8	4.33
NODE_124_length_5277_cov_25.805247	1	5277	12976	5277	100	214.424	36.2	0.999
NODE_1_length_167064_cov_31.023334	1	167064	88497	167062	99.9988	47.0195	37.2	0.988
NODE_7_length_61042_cov_7.357896	1	61042	2190	57442	94.1024	3.1719	36.9	1.12
NODE_11_length_50106_cov_8.639548	1	50106	8176	50051	99.8902	14.0951	36	1.47
NODE_13_length_47685_cov_12.449024	1	47685	20780	47679	99.9874	38.6661	37.1	1.01
NODE_14_length_46328_cov_8.666393	1	46328	3829	45978	99.2445	7.16778	36.1	1.15
NODE_26_length_33164_cov_59.471171	1	33164	35243	33089	99.7739	95.1307	37.9	0.984
NODE_27_length_32852_cov_6.310150	1	32852	652	26136	79.5568	1.73186	36.3	0.994
NODE_29_length_31681_cov_4.792196	1	31681	817	26780	84.5302	2.22723	35.8	1.02
NODE_32_length_29822_cov_3.040481	1	29822	1769	28400	95.2317	5.01046	35.4	12.4
NODE_37_length_23975_cov_6.355811	1	23975	1335	23162	96.609	4.86069	36.3	1.01
NODE_109_length_6469_cov_258.754599	1	6469	29149	6469	100	399.741	37	0.994
NODE_117_length_6209_cov_39356.593760	1	6209	1244359	6209	100	17629.9	36.7	0.996
NODE_131_length_5556_cov_340.263043	1	5556	15653	5556	100	243.014	36	1
NODE_139_length_5354_cov_334.782412	1	5354	27992	5354	100	452.846	36	0.995
NODE_147_length_5084_cov_13961.725393	1	5084	289959	5084	100	5018.26	36.7	0.999
NODE_3_length_123329_cov_12.346099	1	123329	6653	107987	87.5601	4.81784	37.7	0.987
NODE_6_length_84822_cov_16.799037	1	84822	68902	84809	99.9847	72.3871	37.4	1.84
NODE_7_length_82293_cov_17.234271	1	82293	35481	82238	99.9332	36.9026	35.7	0.992
NODE_13_length_50138_cov_17.827646	1	50138	8437	50125	99.9741	14.5215	36	1.42
NODE_17_length_47511_cov_6.251033	1	47511	1204	39357	82.8377	2.1892	35.8	0.99
NODE_22_length_41227_cov_3.669387	1	41227	230	15390	37.3299	0.489412	36.6	1
NODE_24_length_39433_cov_10.753847	1	39433	2820	38386	97.3449	6.26021	36.4	23.6
NODE_34_length_29970_cov_6.653919	1	29970	2363	29498	98.4251	6.8003	36	1
NODE_35_length_29279_cov_5.928107	1	29279	259	15061	51.4396	0.791045	37.8	0.981
NODE_36_length_28663_cov_6.412088	1	28663	8498	28596	99.7662	25.9755	36.4	0.99
NODE_39_length_25023_cov_3.154598	1	25023	529	19412	77.5766	1.84514	36.3	0.985
NODE_41_length_24643_cov_3.795713	1	24643	1803	24326	98.7136	6.21272	35.3	0.989
NODE_42_length_24457_cov_5.553315	1	24457	5116	24449	99.9673	18.1076	36.2	0.982
NODE_46_length_21332_cov_3.397377	1	21332	2447	21254	99.6344	9.83086	35.6	0.993
NODE_52_length_17163_cov_9.937398	1	17163	353	13850	80.6968	1.78547	36.1	0.994
NODE_119_length_6469_cov_423.735111	1	6469	29052	6469	100	398.587	37	0.996
NODE_133_length_5840_cov_3038.520311	1	5840	610911	5840	100	9184.83	36.4	3.63
NODE_140_length_5469_cov_7.356114	1	5469	12327	5469	100	185.505	34.5	41.9
NODE_1_length_157272_cov_245.867635	1	157272	46140	157235	99.9765	26.154	37.5	1.41
NODE_3_length_116508_cov_7.831949	1	116508	53834	116503	99.9957	41.0482	37.2	1.06
NODE_5_length_78818_cov_6.835964	1	78818	2010	60811	77.1537	2.2388	36.5	26
NODE_8_length_61519_cov_6.420002	1	61519	964	42388	68.9023	1.36459	36.3	1.02
NODE_11_length_55539_cov_10.359851	1	55539	1080	44269	79.708	1.70673	36.5	4.44
NODE_12_length_54742_cov_5.935359	1	54742	4992	54294	99.1816	8.00599	36.6	14.2
NODE_15_length_49707_cov_409.118646	1	49707	51207	49670	99.9256	89.7719	36.3	3.71
NODE_19_length_46049_cov_20.145976	1	46049	129	9877	21.4489	0.24361	36.5	0.992
NODE_31_length_37539_cov_17.903879	1	37539	845	29747	79.2429	1.96068	36.4	1.14
NODE_32_length_37308_cov_5.588865	1	37308	293	17585	47.1347	0.690951	36.9	2.19
NODE_38_length_34710_cov_5.008022	1	34710	890	28251	81.3915	2.1915	35.8	0.993
NODE_39_length_34383_cov_15.503059	1	34383	34	2722	7.9167	0.0839368	35.9	15.5
NODE_40_length_33198_cov_25.854600	1	33198	208	13015	39.2042	0.550877	36.8	0.981
NODE_41_length_33019_cov_71.818742	1	33019	1927	31080	94.1276	5.09531	36.4	1.37
NODE_42_length_30783_cov_6.353228	1	30783	24525	30757	99.9155	70.2426	36.8	0.988
NODE_43_length_30206_cov_3.324367	1	30206	238	14784	48.9439	0.688406	36.7	41.7
NODE_51_length_25704_cov_4.962455	1	25704	2126	25569	99.4748	7.16768	36.1	0.993
NODE_60_length_19783_cov_3.659621	1	19783	161	8852	44.7455	0.725674	37.8	0.932
NODE_68_length_16862_cov_6.336764	1	16862	3156	16798	99.6204	15.8705	35.4	3.92
NODE_137_length_7399_cov_2.692266	1	7399	247	6803	91.9449	2.92242	36.9	0.947
NODE_157_length_6469_cov_65.568288	1	6469	29115	6469	100	398.848	37	0.997
NODE_186_length_5556_cov_469.135975	1	5556	15859	5556	100	246.635	36	1.01
NODE_193_length_5407_cov_407.749626	1	5407	445840	5407	100	7244.9	36.5	1.56
NODE_194_length_5354_cov_104.200415	1	5354	28226	5354	100	456.791	36	0.99
NODE_196_length_5277_cov_172.009958	1	5277	13163	5276	99.981	217.362	36.2	0.998
NODE_4_length_95966_cov_30.590652	1	95966	210108	95966	100	192.463	36.8	3.44
NODE_6_length_82210_cov_5.532554	1	82210	34007	82186	99.9708	35.4111	35.7	1.04
NODE_11_length_50594_cov_377.385821	1	50594	398814	50594	100	692.412	36.5	1.19
NODE_15_length_36350_cov_5.563659	1	36350	14910	36344	99.9835	36.3847	37.1	0.997
NODE_16_length_36268_cov_5.202911	1	36268	2127	35423	97.6701	5.1495	36.8	1.02
NODE_17_length_36060_cov_30.766366	1	36060	54080	36060	100	129.688	36.1	0.992
NODE_22_length_25354_cov_3.861378	1	25354	1070	24172	95.338	3.7305	36.8	0.982
NODE_25_length_22867_cov_5.385543	1	22867	31	2440	10.6704	0.121179	37.4	1
NODE_4_length_50595_cov_67.659972	1	50595	392532	50595	100	681.622	36.5	0.991
NODE_9_length_29359_cov_4.137114	1	29359	23430	29358	99.9966	69.7044	36.4	1.33
NODE_22_length_12612_cov_2.735526	1	12612	1635	12569	99.6591	10.9354	35.3	1.19
NODE_3_length_50595_cov_82.409794	1	50595	393085	50595	100	682.59	36.5	0.99
NODE_5_length_44363_cov_4.177530	1	44363	46707	44356	99.9842	91.7913	36.3	1.31
NODE_7_length_36147_cov_14.136346	1	36147	55413	36147	100	132.616	36.1	1.21
NODE_18_length_15213_cov_9.438580	1	15213	117550	15213	100	684.815	37	41.6
NODE_47_length_5840_cov_40.463440	1	5840	454703	5840	100	6797.15	36.2	1.38
NODE_51_length_5556_cov_13.876568	1	5556	15710	5553	99.946	244.099	36	0.996
NODE_57_length_5407_cov_151.267377	1	5407	419441	5407	100	6818.51	36.5	1.07
NODE_62_length_5084_cov_1208.538278	1	5084	299580	5084	100	5186.61	36.7	0.996
NODE_2_length_148288_cov_23.186888	1	148288	955	58846	39.6836	0.575792	37.6	13.8
NODE_6_length_84805_cov_14.802077	1	84805	67058	84803	99.9976	70.4415	37.4	1.04
NODE_23_length_41397_cov_28.250593	1	41397	51	4312	10.4162	0.111047	37.8	0.863
NODE_24_length_41128_cov_5.105933	1	41128	2926	40801	99.2049	6.13952	36	1.1
NODE_25_length_41104_cov_10.069039	1	41104	285	16837	40.962	0.60943	36.6	0.975
NODE_35_length_36642_cov_6.903080	1	36642	2007	35557	97.0389	4.79423	36.6	0.989
NODE_42_length_32103_cov_4.370444	1	32103	241	14815	46.1483	0.664206	37	41
NODE_45_length_29051_cov_4.288419	1	29051	160	10586	36.4394	0.482427	37.2	0.994
NODE_47_length_27680_cov_4.110081	1	27680	896	23633	85.3793	2.80372	35.9	0.994
NODE_51_length_25928_cov_4.825185	1	25928	200	12048	46.4671	0.691993	37.9	0.965
NODE_54_length_22851_cov_9.800140	1	22851	403	17227	75.3884	1.53656	36.3	1.06
NODE_102_length_12697_cov_5.155751	1	12697	8303	12647	99.6062	58.0216	37.2	4.59
NODE_158_length_8436_cov_3.682138	1	8436	2	182	2.15742	0.0215742	38.9	1
NODE_209_length_6209_cov_65496.679721	1	6209	1251064	6209	100	17734.6	36.7	0.997
NODE_235_length_5556_cov_134.878749	1	5556	15784	5556	100	245.006	36	1.02
NODE_249_length_5277_cov_379.647453	1	5277	12985	5277	100	214.253	36.2	1
NODE_4_length_133646_cov_16.294571	1	133646	1564	78476	58.7193	1.0307	36.6	16.3
NODE_7_length_115553_cov_35.746429	1	115553	624	39276	33.9896	0.481242	37.6	0.992
NODE_18_length_57319_cov_76.520624	1	57319	1014	38790	67.6739	1.53958	36.2	0.976
NODE_24_length_50596_cov_1234.024079	1	50596	394915	50596	100	685.715	36.5	0.991
NODE_35_length_43849_cov_26.763073	1	43849	1908	42304	96.4765	3.84191	36.9	0.993
NODE_38_length_43069_cov_9.555959	1	43069	396	22195	51.5336	0.80508	36.5	1.06
NODE_42_length_41397_cov_33.888709	1	41397	52	4207	10.1626	0.112255	37.2	0.923
NODE_49_length_38057_cov_4.796748	1	38057	148	10693	28.0973	0.345955	37	13.4
NODE_51_length_37849_cov_4.749140	1	37849	218	14855	39.2481	0.512563	37.2	0.977
NODE_53_length_36807_cov_5.676671	1	36807	41	3137	8.52284	0.0963947	35.9	28
NODE_61_length_31489_cov_8.070020	1	31489	291	16299	51.7609	0.821366	37	0.997
NODE_63_length_27891_cov_6.995761	1	27891	117	7813	28.0126	0.371518	36.6	19.5
NODE_64_length_27677_cov_8.435522	1	27677	885	24769	89.4931	2.74488	35.6	1.07
NODE_69_length_26777_cov_5.823441	1	26777	894	24355	90.9549	2.8008	35.2	1.61
NODE_76_length_25339_cov_4.381387	1	25339	19565	25334	99.9803	68.1371	36.8	0.991
NODE_77_length_25099_cov_4.340960	1	25099	326	15036	59.9068	1.11945	36	9.08
NODE_78_length_24488_cov_6.858102	1	24488	114	7935	32.4036	0.404974	36.2	41.6
NODE_80_length_24274_cov_3.099385	1	24274	392	13237	54.5316	1.37682	35.5	32.3
NODE_86_length_22502_cov_3.552991	1	22502	137	8158	36.2546	0.533508	37.4	10.4
NODE_101_length_17827_cov_4.586484	1	17827	41484	17827	100	196.883	35.2	1.03
NODE_110_length_17112_cov_3.368119	1	17112	430	14557	85.069	2.19104	36.1	0.995
NODE_229_length_6678_cov_5.842066	1	6678	3269	6674	99.9401	43.4214	37.2	1.22
NODE_261_length_5874_cov_27.383915	1	5874	27347	5841	99.4382	403.42	36	0.992
NODE_4_length_127150_cov_117.090247	1	127150	6659	107791	84.7747	4.68175	37.7	0.987
NODE_7_length_88941_cov_46.993812	1	88941	1332	32951	37.0482	1.33041	37.4	18.5
NODE_11_length_72839_cov_23.773563	1	72839	15516	72520	99.562	18.3644	35.9	41.7
NODE_21_length_59130_cov_12.292323	1	59130	303	21105	35.6925	0.449992	36.9	0.997
NODE_23_length_57177_cov_114.389377	1	57177	939	36051	63.0516	1.43072	36.3	0.958
NODE_28_length_50596_cov_1491.292179	1	50596	395366	50596	100	686.38	36.5	0.989
NODE_30_length_49587_cov_4.531979	1	49587	890	37640	75.907	1.57733	36.5	0.985
NODE_35_length_46803_cov_6.051467	1	46803	197	13406	28.6435	0.371728	36.6	18.5
NODE_36_length_46752_cov_29.126753	1	46752	3245	45642	97.6258	6.01469	36	1.01
NODE_39_length_43620_cov_4.962217	1	43620	336	21049	48.2554	0.680651	36.9	1.07
NODE_40_length_43084_cov_6.633898	1	43084	15608	43052	99.9257	31.0338	35.7	1.1
NODE_45_length_40665_cov_4.748239	1	40665	1485	37804	92.9645	3.23008	36.8	1.09
NODE_50_length_39226_cov_10.101606	1	39226	95	6543	16.6803	0.213736	36.6	41.4
NODE_56_length_37457_cov_9.262072	1	37457	939	31003	82.7696	2.17052	36.3	3.33
NODE_58_length_37241_cov_46.337493	1	37241	309	15934	42.7862	0.718133	36.5	6.36
NODE_59_length_37102_cov_7.659028	1	37102	1149	32675	88.068	2.65201	35.9	1.01
NODE_60_length_36992_cov_10.212497	1	36992	449	22323	60.3455	1.07175	37	19.1
NODE_64_length_33972_cov_8.070260	1	33972	805	28342	83.4275	2.09272	36.8	41.1
NODE_68_length_32950_cov_15.789907	1	32950	2659	32778	99.478	6.98692	36	1.04
NODE_75_length_29643_cov_5.344836	1	29643	269	15431	52.0561	0.812974	37.9	41.2
NODE_76_length_29309_cov_5.208553	1	29309	442	20548	70.1082	1.31629	36.3	12.1
NODE_77_length_28348_cov_7.729650	1	28348	110	7972	28.1219	0.342458	37.2	1
NODE_80_length_27821_cov_14.253908	1	27821	583	20595	74.0268	1.82121	36.2	2.54
NODE_90_length_25254_cov_6.697329	1	25254	23	1718	6.80288	0.0815712	36.9	1
NODE_92_length_24473_cov_5.235728	1	24473	19346	24469	99.9837	69.8073	36.8	0.991
NODE_98_length_23476_cov_4.904359	1	23476	139	9191	39.1506	0.52313	36.9	11.3
NODE_107_length_20703_cov_32.120399	1	20703	3238	20656	99.773	13.4975	36	0.965
NODE_119_length_18951_cov_5.567686	1	18951	228	11652	61.4849	1.05979	36.6	0.991
NODE_127_length_17877_cov_5.437717	1	17877	1536	17839	99.7874	7.50998	36.4	41.6
NODE_337_length_5407_cov_169.755419	1	5407	401789	5407	100	6535.89	36.6	0.995
NODE_345_length_5277_cov_154.251628	1	5277	12845	5276	99.981	212.233	36.2	1
NODE_17_length_37229_cov_5.527304	1	37229	4235	36904	99.127	10.0456	36.9	1.11
NODE_35_length_16708_cov_7.810064	1	16708	2257	16675	99.8025	11.4239	35.3	1.92
NODE_79_length_6268_cov_7.561404	1	6268	674	6180	98.596	9.32451	36	0.993
NODE_1_length_167064_cov_29.887916	1	167064	88540	166928	99.9186	47.0602	37.2	0.995
NODE_2_length_128004_cov_9.723710	1	128004	38715	127930	99.9422	26.9509	37.5	1
NODE_9_length_50597_cov_221.425567	1	50597	399006	50597	100	692.715	36.5	0.998
NODE_15_length_44579_cov_4.400862	1	44579	40125	44563	99.9641	77.9277	36.1	1.19
NODE_25_length_26906_cov_5.574876	1	26906	2324	26610	98.8999	7.45618	36	1.26
NODE_66_length_7415_cov_2.395924	1	7415	225	6798	91.679	2.71935	37.2	1.11
NODE_81_length_6245_cov_24.756704	1	6245	702	6197	99.2314	9.77886	36.2	0.991
NODE_98_length_5354_cov_128.256463	1	5354	27504	5353	99.9813	444.473	36	0.993
NODE_14_length_82374_cov_240.205894	1	82374	35112	82310	99.9223	36.4479	35.6	0.992
NODE_21_length_64073_cov_37.552313	1	64073	54354	63865	99.6754	73.4747	36.2	11.1
NODE_22_length_61496_cov_10.163685	1	61496	966	44469	72.312	1.3622	36.4	0.993
NODE_27_length_56163_cov_10.570810	1	56163	726	35223	62.7157	1.13302	36.5	1.22
NODE_29_length_50686_cov_11.681381	1	50686	3201	49652	97.96	5.26033	35	0.989
NODE_34_length_49123_cov_12.946462	1	49123	1419	41141	83.751	2.47888	35.8	15.2
NODE_35_length_48678_cov_17.660634	1	48678	1279	41880	86.0348	2.25502	35.7	1.06
NODE_36_length_48286_cov_161.551720	1	48286	58670	48128	99.6728	108.911	37.9	10.6
NODE_41_length_46049_cov_22.527873	1	46049	118	9203	19.9852	0.225912	36.9	1
NODE_42_length_46014_cov_7.064688	1	46014	3330	45391	98.6461	6.32151	36.5	1.49
NODE_44_length_45313_cov_24.797539	1	45313	4793	44997	99.3026	9.22841	36.4	1.79
NODE_45_length_44530_cov_6.085261	1	44530	781	30381	68.2259	1.44759	34.9	5.95
NODE_50_length_42455_cov_9.957995	1	42455	1206	36357	85.6366	2.44379	35.8	5.57
NODE_54_length_41545_cov_23.951314	1	41545	1035	34150	82.2	2.21001	37.1	1.72
NODE_56_length_41017_cov_5.694693	1	41017	625	28083	68.4667	1.27242	35.2	41.5
NODE_58_length_39387_cov_195.566714	1	39387	13273	39027	99.086	29.4551	36.3	2.27
NODE_66_length_37340_cov_6.786992	1	37340	94	6495	17.3942	0.224826	37.8	0.989
NODE_74_length_32607_cov_43.428176	1	32607	2050	30904	94.7772	5.49496	36.3	1.1
NODE_76_length_32402_cov_4.278047	1	32402	542	23289	71.8752	1.47658	36.9	0.987
NODE_85_length_29888_cov_3.843428	1	29888	224	13987	46.798	0.657655	36.8	0.987
NODE_86_length_29401_cov_5.339501	1	29401	408	18138	61.6918	1.18891	35.5	6.55
NODE_90_length_26510_cov_4.099074	1	26510	497	20245	76.3674	1.62735	36.2	0.986
NODE_91_length_25386_cov_3.813628	1	25386	133	9038	35.6023	0.454463	35.6	0.977
NODE_98_length_23399_cov_4.973441	1	23399	1039	22501	96.1622	3.91072	36.8	0.997
NODE_99_length_23338_cov_3.337113	1	23338	235	13323	57.0872	0.893907	37	1.27
NODE_100_length_23190_cov_23.457402	1	23190	143	8441	36.3993	0.533894	36.4	1.35
NODE_102_length_22820_cov_4.048935	1	22820	241	13201	57.8484	0.931989	36.7	0.996
NODE_103_length_22548_cov_3.955764	1	22548	227	12678	56.2267	0.899947	37	1.34
NODE_122_length_18523_cov_15.849144	1	18523	334	13854	74.7935	1.52475	35.5	1.03
NODE_137_length_15986_cov_191.716590	1	15986	66629	15920	99.5871	372.024	37.4	4.74
NODE_142_length_15505_cov_266.883107	1	15505	57143	15505	100	321.961	36.4	7.22
NODE_286_length_7396_cov_5.191118	1	7396	225	6815	92.1444	2.69889	37.3	0.987
NODE_394_length_5277_cov_264.588280	1	5277	13110	5276	99.981	216.307	36.2	0.997
NODE_2_length_111600_cov_9.640486	1	111600	4980	94136	84.3513	3.98551	37.7	0.993
NODE_9_length_45523_cov_3.740213	1	45523	33271	45499	99.9473	64.9494	37.3	0.992
NODE_11_length_38676_cov_4.256959	1	38676	427	21208	54.835	0.967422	36.5	0.977
NODE_12_length_38621_cov_4.452264	1	38621	34	2832	7.3328	0.0799306	38.4	0.882
NODE_14_length_36134_cov_22.605782	1	36134	53354	36129	99.9862	127.765	36.1	1.02
NODE_16_length_32623_cov_3.888142	1	32623	13354	32536	99.7333	36.2844	37.2	0.99
NODE_23_length_22286_cov_4.358508	1	22286	1000	21466	96.3206	3.95051	36.8	0.986
NODE_25_length_20188_cov_3.698455	1	20188	351	14603	72.3351	1.5157	36.2	0.949
NODE_50_length_10983_cov_6.236914	1	10983	47771	10936	99.5721	379.136	36.3	1.04
NODE_97_length_5840_cov_82.570614	1	5840	434574	5840	100	6499.53	36.2	1.06
NODE_1_length_291783_cov_17.309309	1	291783	36833	291437	99.8814	11.3164	37.9	1.91
NODE_2_length_224719_cov_12.772874	1	224719	23213	223946	99.656	9.27146	38	1.14
NODE_5_length_146551_cov_138.816527	1	146551	280356	146550	99.9993	167.884	36.7	1.05
NODE_9_length_107083_cov_7.960225	1	107083	6421	95032	88.7461	5.35213	37.7	0.99
NODE_18_length_51491_cov_4.309861	1	51491	1905	47518	92.2841	3.26756	36.8	1.44
NODE_23_length_46505_cov_8.013886	1	46505	3567	45838	98.5657	6.6009	36	1.01
NODE_28_length_40659_cov_13.346394	1	40659	10799	40452	99.4909	23.2465	36.5	1.07
NODE_34_length_37084_cov_5.937697	1	37084	2832	36843	99.3501	6.67752	36.5	0.986
NODE_37_length_29802_cov_5.098867	1	29802	1235	28991	97.2787	3.65244	36.8	0.994
NODE_39_length_28630_cov_5.069326	1	28630	4681	28337	98.9766	14.028	36	1.04
NODE_42_length_27529_cov_6.863980	1	27529	3294	27527	99.9927	10.7372	38	40.7
NODE_44_length_27445_cov_5.378131	1	27445	1591	26568	96.8045	5.08774	36.7	0.994
NODE_46_length_25582_cov_5.547381	1	25582	1422	25023	97.8149	4.79435	35.9	0.987
NODE_48_length_24386_cov_133.440549	1	24386	100671	24317	99.7171	365.41	36.9	41.6
NODE_60_length_14961_cov_14.778747	1	14961	5753	14920	99.726	34.0689	37	17.4
NODE_63_length_14529_cov_5.416955	1	14529	2499	14364	98.8643	14.5385	35.3	3.29
NODE_85_length_9810_cov_429.929062	1	9810	28174	9809	99.9898	254.387	37	1.12
NODE_91_length_8647_cov_3.054702	1	8647	738	8563	99.0286	7.52238	36.6	41.5
NODE_122_length_6209_cov_70622.697433	1	6209	1258951	6209	100	17852.4	36.7	0.996
NODE_136_length_5744_cov_864.749341	1	5744	28377	5741	99.9478	427.702	36	1.25
NODE_147_length_5556_cov_89.738411	1	5556	16147	5554	99.964	251.116	36	1
NODE_1_length_224519_cov_7.116856	1	224519	23232	224000	99.7688	9.28831	38	0.991
NODE_2_length_167110_cov_64.689713	1	167110	89326	167085	99.985	47.4549	37.2	0.999
NODE_4_length_142877_cov_8.785747	1	142877	18384	142711	99.8838	11.5495	38	0.981
NODE_5_length_139191_cov_8.620788	1	139191	16859	139081	99.921	10.848	37.9	0.986
NODE_21_length_49714_cov_4.278741	1	49714	1863	47347	95.2388	3.29768	36.7	1.03
NODE_26_length_46532_cov_8.982421	1	46532	3469	46216	99.3209	6.52433	36.5	1.02
NODE_28_length_46427_cov_14.788256	1	46427	3729	46102	99.3	6.94385	36.1	1.02
NODE_29_length_46367_cov_11.001188	1	46367	3137	45461	98.046	5.87036	36	1.01
NODE_30_length_46266_cov_83.710480	1	46266	34140	46265	99.9978	65.7694	37.5	1.74
NODE_31_length_43850_cov_11.756000	1	43850	1837	41932	95.626	3.70627	36.9	1.02
NODE_32_length_43436_cov_7.077891	1	43436	4830	43358	99.8204	9.69254	36.4	1.56
NODE_35_length_40899_cov_23.333831	1	40899	9986	40874	99.9389	21.3885	36.5	1.13
NODE_38_length_39875_cov_5.639704	1	39875	2685	39217	98.3498	5.62907	34.9	1.27
NODE_46_length_36623_cov_13.706793	1	36623	2179	36021	98.3562	5.2256	36.6	0.99
NODE_49_length_32431_cov_3.692241	1	32431	913	29183	89.9849	2.50307	37	0.989
NODE_53_length_30710_cov_4.642636	1	30710	3590	30639	99.7688	10.4652	37.9	26.6
NODE_54_length_30192_cov_5.904702	1	30192	2014	29803	98.7116	5.69055	35.3	1.35
NODE_55_length_29701_cov_27.068205	1	29701	24161	29701	100	72.3554	37.3	40.9
NODE_56_length_28912_cov_8.397962	1	28912	3442	28902	99.9654	10.1488	35.5	13.3
NODE_58_length_27890_cov_4.360841	1	27890	674	23948	85.8659	2.10567	36.3	1.54
NODE_60_length_25063_cov_6.534149	1	25063	787	22484	89.7099	2.64701	35.3	0.989
NODE_87_length_14015_cov_251.795559	1	14015	38115	14003	99.9144	243.126	37.6	2.02
NODE_101_length_12031_cov_26.306363	1	12031	5620	12031	100	41.4467	37.1	16.6
NODE_153_length_7396_cov_5.593380	1	7396	265	7154	96.728	3.20727	37.4	1.2
NODE_173_length_6469_cov_774.838478	1	6469	29250	6469	100	400.85	37	0.995
NODE_218_length_5084_cov_12194.464307	1	5084	279354	5084	100	4832.53	36.7	0.998
NODE_4_length_149990_cov_22.694054	1	149990	7440	129706	86.4764	4.43093	37.7	4.78
NODE_11_length_90295_cov_118.359719	1	90295	122646	90271	99.9734	119.052	36.7	1.04
NODE_14_length_82304_cov_225.187151	1	82304	35119	82297	99.9915	36.5089	35.7	1.04
NODE_17_length_66579_cov_12.543699	1	66579	327	21701	32.5944	0.432103	37	0.979
NODE_28_length_50686_cov_13.389939	1	50686	3093	49572	97.8022	5.09865	35	1.01
NODE_33_length_48678_cov_22.032392	1	48678	1246	41509	85.2726	2.19795	35.7	0.984
NODE_34_length_48295_cov_29.851223	1	48295	3204	46674	96.6435	5.7278	36	1.25
NODE_39_length_46496_cov_26.700803	1	46496	3660	45887	98.6902	6.80555	36	1.07
NODE_40_length_46294_cov_8.238197	1	46294	7716	45998	99.3606	14.4258	36.1	17.6
NODE_44_length_45871_cov_5.078160	1	45871	993	36398	79.3486	1.86658	36	0.995
NODE_49_length_42667_cov_9.849948	1	42667	129362	42667	100	269.011	37.1	41.7
NODE_52_length_42307_cov_7.097250	1	42307	238	15664	37.0246	0.501146	37.1	0.992
NODE_54_length_41741_cov_10.161829	1	41741	425	23274	55.7581	0.899763	36.8	1.08
NODE_55_length_41584_cov_17.221676	1	41584	4832	41392	99.5383	10.2557	36.9	1.25
NODE_65_length_38961_cov_7.399476	1	38961	99	7492	19.2295	0.227561	37.3	2.66
NODE_66_length_38717_cov_7.546868	1	38717	724	27009	69.7601	1.54012	34.8	1.05
NODE_68_length_38440_cov_54.510460	1	38440	1611	35157	91.4594	3.55804	35.4	1.61
NODE_69_length_37272_cov_3.102802	1	37272	211	13407	35.9707	0.484305	35.5	13.3
NODE_76_length_34918_cov_18.678370	1	34918	1285	28767	82.3844	3.13463	35.4	5.51
NODE_77_length_34914_cov_4.634499	1	34914	211	13384	38.3342	0.516498	36	41.5
NODE_78_length_34810_cov_11.848741	1	34810	279	17649	50.7009	0.715111	37.9	7.95
NODE_82_length_32967_cov_14.811011	1	32967	959	28959	87.8424	2.42452	35.1	1.35
NODE_84_length_32573_cov_4.820715	1	32573	2114	31512	96.7427	5.52728	35.6	41.7
NODE_85_length_32529_cov_5.865646	1	32529	496	22840	70.2143	1.35774	37	3.29
NODE_86_length_32364_cov_4.582315	1	32364	1385	30451	94.0891	3.75788	36.7	14.1
NODE_87_length_32215_cov_15.592506	1	32215	2153	31138	96.6568	5.67279	35.3	1.95
NODE_88_length_32149_cov_48.332741	1	32149	719	26063	81.0694	1.94952	36.3	1.16
NODE_89_length_31829_cov_62.477403	1	31829	99257	31806	99.9277	264.396	35.3	22.5
NODE_90_length_31247_cov_3.493845	1	31247	308	17013	54.4468	0.874612	37	14.7
NODE_92_length_30284_cov_3.410831	1	30284	316	16734	55.2569	0.924548	37	15.7
NODE_94_length_29316_cov_3.978435	1	29316	524	22126	75.4741	1.58947	37.1	41.7
NODE_98_length_27642_cov_3.629318	1	27642	310	16349	59.1455	0.973265	36.3	1.53
NODE_99_length_27136_cov_4.809424	1	27136	585	22303	82.1897	1.87625	36.1	2.49
NODE_103_length_25437_cov_4.427586	1	25437	332	15606	61.3516	1.0973	35.4	1.1
NODE_110_length_22758_cov_8.333524	1	22758	59	4463	19.6107	0.230644	36.4	0.881
NODE_114_length_22362_cov_39.010266	1	22362	1358	21282	95.1704	5.323	36.4	1.04
NODE_119_length_21232_cov_24.778675	1	21232	192	10195	48.0171	0.793378	36.7	0.943
NODE_120_length_20547_cov_20.156207	1	20547	548	15488	75.3784	2.27347	35.4	41.9
NODE_181_length_12451_cov_62.323975	1	12451	34750	12443	99.9357	249.625	37.6	0.988
NODE_214_length_10360_cov_3.570597	1	10360	755	10271	99.1409	6.18098	35.4	41.3
NODE_278_length_7396_cov_6.279662	1	7396	267	7125	96.3359	3.20633	37.1	0.993
NODE_286_length_7275_cov_4.567867	1	7275	2	175	2.4055	0.024055	36	42
NODE_309_length_6605_cov_445.087328	1	6605	27915	6605	100	366.309	36.1	1.65
NODE_390_length_5581_cov_3.514839	1	5581	133	4748	85.0744	1.98298	34.8	1.14
NODE_21_length_46020_cov_7.992255	1	44173	0	0	0	0	0	0
DAS_Check_Bin_07_k119_159765:247-42184	1	41938	0	0	0	0	0	0
NODE_15_length_35381_cov_29.469003	1	35381	0	0	0	0	0	0
NODE_7_length_46020_cov_16.937757	1	46020	0	0	0	0	0	0
NODE_57_length_7439_cov_2.481446	1	7439	0	0	0	0	0	0
NODE_203_length_5535_cov_3.585219	1	5535	0	0	0	0	0	0
NODE_103_length_15861_cov_5.174997	1	15861	0	0	0	0	0	0
NODE_79_length_8516_cov_194.794823	1	8516	0	0	0	0	0	0
NODE_96_length_11662_cov_7.022019	1	11662	0	0	0	0	0	0
NODE_164_length_6286_cov_3.027283	1	6286	0	0	0	0	0	0
NODE_192_length_8422_cov_5.291144	1	8422	0	0	0	0	0	0
NODE_118_length_18955_cov_3.719365	1	18955	0	0	0	0	0	0
