#rname	startpos	endpos	numreads	covbases	coverage	meandepth	meanbaseq	meanmapq
DAS_Check_Bin_09_k119_41989:3-49450	1	45022	9146	44696	99.2759	17.6934	36.2	41.6
NODE_39_length_37768_cov_25.508657	1	35529	2	182	0.512258	0.00512258	38.2	1
NODE_21_length_46020_cov_7.992255	1	44173	3	268	0.606705	0.00606705	37.6	0
NODE_68_length_36781_cov_8.797283	1	22515	41	3200	14.2127	0.160737	37.1	0.951
NODE_18_length_65286_cov_9.613313	1	61998	1459	49446	79.7542	2.05682	36.4	0.998
DAS_Check_Bin_01_k119_45347:194-20015	1	19822	20	1502	7.57744	0.0905055	36.9	40
NODE_10_length_44613_cov_10.908120	1	44613	506	26370	59.1083	0.980499	36	0.99
NODE_13_length_36623_cov_12.491687	1	36623	630	26550	72.4954	1.51388	36.7	0.983
NODE_14_length_36060_cov_13.057825	1	36060	13957	35977	99.7698	33.4911	36.1	0.994
NODE_15_length_35381_cov_29.469003	1	35381	10	472	1.33405	0.0245047	36.6	21
NODE_16_length_35370_cov_4.255189	1	35370	641	27275	77.1134	1.60568	37	0.981
NODE_18_length_31157_cov_3.163269	1	31157	994	26128	83.8592	2.81853	36.9	0.98
NODE_22_length_23860_cov_5.129553	1	23860	414	17862	74.8617	1.5135	36.2	6.12
NODE_25_length_23308_cov_5.171419	1	23308	6	536	2.29964	0.023168	36.7	1
NODE_28_length_21720_cov_3.485299	1	21720	129	7554	34.779	0.491713	35.2	0.992
NODE_38_length_13971_cov_7.375898	1	13971	8691	13942	99.7924	55.2349	37.3	0.983
NODE_39_length_13673_cov_7.531429	1	13673	17475	13625	99.6489	114.129	37.5	1.17
NODE_86_length_6245_cov_8.653635	1	6245	118	4701	75.2762	1.64035	36.1	0.983
NODE_88_length_6209_cov_8.324829	1	6209	1508710	6209	100	21391.4	36.7	0.992
NODE_96_length_5842_cov_1098.051840	1	5842	53636	5830	99.7946	790.254	36	1.02
NODE_99_length_5721_cov_1061.804977	1	5721	67	3555	62.1395	0.956127	34.7	41.4
NODE_102_length_5581_cov_15638.208288	1	5581	167	5166	92.5641	2.53736	35.2	1.12
NODE_104_length_5514_cov_1878.878732	1	5514	23	1572	28.5092	0.333152	33.9	4.39
NODE_105_length_5492_cov_29.344308	1	5492	950	5029	91.5696	14.9776	36	2.47
NODE_109_length_5407_cov_11252.763079	1	5407	119543	5403	99.926	1937.53	36.5	0.998
NODE_120_length_5084_cov_34199.553390	1	5084	88299	5084	100	1526.98	36.7	0.996
NODE_2_length_172485_cov_32.775068	1	172485	48456	165784	96.115	25.021	37.5	0.986
NODE_6_length_61068_cov_9.739465	1	61068	2017	55970	91.6519	2.9305	36.9	1.02
NODE_7_length_58087_cov_6.947994	1	58087	194	14305	24.6269	0.297209	37	0.99
NODE_11_length_41469_cov_25.463877	1	41469	2324	39631	95.5678	4.93106	36.9	1.01
NODE_12_length_40031_cov_3.840454	1	40031	55	3935	9.82988	0.121706	36.4	35
NODE_17_length_37325_cov_319.259539	1	37325	49	4141	11.0944	0.116196	37.5	1
NODE_19_length_36060_cov_32.684877	1	36060	14195	35933	99.6478	34.1005	36.1	0.991
NODE_23_length_32292_cov_5.397959	1	32292	3629	31947	98.9316	9.74359	36.1	0.992
NODE_24_length_31545_cov_5.801683	1	31545	56	3490	11.0636	0.149849	35.1	5.32
NODE_28_length_27475_cov_4.040518	1	27475	47	3346	12.1783	0.147516	36.2	1.21
NODE_30_length_25734_cov_5.275400	1	25734	85	5734	22.2818	0.296262	37.1	1
NODE_31_length_25359_cov_5.009406	1	25359	118	8091	31.9058	0.415986	37.3	0.975
NODE_41_length_22305_cov_25.908899	1	22305	4579	22226	99.6458	17.6937	35.9	3.9
NODE_42_length_22193_cov_5.490695	1	22193	124	8193	36.917	0.478484	35.8	37.3
NODE_48_length_18890_cov_3.341333	1	18890	3	254	1.34463	0.0144521	37.5	0
NODE_52_length_17580_cov_3.189843	1	17580	78	5043	28.686	0.377361	35.4	1
NODE_214_length_6245_cov_8.318255	1	6245	131	4992	79.9359	1.84484	36.6	0.992
NODE_217_length_6209_cov_8.798343	1	6209	1471557	6209	100	20872	36.7	0.994
NODE_258_length_5581_cov_2813.330800	1	5581	155	5021	89.966	2.31822	35.1	1.35
NODE_262_length_5514_cov_38.326067	1	5514	12	921	16.7029	0.172107	34.5	0.917
NODE_268_length_5407_cov_226.692078	1	5407	136117	5407	100	2209.69	36.5	0.992
NODE_292_length_5084_cov_88208.156095	1	5084	95265	5067	99.6656	1647.79	36.7	0.994
NODE_7_length_46020_cov_16.937757	1	46020	3	235	0.510648	0.00510648	35.1	0.667
NODE_9_length_43915_cov_6.954241	1	43915	530	26066	59.3556	1.04652	36.2	0.991
NODE_10_length_38461_cov_14.877649	1	38461	15869	38456	99.987	36.3475	36.8	16.8
NODE_11_length_37351_cov_3.546841	1	37351	419	13868	37.1289	1.0008	37.8	21.7
NODE_12_length_36623_cov_10.841993	1	36623	713	29024	79.2507	1.70879	36.6	0.983
NODE_14_length_35381_cov_20.886033	1	35381	4	364	1.0288	0.010288	34.3	0.25
NODE_16_length_25443_cov_3.831850	1	25443	428	18846	74.0715	1.47997	36.9	0.995
NODE_25_length_21201_cov_4.167171	1	21201	330	15236	71.8645	1.35362	36.3	1
NODE_34_length_13780_cov_2.793515	1	13780	229	9804	71.1466	1.44775	36	0.978
NODE_39_length_12439_cov_7.203731	1	12439	7784	12434	99.9598	55.5257	37.3	1.31
NODE_72_length_6209_cov_12.989275	1	6209	1486471	6209	100	21076.6	36.7	0.993
NODE_76_length_5842_cov_1509.613790	1	5842	51753	5792	99.1441	762.318	36	0.993
NODE_87_length_5402_cov_34.239200	1	5402	820	4682	86.6716	13.1442	35.9	0.878
NODE_89_length_5277_cov_5.447721	1	5277	8159	5277	100	135.265	36.3	0.995
NODE_4_length_238892_cov_6.753413	1	238892	153	12077	5.05542	0.0566114	36.6	14.7
NODE_5_length_189738_cov_6.430987	1	189738	171	13075	6.89108	0.0788614	36.2	35
NODE_10_length_119230_cov_6.136941	1	119230	82	6538	5.48352	0.0609075	36.7	1.02
NODE_12_length_90299_cov_8.811644	1	90299	1727	65850	72.9244	1.70607	37.5	41.6
NODE_13_length_76125_cov_44.994597	1	76125	605	29953	39.3471	0.710319	37	0.987
NODE_18_length_62590_cov_137.633981	1	62590	5598	60468	96.6097	7.68073	35.8	38.1
NODE_20_length_55983_cov_7.738449	1	55983	680	29739	53.1215	1.05453	36.3	17.5
NODE_23_length_52152_cov_8.571204	1	52152	43	3243	6.21836	0.073305	37.7	26.7
NODE_24_length_47733_cov_200.310583	1	47733	11462	47599	99.7193	21.3245	37.2	1.31
NODE_27_length_46064_cov_34.699428	1	46064	2	144	0.312609	0.00312609	34.9	1
NODE_32_length_43849_cov_21.327442	1	43849	794	33361	76.0816	1.60072	36.9	1.02
NODE_34_length_42243_cov_6.125960	1	42243	133	9682	22.9198	0.277513	37	0.992
NODE_40_length_37489_cov_12.035128	1	37489	338	18809	50.1721	0.750834	35.1	0.988
NODE_41_length_37113_cov_5.778240	1	37113	4020	36926	99.4961	9.39894	36.1	0.989
NODE_44_length_36060_cov_186.741564	1	36060	14214	36021	99.8918	34.0703	36.1	0.991
NODE_57_length_28964_cov_3.647964	1	28964	297	16420	56.6911	0.885996	36.2	41.8
NODE_58_length_28915_cov_2.851594	1	28915	33	2788	9.64205	0.101677	36.9	1
NODE_61_length_27709_cov_4.008787	1	27709	280	14320	51.68	0.883323	36	1.03
NODE_63_length_26925_cov_11.515333	1	26925	113	7788	28.9248	0.361188	35.5	1.07
NODE_64_length_26668_cov_4.755420	1	26668	1244	21723	81.4572	3.97225	35.5	1.09
NODE_66_length_25532_cov_5.218589	1	25532	1603	24475	95.8601	5.55636	36.9	1.1
NODE_69_length_23559_cov_18.031867	1	23559	144	8958	38.0237	0.529055	36.2	14
NODE_71_length_22160_cov_3.786655	1	22160	7449	22090	99.6841	29.6702	36.9	1.08
NODE_86_length_17581_cov_4.636540	1	17581	649	9956	56.6293	3.29771	37.2	6.7
NODE_94_length_15427_cov_6.269321	1	15427	629	13872	89.9203	3.41816	34.9	41.9
NODE_95_length_15356_cov_3.584733	1	15356	362	11273	73.411	1.99219	35.3	4.45
NODE_113_length_12763_cov_3.351196	1	12763	7	587	4.59923	0.0459923	36.2	21.7
NODE_165_length_6963_cov_2699.768674	1	6963	4083	6947	99.7702	51.9563	37.1	1.11
NODE_180_length_6209_cov_8.318817	1	6209	1481810	6209	100	21014.7	36.7	0.994
NODE_194_length_5842_cov_59.714187	1	5842	98402	5840	99.9658	1464.03	36.2	1.45
NODE_205_length_5514_cov_740.579227	1	5514	9	543	9.84766	0.14835	35.5	4.89
NODE_209_length_5407_cov_424.684417	1	5407	144718	5407	100	2347.46	36.5	0.996
NODE_212_length_5277_cov_13.385101	1	5277	8157	5276	99.981	135.042	36.2	0.997
NODE_213_length_5084_cov_56753.835156	1	5084	92991	5084	100	1607.06	36.7	0.994
NODE_3_length_160031_cov_246.186322	1	160031	41438	154337	96.4419	23.0679	37.5	1.01
NODE_4_length_135187_cov_5.588891	1	135187	38	3041	2.24948	0.024566	36.2	0.974
NODE_11_length_82624_cov_5.458404	1	82624	21	1691	2.04662	0.0221848	37.3	0.952
NODE_20_length_47234_cov_31.155747	1	47234	8921	46230	97.8744	16.3806	36.2	1.96
NODE_22_length_45867_cov_5.463743	1	45867	617	30293	66.0453	1.16794	36.1	0.982
NODE_24_length_43860_cov_6.177765	1	43860	12	993	2.26402	0.0244642	36	42
NODE_25_length_43849_cov_10.709458	1	43849	768	33536	76.4806	1.54973	36.8	0.988
NODE_27_length_42291_cov_8.031513	1	42291	140	10797	25.5303	0.294909	36.7	1
NODE_30_length_41337_cov_7.787607	1	41337	4345	40738	98.5509	9.11735	36.1	0.99
NODE_33_length_39957_cov_24.373239	1	39957	16815	39503	98.8638	36.7837	36.3	1.13
NODE_34_length_38904_cov_21.835774	1	38904	40	3191	8.20224	0.0919957	36.9	0.975
NODE_37_length_37729_cov_6.620083	1	37729	4	352	0.932969	0.00932969	34.9	1
NODE_38_length_37629_cov_17.014451	1	37629	314	17984	47.7929	0.707486	35.4	0.994
NODE_42_length_35867_cov_6.690467	1	35867	221	11410	31.812	0.522402	35.6	41.8
NODE_43_length_35817_cov_5.543007	1	35817	1520	34310	95.7925	3.73055	36.8	7.84
NODE_46_length_35128_cov_9.695264	1	35128	16	1060	3.01754	0.0398258	35.8	33.8
NODE_47_length_34443_cov_6.100820	1	34443	57	4551	13.2131	0.148855	38	42
NODE_49_length_32550_cov_5.505924	1	32550	185	10530	32.3502	0.480307	35.4	19
NODE_72_length_21497_cov_3.547617	1	21497	278	12725	59.1943	1.12104	36.4	41.4
NODE_77_length_19576_cov_17.607807	1	19576	124	7857	40.1359	0.546996	36.2	9.38
NODE_103_length_15861_cov_5.174997	1	15861	2	181	1.14116	0.0114116	37.7	42
NODE_210_length_6209_cov_9.798343	1	6209	1495556	6209	100	21216.4	36.7	0.992
NODE_235_length_5514_cov_1351.351346	1	5514	11	895	16.2314	0.175734	34.7	1
NODE_243_length_5277_cov_12.775565	1	5277	8281	5277	100	136.849	36.2	0.995
NODE_249_length_5084_cov_78920.386956	1	5084	92403	5084	100	1598.43	36.7	0.995
NODE_1_length_164730_cov_5.305092	1	164730	165	12916	7.84071	0.088126	36.4	14.2
NODE_2_length_124404_cov_11.033221	1	124404	4444	108715	87.3887	3.19854	37.7	1
NODE_4_length_117427_cov_5.768318	1	117427	24	2019	1.71937	0.0178324	36.5	0.917
NODE_8_length_96678_cov_134.288192	1	96678	19468	94155	97.3903	17.9264	37.5	0.985
NODE_28_length_43893_cov_22.428281	1	43893	750	33052	75.3013	1.50609	36.9	0.972
NODE_29_length_42291_cov_14.926058	1	42291	117	9021	21.3308	0.246932	36.7	1
NODE_33_length_37337_cov_16.555415	1	37337	8211	37224	99.6974	19.0466	36.1	2.24
NODE_34_length_37325_cov_110.555514	1	37325	43	3040	8.14468	0.10071	37.1	0.953
NODE_36_length_36495_cov_5.297722	1	36495	2	182	0.498698	0.00498698	37.9	1
NODE_38_length_36114_cov_4.509720	1	36114	452	22572	62.5021	1.1104	37.1	0.982
NODE_39_length_36060_cov_13.462408	1	36060	13809	35941	99.67	33.1216	36.1	0.992
NODE_48_length_30963_cov_4.644332	1	30963	3650	14196	45.8483	10.5495	38	1.15
NODE_54_length_29179_cov_6.736266	1	29179	591	22990	78.7895	1.77676	36.6	0.983
NODE_66_length_21974_cov_4.464985	1	21974	187	11231	51.1104	0.720897	35.3	1
NODE_181_length_6454_cov_8661.914049	1	6454	3747	6437	99.7366	50.7561	36.5	4.36
NODE_228_length_5277_cov_15.499043	1	5277	8274	5277	100	136.694	36.2	0.996
NODE_232_length_5084_cov_53965.325313	1	5084	91105	5084	100	1573.28	36.7	0.994
NODE_2_length_164227_cov_5.664328	1	164227	66	5353	3.25951	0.0353596	36.3	0.955
NODE_17_length_61395_cov_5.757956	1	61395	17	1461	2.37967	0.0246437	36.2	1
NODE_26_length_47746_cov_5.112222	1	47746	3813	29080	60.9056	7.15679	38	6.48
NODE_31_length_42291_cov_15.102069	1	42291	136	10455	24.7216	0.282708	36.8	1
NODE_44_length_30436_cov_7.486422	1	30436	9	679	2.23091	0.0265475	37.3	4.33
NODE_48_length_29632_cov_4.402171	1	29632	234	14032	47.3542	0.656992	35.2	0.987
NODE_51_length_27921_cov_3.034092	1	27921	320	16467	58.9771	0.987715	36	0.988
NODE_55_length_25017_cov_5.657880	1	25017	260	13752	54.9706	0.902306	36.2	1.07
NODE_56_length_24833_cov_5.809872	1	24833	585	20298	81.738	2.06677	36.9	0.981
NODE_97_length_12527_cov_5.050513	1	12527	10039	12471	99.553	71.7052	37.7	1.22
NODE_176_length_5514_cov_454.349698	1	5514	6	497	9.01342	0.0901342	34.6	1
NODE_184_length_5277_cov_11.715818	1	5277	7970	5273	99.9242	131.47	36.2	0.994
NODE_193_length_5034_cov_15.769632	1	5034	13797	5030	99.9205	238.463	36.2	6.81
NODE_1_length_114607_cov_10.147007	1	114607	39072	110806	96.6834	30.3305	37.4	0.987
NODE_4_length_36816_cov_7.960991	1	36816	4045	36599	99.4106	9.49826	36	0.992
NODE_5_length_36230_cov_4.885114	1	36230	56	4495	12.4068	0.13729	37	42
NODE_10_length_27385_cov_7.189535	1	27385	36	2962	10.8161	0.116341	37.1	1
NODE_11_length_26673_cov_11.045683	1	26673	2602	26434	99.104	8.39118	35.9	0.977
NODE_20_length_17239_cov_6.178596	1	17239	2440	17040	98.8456	12.1884	35.8	0.991
NODE_86_length_6209_cov_9.690445	1	6209	1492368	6209	100	21170	36.7	0.993
NODE_113_length_5514_cov_54.894486	1	5514	16	1251	22.6877	0.250272	35.3	1
NODE_124_length_5277_cov_25.805247	1	5277	8384	5276	99.981	138.608	36.3	0.995
NODE_1_length_167064_cov_31.023334	1	167064	117641	167062	99.9988	62.5493	37.2	0.986
NODE_7_length_61042_cov_7.357896	1	61042	1857	54361	89.0551	2.69924	37	1.1
NODE_11_length_50106_cov_8.639548	1	50106	5191	49651	99.0919	8.97427	36	1.47
NODE_13_length_47685_cov_12.449024	1	47685	12582	47638	99.9014	23.4233	37.2	0.997
NODE_14_length_46328_cov_8.666393	1	46328	1902	43413	93.7079	3.54829	36	1.1
NODE_26_length_33164_cov_59.471171	1	33164	17187	33083	99.7558	46.4853	38	0.983
NODE_27_length_32852_cov_6.310150	1	32852	361	18704	56.9341	0.955589	36.3	0.994
NODE_29_length_31681_cov_4.792196	1	31681	502	22667	71.5476	1.35564	35.7	1.01
NODE_32_length_29822_cov_3.040481	1	29822	1471	28342	95.0372	4.15378	35.4	12.1
NODE_37_length_23975_cov_6.355811	1	23975	569	19757	82.4067	2.07174	36.3	0.995
NODE_79_length_8516_cov_194.794823	1	8516	2	182	2.13715	0.0213715	39.2	1
NODE_109_length_6469_cov_258.754599	1	6469	24294	6469	100	333.187	37	0.992
NODE_117_length_6209_cov_39356.593760	1	6209	1473840	6209	100	20890	36.7	0.994
NODE_131_length_5556_cov_340.263043	1	5556	3161	5556	100	49.1555	36	0.994
NODE_139_length_5354_cov_334.782412	1	5354	23752	5354	100	384.292	36.1	0.994
NODE_147_length_5084_cov_13961.725393	1	5084	130882	5084	100	2266.35	36.7	0.997
NODE_3_length_123329_cov_12.346099	1	123329	4474	106717	86.5303	3.24689	37.7	0.989
NODE_6_length_84822_cov_16.799037	1	84822	82261	84814	99.9906	86.3309	37.4	1.81
NODE_7_length_82293_cov_17.234271	1	82293	106091	82286	99.9915	110.486	35.7	0.993
NODE_13_length_50138_cov_17.827646	1	50138	5056	49855	99.4356	8.71652	36	1.24
NODE_17_length_47511_cov_6.251033	1	47511	853	32890	69.2261	1.55343	35.8	0.996
NODE_22_length_41227_cov_3.669387	1	41227	145	10604	25.721	0.310743	36.6	0.986
NODE_24_length_39433_cov_10.753847	1	39433	1307	35488	89.9957	2.90564	36.5	23.3
NODE_34_length_29970_cov_6.653919	1	29970	1608	29026	96.8502	4.66653	36.1	0.989
NODE_35_length_29279_cov_5.928107	1	29279	160	10884	37.1734	0.492127	38.2	0.994
NODE_36_length_28663_cov_6.412088	1	28663	4959	28612	99.8221	15.1437	36.4	0.988
NODE_39_length_25023_cov_3.154598	1	25023	295	15712	62.7902	1.04	36.5	0.993
NODE_41_length_24643_cov_3.795713	1	24643	2129	24546	99.6064	7.3459	35.3	0.994
NODE_42_length_24457_cov_5.553315	1	24457	2965	24058	98.3686	10.585	36.4	0.983
NODE_46_length_21332_cov_3.397377	1	21332	2628	21206	99.4093	10.6204	35.7	0.99
NODE_52_length_17163_cov_9.937398	1	17163	300	13038	75.9657	1.49624	36	0.98
NODE_119_length_6469_cov_423.735111	1	6469	24415	6469	100	334.538	37	0.994
NODE_133_length_5840_cov_3038.520311	1	5840	411979	5840	100	6193.14	36.4	3.68
NODE_140_length_5469_cov_7.356114	1	5469	14694	5469	100	223.655	34.8	41.9
NODE_1_length_157272_cov_245.867635	1	157272	52754	157038	99.8512	29.8913	37.5	1.31
NODE_3_length_116508_cov_7.831949	1	116508	77289	116500	99.9931	58.9653	37.2	1.02
NODE_5_length_78818_cov_6.835964	1	78818	1655	51441	65.2655	1.84709	36.5	27.7
NODE_8_length_61519_cov_6.420002	1	61519	1595	49456	80.3914	2.25958	36.4	0.994
NODE_11_length_55539_cov_10.359851	1	55539	604	32462	58.449	0.949675	36.4	4.76
NODE_12_length_54742_cov_5.935359	1	54742	2859	52615	96.1145	4.58259	36.6	13.2
NODE_15_length_49707_cov_409.118646	1	49707	48478	49660	99.9054	85.0575	36.3	4.15
NODE_19_length_46049_cov_20.145976	1	46049	105	7802	16.9428	0.201242	36.7	0.981
NODE_31_length_37539_cov_17.903879	1	37539	395	20930	55.7553	0.915208	36.3	1.29
NODE_32_length_37308_cov_5.588865	1	37308	241	16432	44.0442	0.568162	36.9	2.6
NODE_38_length_34710_cov_5.008022	1	34710	360	19186	55.2751	0.893143	35.8	0.992
NODE_39_length_34383_cov_15.503059	1	34383	21	1680	4.88614	0.0509263	34.9	4.86
NODE_40_length_33198_cov_25.854600	1	33198	75	5620	16.9287	0.196096	36.4	2.01
NODE_41_length_33019_cov_71.818742	1	33019	1052	28170	85.3145	2.78979	36.3	1.18
NODE_42_length_30783_cov_6.353228	1	30783	9343	30748	99.8863	26.7816	36.8	0.988
NODE_43_length_30206_cov_3.324367	1	30206	164	11130	36.847	0.472588	36.2	41.7
NODE_51_length_25704_cov_4.962455	1	25704	1166	24370	94.8101	3.92791	36.1	0.985
NODE_60_length_19783_cov_3.659621	1	19783	92	6331	32.0022	0.416317	37.4	0.989
NODE_68_length_16862_cov_6.336764	1	16862	793	15969	94.7041	4.00445	35.4	3.53
NODE_137_length_7399_cov_2.692266	1	7399	97	4915	66.4279	1.16448	37.2	1
NODE_157_length_6469_cov_65.568288	1	6469	24489	6468	99.9845	335.143	37	0.992
NODE_186_length_5556_cov_469.135975	1	5556	3196	5556	100	49.7127	36	0.992
NODE_193_length_5407_cov_407.749626	1	5407	248480	5407	100	4041.31	36.5	1.54
NODE_194_length_5354_cov_104.200415	1	5354	24062	5354	100	389.682	36.1	0.99
NODE_196_length_5277_cov_172.009958	1	5277	8232	5276	99.981	136.266	36.3	0.993
NODE_4_length_95966_cov_30.590652	1	95966	210930	95966	100	193.336	36.8	3.4
NODE_6_length_82210_cov_5.532554	1	82210	102279	82201	99.9891	106.649	35.7	1.02
NODE_11_length_50594_cov_377.385821	1	50594	259110	50594	100	450.114	36.6	1.17
NODE_15_length_36350_cov_5.563659	1	36350	9254	36271	99.7827	22.603	37.1	1
NODE_16_length_36268_cov_5.202911	1	36268	701	27962	77.0983	1.68041	36.7	0.983
NODE_17_length_36060_cov_30.766366	1	36060	15450	36040	99.9445	37.1643	36.1	0.991
NODE_22_length_25354_cov_3.861378	1	25354	373	17832	70.3321	1.29735	36.7	0.984
NODE_25_length_22867_cov_5.385543	1	22867	13	1013	4.42996	0.049941	36.5	1
NODE_4_length_50595_cov_67.659972	1	50595	255335	50595	100	443.65	36.6	0.989
NODE_9_length_29359_cov_4.137114	1	29359	22174	29357	99.9932	65.9534	36.4	1.39
NODE_22_length_12612_cov_2.735526	1	12612	429	11566	91.7063	2.85736	35.3	1.32
NODE_3_length_50595_cov_82.409794	1	50595	256288	50595	100	445.392	36.6	0.988
NODE_5_length_44363_cov_4.177530	1	44363	44696	44349	99.9684	87.8852	36.3	1.26
NODE_7_length_36147_cov_14.136346	1	36147	16221	36131	99.9557	38.893	36.1	1.22
NODE_18_length_15213_cov_9.438580	1	15213	39141	15213	100	228.097	37.1	41.6
NODE_47_length_5840_cov_40.463440	1	5840	302074	5840	100	4518.52	36.3	1.35
NODE_51_length_5556_cov_13.876568	1	5556	3050	5553	99.946	47.4365	36	0.995
NODE_57_length_5407_cov_151.267377	1	5407	233192	5407	100	3793.12	36.5	1.06
NODE_62_length_5084_cov_1208.538278	1	5084	135024	5084	100	2337.98	36.7	0.994
NODE_2_length_148288_cov_23.186888	1	148288	507	34897	23.5333	0.305709	37.7	9.54
NODE_6_length_84805_cov_14.802077	1	84805	78603	84803	99.9976	82.5625	37.4	1.02
NODE_23_length_41397_cov_28.250593	1	41397	24	1972	4.76363	0.0513322	38.4	0.917
NODE_24_length_41128_cov_5.105933	1	41128	2086	39538	96.134	4.4043	36.1	1.03
NODE_25_length_41104_cov_10.069039	1	41104	89	6575	15.996	0.186527	36.6	0.944
NODE_35_length_36642_cov_6.903080	1	36642	727	28495	77.766	1.73735	36.7	0.996
NODE_42_length_32103_cov_4.370444	1	32103	114	8530	26.5707	0.311435	36.7	38
NODE_45_length_29051_cov_4.288419	1	29051	103	7887	27.1488	0.319404	37.2	0.981
NODE_47_length_27680_cov_4.110081	1	27680	322	16033	57.9227	1.01416	35.9	1
NODE_51_length_25928_cov_4.825185	1	25928	114	8000	30.8547	0.395017	37.9	1
NODE_54_length_22851_cov_9.800140	1	22851	103	7168	31.3684	0.391274	36.3	1.08
NODE_102_length_12697_cov_5.155751	1	12697	10004	12643	99.5747	69.8521	37.2	4.8
NODE_209_length_6209_cov_65496.679721	1	6209	1472906	6209	100	20885.9	36.7	0.995
NODE_235_length_5556_cov_134.878749	1	5556	3105	5555	99.982	48.2837	36	0.991
NODE_249_length_5277_cov_379.647453	1	5277	7930	5275	99.9621	131.121	36.2	1
NODE_4_length_133646_cov_16.294571	1	133646	514	35203	26.3405	0.338656	36.5	16.4
NODE_7_length_115553_cov_35.746429	1	115553	399	26954	23.3261	0.308612	37.6	0.962
NODE_18_length_57319_cov_76.520624	1	57319	567	29105	50.7772	0.861861	36.3	0.928
NODE_24_length_50596_cov_1234.024079	1	50596	257793	50596	100	447.956	36.6	0.988
NODE_35_length_43849_cov_26.763073	1	43849	844	34138	77.8535	1.69792	36.8	0.995
NODE_38_length_43069_cov_9.555959	1	43069	298	18511	42.9799	0.605261	36.6	1.06
NODE_42_length_41397_cov_33.888709	1	41397	13	1009	2.43737	0.0278281	38.2	0.846
NODE_49_length_38057_cov_4.796748	1	38057	51	3888	10.2163	0.116352	36.7	8.96
NODE_51_length_37849_cov_4.749140	1	37849	146	10409	27.5014	0.336574	36.8	1
NODE_61_length_31489_cov_8.070020	1	31489	157	10772	34.2088	0.433961	37.1	0.987
NODE_63_length_27891_cov_6.995761	1	27891	27	2299	8.2428	0.0838622	36.5	4
NODE_64_length_27677_cov_8.435522	1	27677	892	24607	88.9078	2.74343	35.5	1.01
NODE_69_length_26777_cov_5.823441	1	26777	272	14958	55.8614	0.841132	35.3	2.31
NODE_76_length_25339_cov_4.381387	1	25339	7898	25315	99.9053	27.5379	36.8	0.991
NODE_77_length_25099_cov_4.340960	1	25099	63	4495	17.9091	0.206662	35.4	4.87
NODE_78_length_24488_cov_6.858102	1	24488	22	1854	7.57106	0.0782016	36.5	40.1
NODE_80_length_24274_cov_3.099385	1	24274	193	6946	28.615	0.683118	35.8	27.8
NODE_86_length_22502_cov_3.552991	1	22502	84	6070	26.9754	0.333615	37.1	10.7
NODE_101_length_17827_cov_4.586484	1	17827	19311	17810	99.9046	91.7228	35.2	1.04
NODE_110_length_17112_cov_3.368119	1	17112	288	12968	75.7831	1.46429	35.9	0.997
NODE_229_length_6678_cov_5.842066	1	6678	4041	6678	100	53.6653	37.2	1.2
NODE_261_length_5874_cov_27.383915	1	5874	23547	5868	99.8979	347.441	36.1	0.993
NODE_4_length_127150_cov_117.090247	1	127150	4468	109787	86.3445	3.13977	37.7	0.99
NODE_7_length_88941_cov_46.993812	1	88941	615	18593	20.9049	0.612181	37.3	16.9
NODE_11_length_72839_cov_23.773563	1	72839	18147	72447	99.4618	21.5215	35.9	41.7
NODE_21_length_59130_cov_12.292323	1	59130	192	14321	24.2195	0.286657	37.1	0.99
NODE_23_length_57177_cov_114.389377	1	57177	619	31440	54.9871	0.942075	36.4	0.939
NODE_28_length_50596_cov_1491.292179	1	50596	257352	50596	100	446.904	36.6	0.987
NODE_30_length_49587_cov_4.531979	1	49587	530	28578	57.632	0.925424	36.3	1.03
NODE_35_length_46803_cov_6.051467	1	46803	112	8546	18.2595	0.211461	36.4	18.2
NODE_36_length_46752_cov_29.126753	1	46752	2140	44757	95.7328	3.95927	36	1.02
NODE_39_length_43620_cov_4.962217	1	43620	280	18176	41.669	0.561256	36.6	0.986
NODE_40_length_43084_cov_6.633898	1	43084	48626	43070	99.9675	96.8625	35.7	1.1
NODE_45_length_40665_cov_4.748239	1	40665	1684	38969	95.8293	3.63908	36.9	1.16
NODE_50_length_39226_cov_10.101606	1	39226	107	8280	21.1084	0.241422	36.7	41.3
NODE_56_length_37457_cov_9.262072	1	37457	427	21794	58.1841	0.996156	36.5	2.61
NODE_58_length_37241_cov_46.337493	1	37241	124	8037	21.5811	0.28858	36.8	4.99
NODE_59_length_37102_cov_7.659028	1	37102	417	21355	57.5575	0.96232	35.9	0.99
NODE_60_length_36992_cov_10.212497	1	36992	205	13137	35.5131	0.487619	36.9	20
NODE_64_length_33972_cov_8.070260	1	33972	482	22377	65.869	1.24838	36.9	41
NODE_68_length_32950_cov_15.789907	1	32950	1443	30756	93.3414	3.77933	36	1.15
NODE_75_length_29643_cov_5.344836	1	29643	146	9763	32.9353	0.435752	37.9	40.4
NODE_76_length_29309_cov_5.208553	1	29309	71	5116	17.4554	0.214746	36.6	6.85
NODE_77_length_28348_cov_7.729650	1	28348	46	3450	12.1702	0.142162	37.1	1
NODE_80_length_27821_cov_14.253908	1	27821	149	9208	33.0973	0.462888	36.5	3.44
NODE_90_length_25254_cov_6.697329	1	25254	5	440	1.7423	0.017423	36.1	1
NODE_92_length_24473_cov_5.235728	1	24473	7516	24461	99.951	27.1523	36.8	0.993
NODE_98_length_23476_cov_4.904359	1	23476	95	6324	26.9381	0.359005	37.2	13.7
NODE_107_length_20703_cov_32.120399	1	20703	1643	20531	99.1692	6.82186	35.9	0.963
NODE_119_length_18951_cov_5.567686	1	18951	59	4099	21.6295	0.265896	35.9	1
NODE_127_length_17877_cov_5.437717	1	17877	843	17532	98.0701	4.12508	36.5	41.4
NODE_337_length_5407_cov_169.755419	1	5407	224816	5407	100	3661.37	36.6	0.994
NODE_345_length_5277_cov_154.251628	1	5277	8114	5276	99.981	134.171	36.3	0.995
NODE_17_length_37229_cov_5.527304	1	37229	2294	36357	97.6577	5.45008	36.9	1.08
NODE_35_length_16708_cov_7.810064	1	16708	666	15906	95.1999	3.36581	35.4	1.71
NODE_79_length_6268_cov_7.561404	1	6268	150	5086	81.1423	2.07913	36.1	0.987
NODE_1_length_167064_cov_29.887916	1	167064	116386	167032	99.9808	61.8656	37.2	0.991
NODE_2_length_128004_cov_9.723710	1	128004	46503	127978	99.9797	32.3505	37.5	0.997
NODE_9_length_50597_cov_221.425567	1	50597	258808	50597	100	449.511	36.6	0.995
NODE_15_length_44579_cov_4.400862	1	44579	40719	44553	99.9417	79.2308	36.1	1.12
NODE_25_length_26906_cov_5.574876	1	26906	1148	25368	94.2838	3.68769	36	1.47
NODE_66_length_7415_cov_2.395924	1	7415	125	5682	76.6285	1.4971	37.2	1.45
NODE_81_length_6245_cov_24.756704	1	6245	133	5317	85.1401	1.84291	36.1	0.985
NODE_98_length_5354_cov_128.256463	1	5354	23507	5354	100	380.182	36	0.99
NODE_14_length_82374_cov_240.205894	1	82374	106236	82373	99.9988	110.402	35.7	0.993
NODE_21_length_64073_cov_37.552313	1	64073	55482	64058	99.9766	75.1626	36.2	11.6
NODE_22_length_61496_cov_10.163685	1	61496	1559	51504	83.7518	2.20104	36.4	0.99
NODE_27_length_56163_cov_10.570810	1	56163	558	27654	49.2388	0.869825	36.4	1.12
NODE_29_length_50686_cov_11.681381	1	50686	981	37059	73.1149	1.61498	34.9	0.983
NODE_34_length_49123_cov_12.946462	1	49123	630	29802	60.6681	1.10156	35.9	14.8
NODE_35_length_48678_cov_17.660634	1	48678	735	33909	69.6598	1.31063	35.9	0.985
NODE_36_length_48286_cov_161.551720	1	48286	28618	48078	99.5692	53.1317	37.9	10.3
NODE_41_length_46049_cov_22.527873	1	46049	106	8366	18.1676	0.203761	37.1	1
NODE_42_length_46014_cov_7.064688	1	46014	1904	43094	93.6541	3.63013	36.5	1.47
NODE_44_length_45313_cov_24.797539	1	45313	1634	41738	92.1104	3.16132	36.4	1.86
NODE_45_length_44530_cov_6.085261	1	44530	453	22236	49.9349	0.840534	34.8	8.25
NODE_50_length_42455_cov_9.957995	1	42455	451	24389	57.4467	0.918879	35.8	5.81
NODE_54_length_41545_cov_23.951314	1	41545	536	26852	64.6335	1.14339	37.1	1.64
NODE_56_length_41017_cov_5.694693	1	41017	137	9412	22.9466	0.281908	35.1	42
NODE_58_length_39387_cov_195.566714	1	39387	18580	39085	99.2332	41.243	36.3	2.44
NODE_66_length_37340_cov_6.786992	1	37340	71	5724	15.3294	0.169443	37.8	1.86
NODE_74_length_32607_cov_43.428176	1	32607	1252	28330	86.8832	3.34802	36.3	1.04
NODE_76_length_32402_cov_4.278047	1	32402	294	16471	50.8333	0.808129	37	1.26
NODE_85_length_29888_cov_3.843428	1	29888	208	13628	45.5969	0.619078	36.9	0.962
NODE_86_length_29401_cov_5.339501	1	29401	80	5512	18.7477	0.228258	35.7	9.95
NODE_90_length_26510_cov_4.099074	1	26510	194	11887	44.8397	0.63146	36.5	0.99
NODE_91_length_25386_cov_3.813628	1	25386	44	3343	13.1687	0.146498	36	1
NODE_98_length_23399_cov_4.973441	1	23399	303	14998	64.0968	1.14813	36.8	0.983
NODE_99_length_23338_cov_3.337113	1	23338	102	7113	30.4782	0.392536	37.2	0.99
NODE_100_length_23190_cov_23.457402	1	23190	34	2493	10.7503	0.129237	36.9	0.941
NODE_102_length_22820_cov_4.048935	1	22820	50	3698	16.2051	0.192594	37	1
NODE_103_length_22548_cov_3.955764	1	22548	31	2643	11.7217	0.123115	37	1
NODE_122_length_18523_cov_15.849144	1	18523	253	11117	60.0173	1.15316	35.3	0.992
NODE_137_length_15986_cov_191.716590	1	15986	22756	15878	99.3244	126.94	37.4	4.65
NODE_142_length_15505_cov_266.883107	1	15505	18641	15451	99.6517	105.104	36.3	7.28
NODE_286_length_7396_cov_5.191118	1	7396	77	4551	61.5333	0.932666	37.1	0.987
NODE_394_length_5277_cov_264.588280	1	5277	8110	5277	100	133.952	36.2	0.994
NODE_2_length_111600_cov_9.640486	1	111600	3776	96422	86.3996	3.03088	37.7	0.989
NODE_9_length_45523_cov_3.740213	1	45523	48913	45507	99.9649	95.463	37.3	0.991
NODE_11_length_38676_cov_4.256959	1	38676	178	12212	31.5751	0.403661	36.4	0.983
NODE_12_length_38621_cov_4.452264	1	38621	21	1799	4.65809	0.0491184	38.2	0.952
NODE_14_length_36134_cov_22.605782	1	36134	15499	36107	99.9253	37.1013	36.2	1.02
NODE_16_length_32623_cov_3.888142	1	32623	8234	32528	99.7088	22.4045	37.2	0.987
NODE_23_length_22286_cov_4.358508	1	22286	432	18020	80.8579	1.7052	36.8	0.986
NODE_25_length_20188_cov_3.698455	1	20188	96	6747	33.4208	0.414355	36.3	0.979
NODE_50_length_10983_cov_6.236914	1	10983	15615	10939	99.5994	124.232	36.3	1.02
NODE_97_length_5840_cov_82.570614	1	5840	290670	5840	100	4347.22	36.2	1.07
NODE_1_length_291783_cov_17.309309	1	291783	73134	291782	99.9997	22.4719	38	1.83
NODE_2_length_224719_cov_12.772874	1	224719	41973	224574	99.9355	16.7557	38	1.13
NODE_5_length_146551_cov_138.816527	1	146551	287731	146540	99.9925	172.466	36.7	1.03
NODE_9_length_107083_cov_7.960225	1	107083	4280	95993	89.6435	3.5782	37.8	1.01
NODE_18_length_51491_cov_4.309861	1	51491	1872	48059	93.3348	3.21555	36.9	1.76
NODE_23_length_46505_cov_8.013886	1	46505	2005	44459	95.6005	3.74708	36.1	1.06
NODE_28_length_40659_cov_13.346394	1	40659	6043	40484	99.5696	12.9997	36.5	1.05
NODE_34_length_37084_cov_5.937697	1	37084	1835	35330	95.2702	4.32432	36.4	0.987
NODE_37_length_29802_cov_5.098867	1	29802	483	22399	75.1594	1.43497	36.7	0.992
NODE_39_length_28630_cov_5.069326	1	28630	2295	28412	99.2386	6.92211	36.1	1.09
NODE_42_length_27529_cov_6.863980	1	27529	5526	27524	99.9818	18.0167	38.1	40.5
NODE_44_length_27445_cov_5.378131	1	27445	583	22078	80.4445	1.87929	36.8	1.05
NODE_46_length_25582_cov_5.547381	1	25582	910	23798	93.0263	3.08913	35.9	0.987
NODE_48_length_24386_cov_133.440549	1	24386	96913	24385	99.9959	352.105	36.9	41.6
NODE_60_length_14961_cov_14.778747	1	14961	3910	14948	99.9131	23.1763	37	17.8
NODE_63_length_14529_cov_5.416955	1	14529	753	13980	96.2214	4.38186	35.2	3.15
NODE_85_length_9810_cov_429.929062	1	9810	23841	9804	99.9388	215.447	37	1.07
NODE_91_length_8647_cov_3.054702	1	8647	815	8647	100	8.23442	36.5	41.4
NODE_122_length_6209_cov_70622.697433	1	6209	1487548	6209	100	21100.6	36.7	0.994
NODE_136_length_5744_cov_864.749341	1	5744	23915	5730	99.7563	360.745	36	1.18
NODE_147_length_5556_cov_89.738411	1	5556	3202	5550	99.892	49.8096	35.9	0.999
NODE_1_length_224519_cov_7.116856	1	224519	41333	224406	99.9497	16.5254	38	0.992
NODE_2_length_167110_cov_64.689713	1	167110	117201	167060	99.9701	62.2714	37.2	0.991
NODE_4_length_142877_cov_8.785747	1	142877	37240	142799	99.9454	23.3963	38	0.978
NODE_5_length_139191_cov_8.620788	1	139191	33141	139145	99.967	21.3282	37.9	0.983
NODE_21_length_49714_cov_4.278741	1	49714	1914	46852	94.2431	3.38886	36.8	0.982
NODE_26_length_46532_cov_8.982421	1	46532	1874	42922	92.2419	3.5259	36.6	1.01
NODE_28_length_46427_cov_14.788256	1	46427	2143	44576	96.0131	4.00786	36.1	0.986
NODE_29_length_46367_cov_11.001188	1	46367	2075	44077	95.0611	3.8794	36.1	0.989
NODE_30_length_46266_cov_83.710480	1	46266	39586	46263	99.9935	76.2497	37.4	1.72
NODE_31_length_43850_cov_11.756000	1	43850	864	34227	78.0547	1.73708	36.8	1.01
NODE_32_length_43436_cov_7.077891	1	43436	1732	39566	91.0903	3.48131	36.3	1.31
NODE_35_length_40899_cov_23.333831	1	40899	5631	40535	99.11	12.0811	36.5	1.03
NODE_38_length_39875_cov_5.639704	1	39875	823	30991	77.7204	1.7359	34.8	1.22
NODE_46_length_36623_cov_13.706793	1	36623	659	27383	74.77	1.58562	36.8	0.98
NODE_49_length_32431_cov_3.692241	1	32431	431	21205	65.385	1.17499	37.2	0.984
NODE_53_length_30710_cov_4.642636	1	30710	1371	29222	95.1547	4.00156	37.8	27.6
NODE_54_length_30192_cov_5.904702	1	30192	2127	29442	97.5159	5.93608	35.2	1.29
NODE_55_length_29701_cov_27.068205	1	29701	13316	29643	99.8047	39.8762	37.3	40.9
NODE_56_length_28912_cov_8.397962	1	28912	3714	28848	99.7786	11.0148	35.6	11
NODE_58_length_27890_cov_4.360841	1	27890	297	15600	55.934	0.911868	36.3	1.49
NODE_60_length_25063_cov_6.534149	1	25063	202	11438	45.637	0.686031	35.4	0.99
NODE_87_length_14015_cov_251.795559	1	14015	13069	13964	99.6361	83.2905	37.6	1.99
NODE_101_length_12031_cov_26.306363	1	12031	4031	12030	99.9917	29.7609	37.1	16.8
NODE_153_length_7396_cov_5.593380	1	7396	84	4708	63.656	1.02042	37.2	0.964
NODE_173_length_6469_cov_774.838478	1	6469	24390	6467	99.9691	334.193	37	0.993
NODE_218_length_5084_cov_12194.464307	1	5084	125577	5084	100	2173.05	36.7	0.996
NODE_4_length_149990_cov_22.694054	1	149990	5122	129972	86.6538	3.05406	37.8	5.88
NODE_11_length_90295_cov_118.359719	1	90295	133469	90293	99.9978	129.627	36.7	1.02
NODE_14_length_82304_cov_225.187151	1	82304	106882	82304	100	111.169	35.7	1.03
NODE_17_length_66579_cov_12.543699	1	66579	247	17432	26.1824	0.327701	36.9	1.32
NODE_28_length_50686_cov_13.389939	1	50686	1034	39287	77.5106	1.68149	34.9	1.02
NODE_33_length_48678_cov_22.032392	1	48678	826	33680	69.1894	1.46364	35.7	0.981
NODE_34_length_48295_cov_29.851223	1	48295	2229	45451	94.1112	3.99638	35.9	1.26
NODE_39_length_46496_cov_26.700803	1	46496	2057	43903	94.4232	3.8182	36	0.996
NODE_40_length_46294_cov_8.238197	1	46294	4020	45943	99.2418	7.48723	36.1	17.5
NODE_44_length_45871_cov_5.078160	1	45871	649	29518	64.35	1.22027	35.9	0.995
NODE_49_length_42667_cov_9.849948	1	42667	67632	42667	100	140.615	37	41.6
NODE_52_length_42307_cov_7.097250	1	42307	128	8918	21.0793	0.267355	36.4	0.984
NODE_54_length_41741_cov_10.161829	1	41741	293	17359	41.5874	0.607125	36.5	1.02
NODE_55_length_41584_cov_17.221676	1	41584	2748	40625	97.6938	5.84884	37	1.15
NODE_65_length_38961_cov_7.399476	1	38961	54	4351	11.1676	0.122173	37.3	4.04
NODE_66_length_38717_cov_7.546868	1	38717	396	20016	51.6982	0.845003	35	1.78
NODE_68_length_38440_cov_54.510460	1	38440	1534	35132	91.3944	3.39971	35.5	1.53
NODE_69_length_37272_cov_3.102802	1	37272	70	5197	13.9434	0.160979	35.7	19
NODE_76_length_34918_cov_18.678370	1	34918	1555	26977	77.2581	3.80383	35.5	7.34
NODE_77_length_34914_cov_4.634499	1	34914	206	13066	37.4234	0.512287	36.2	41.5
NODE_78_length_34810_cov_11.848741	1	34810	160	11619	33.3783	0.415599	38.1	7.62
NODE_82_length_32967_cov_14.811011	1	32967	278	15794	47.9085	0.705251	35.2	1.74
NODE_84_length_32573_cov_4.820715	1	32573	418	20119	61.7659	1.08691	35.5	41.8
NODE_85_length_32529_cov_5.865646	1	32529	242	15168	46.6292	0.654554	37	2.13
NODE_86_length_32364_cov_4.582315	1	32364	505	23420	72.3644	1.37919	36.9	10.8
NODE_87_length_32215_cov_15.592506	1	32215	2412	31808	98.7366	6.36623	35.2	2.4
NODE_88_length_32149_cov_48.332741	1	32149	310	16575	51.5568	0.830415	36.3	0.997
NODE_89_length_31829_cov_62.477403	1	31829	45758	31788	99.8712	122.048	35.3	22.5
NODE_90_length_31247_cov_3.493845	1	31247	45	3611	11.5563	0.130092	37	10.8
NODE_92_length_30284_cov_3.410831	1	30284	251	14389	47.5135	0.73382	36.7	13.6
NODE_94_length_29316_cov_3.978435	1	29316	198	12511	42.6764	0.594147	37.2	41.6
NODE_98_length_27642_cov_3.629318	1	27642	61	4868	17.6109	0.192569	36.4	0.967
NODE_99_length_27136_cov_4.809424	1	27136	218	12202	44.9661	0.69358	36.2	1.81
NODE_103_length_25437_cov_4.427586	1	25437	47	3606	14.1762	0.156858	35.1	1
NODE_110_length_22758_cov_8.333524	1	22758	26	2172	9.5439	0.101415	36.7	0.885
NODE_114_length_22362_cov_39.010266	1	22362	718	18848	84.2858	2.81317	36.5	1.04
NODE_119_length_21232_cov_24.778675	1	21232	51	3921	18.4674	0.209165	36.7	0.902
NODE_120_length_20547_cov_20.156207	1	20547	328	12816	62.3741	1.35499	35.3	41.8
NODE_181_length_12451_cov_62.323975	1	12451	12094	12445	99.9518	86.8895	37.6	0.987
NODE_214_length_10360_cov_3.570597	1	10360	270	8488	81.9305	2.20714	35.2	40.9
NODE_278_length_7396_cov_6.279662	1	7396	110	5216	70.5246	1.31233	36.9	0.973
NODE_309_length_6605_cov_445.087328	1	6605	23980	6602	99.9546	314.623	36.1	1.57
NODE_390_length_5581_cov_3.514839	1	5581	145	4836	86.6511	2.17882	35.3	1.06
DAS_Check_Bin_01_k119_158026:3-190576	1	190574	0	0	0	0	0	0
DAS_Check_Bin_07_k119_159765:247-42184	1	41938	0	0	0	0	0	0
NODE_57_length_7439_cov_2.481446	1	7439	0	0	0	0	0	0
NODE_203_length_5535_cov_3.585219	1	5535	0	0	0	0	0	0
NODE_50_length_28964_cov_4.022381	1	28964	0	0	0	0	0	0
NODE_96_length_11662_cov_7.022019	1	11662	0	0	0	0	0	0
NODE_164_length_6286_cov_3.027283	1	6286	0	0	0	0	0	0
NODE_158_length_8436_cov_3.682138	1	8436	0	0	0	0	0	0
NODE_53_length_36807_cov_5.676671	1	36807	0	0	0	0	0	0
NODE_192_length_8422_cov_5.291144	1	8422	0	0	0	0	0	0
NODE_118_length_18955_cov_3.719365	1	18955	0	0	0	0	0	0
NODE_286_length_7275_cov_4.567867	1	7275	0	0	0	0	0	0
