#rname	startpos	endpos	numreads	covbases	coverage	meandepth	meanbaseq	meanmapq
DAS_Check_Bin_09_k119_41989:3-49450	1	45022	12721	44863	99.6468	24.5269	36.1	41.5
NODE_39_length_37768_cov_25.508657	1	35529	1791	34735	97.7652	4.44381	36.8	0.986
NODE_21_length_46020_cov_7.992255	1	44173	3443	43931	99.4522	6.85272	36.7	1.08
NODE_68_length_36781_cov_8.797283	1	22515	5	334	1.48346	0.0184322	35.2	1.2
NODE_18_length_65286_cov_9.613313	1	61998	440	27120	43.7433	0.621972	36.5	0.977
DAS_Check_Bin_01_k119_158026:3-190576	1	190574	24	2003	1.05104	0.0108934	36.1	41.6
DAS_Check_Bin_01_k119_45347:194-20015	1	19822	8	604	3.04712	0.0338513	36	26.6
DAS_Check_Bin_07_k119_159765:247-42184	1	41938	2	150	0.357671	0.00357671	37.1	42
NODE_10_length_44613_cov_10.908120	1	44613	1641	42142	94.4613	3.17623	36	0.99
NODE_13_length_36623_cov_12.491687	1	36623	1655	34966	95.4755	3.97103	36.7	0.99
NODE_14_length_36060_cov_13.057825	1	36060	12155	35986	99.7948	29.1638	36.1	1
NODE_16_length_35370_cov_4.255189	1	35370	1452	33552	94.8601	3.6214	36.8	0.984
NODE_18_length_31157_cov_3.163269	1	31157	2957	30913	99.2169	8.36335	36.9	0.987
NODE_22_length_23860_cov_5.129553	1	23860	646	21222	88.9438	2.35122	36.4	6.62
NODE_25_length_23308_cov_5.171419	1	23308	26	2099	9.00549	0.0945169	35.2	1
NODE_28_length_21720_cov_3.485299	1	21720	1856	21589	99.3969	7.1861	35.3	1.04
NODE_38_length_13971_cov_7.375898	1	13971	61535	13965	99.9571	390.162	37.2	0.977
NODE_39_length_13673_cov_7.531429	1	13673	2836	13598	99.4515	18.49	37.4	2.28
NODE_86_length_6245_cov_8.653635	1	6245	15	1088	17.4219	0.205124	35.1	1
NODE_88_length_6209_cov_8.324829	1	6209	234	5582	89.9018	3.11193	34.8	0.983
NODE_96_length_5842_cov_1098.051840	1	5842	916	5720	97.9117	13.7292	36.3	1.14
NODE_99_length_5721_cov_1061.804977	1	5721	242209	5721	100	3669.51	36.1	41.6
NODE_102_length_5581_cov_15638.208288	1	5581	161602	5581	100	2521.24	36.4	0.987
NODE_104_length_5514_cov_1878.878732	1	5514	32806	5514	100	516.656	36.1	1.04
NODE_105_length_5492_cov_29.344308	1	5492	4	358	6.51857	0.0651857	34.2	0.5
NODE_109_length_5407_cov_11252.763079	1	5407	2416	5406	99.9815	39.1792	36.4	1.49
NODE_120_length_5084_cov_34199.553390	1	5084	1580935	5084	100	27345.9	36.7	1.01
NODE_2_length_172485_cov_32.775068	1	172485	295685	172484	99.9994	152.352	37.4	1.05
NODE_6_length_61068_cov_9.739465	1	61068	5698	60949	99.8051	8.22901	36.9	1.04
NODE_7_length_58087_cov_6.947994	1	58087	675	35528	61.1634	1.02383	36.8	1.04
NODE_11_length_41469_cov_25.463877	1	41469	1321	37146	89.5753	2.80954	36.9	1.29
NODE_12_length_40031_cov_3.840454	1	40031	9312	40029	99.995	20.5301	36.9	41.5
NODE_17_length_37325_cov_319.259539	1	37325	4952	37275	99.866	11.7796	37.3	0.978
NODE_19_length_36060_cov_32.684877	1	36060	12385	36056	99.9889	29.6774	36	0.988
NODE_23_length_32292_cov_5.397959	1	32292	1520	30262	93.7136	4.08008	36	1.01
NODE_24_length_31545_cov_5.801683	1	31545	2758	31133	98.6939	7.19677	34.8	21.8
NODE_28_length_27475_cov_4.040518	1	27475	173	11181	40.6952	0.534195	35.5	3.18
NODE_30_length_25734_cov_5.275400	1	25734	942	23859	92.7139	3.24788	37.1	0.983
NODE_31_length_25359_cov_5.009406	1	25359	76	5608	22.1144	0.266651	37.4	1
NODE_41_length_22305_cov_25.908899	1	22305	7228	22287	99.9193	27.8677	35.9	1.28
NODE_42_length_22193_cov_5.490695	1	22193	4380	22154	99.8243	16.9088	35.9	40.9
NODE_48_length_18890_cov_3.341333	1	18890	2301	18862	99.8518	10.7026	36.6	0.983
NODE_52_length_17580_cov_3.189843	1	17580	1303	17218	97.9408	6.32167	35.4	1.11
NODE_214_length_6245_cov_8.318255	1	6245	43	2797	44.7878	0.61249	36.5	1
NODE_217_length_6209_cov_8.798343	1	6209	201	5598	90.1594	2.72057	35.2	0.995
NODE_258_length_5581_cov_2813.330800	1	5581	208413	5581	100	3258.52	36.4	2.09
NODE_262_length_5514_cov_38.326067	1	5514	37719	5514	100	594.574	36.2	0.991
NODE_268_length_5407_cov_226.692078	1	5407	2599	5400	99.8705	42.1966	36.4	0.992
NODE_292_length_5084_cov_88208.156095	1	5084	1585748	5084	100	27433.7	36.7	1.04
NODE_7_length_46020_cov_16.937757	1	46020	3825	45031	97.8509	7.29761	36.7	0.982
NODE_9_length_43915_cov_6.954241	1	43915	1625	40968	93.2893	3.17871	36	0.99
NODE_10_length_38461_cov_14.877649	1	38461	310	18614	48.3971	0.711578	36.6	13.4
NODE_12_length_36623_cov_10.841993	1	36623	1675	35809	97.7774	4.00827	36.7	0.986
NODE_14_length_35381_cov_20.886033	1	35381	2	157	0.443741	0.00443741	37.9	1
NODE_16_length_25443_cov_3.831850	1	25443	929	24048	94.5172	3.21633	36.7	0.991
NODE_25_length_21201_cov_4.167171	1	21201	581	18746	88.4204	2.39102	36.2	1.01
NODE_34_length_13780_cov_2.793515	1	13780	198	8703	63.1567	1.23745	36	0.995
NODE_39_length_12439_cov_7.203731	1	12439	56742	12439	100	404.412	37.2	2.35
NODE_57_length_7439_cov_2.481446	1	7439	31	1728	23.2289	0.369136	37.5	35.5
NODE_72_length_6209_cov_12.989275	1	6209	233	5857	94.3308	3.14221	35	0.991
NODE_76_length_5842_cov_1509.613790	1	5842	1000	5824	99.6919	14.8605	36.3	1.05
NODE_87_length_5402_cov_34.239200	1	5402	4	275	5.09071	0.066642	36.9	1
NODE_89_length_5277_cov_5.447721	1	5277	207	5032	95.3572	3.45215	36.2	1
NODE_4_length_238892_cov_6.753413	1	238892	18995	234136	98.0091	6.97883	36.5	18.3
NODE_5_length_189738_cov_6.430987	1	189738	20520	187710	98.9312	9.4778	36.6	31.2
NODE_10_length_119230_cov_6.136941	1	119230	9124	118247	99.1755	6.68399	36.5	1.18
NODE_12_length_90299_cov_8.811644	1	90299	11498	89416	99.0221	11.3167	37.5	41.4
NODE_13_length_76125_cov_44.994597	1	76125	5567	66315	87.1133	6.48252	37.3	0.978
NODE_18_length_62590_cov_137.633981	1	62590	35398	62465	99.8003	48.5594	35.8	41.3
NODE_20_length_55983_cov_7.738449	1	55983	2858	50336	89.913	4.44365	36.3	24.2
NODE_23_length_52152_cov_8.571204	1	52152	215	10605	20.3348	0.366563	37.6	39.3
NODE_24_length_47733_cov_200.310583	1	47733	41340	47731	99.9958	76.8558	37.2	1.99
NODE_27_length_46064_cov_34.699428	1	46064	3939	45474	98.7192	7.50274	36.7	1.01
NODE_32_length_43849_cov_21.327442	1	43849	1720	41535	94.7228	3.46111	36.9	1.01
NODE_34_length_42243_cov_6.125960	1	42243	1414	39336	93.1184	2.96163	37	0.982
NODE_40_length_37489_cov_12.035128	1	37489	3569	37336	99.5919	7.94694	35.1	0.994
NODE_41_length_37113_cov_5.778240	1	37113	1656	35437	95.4841	3.84787	36.1	0.986
NODE_44_length_36060_cov_186.741564	1	36060	12428	36047	99.9639	29.7749	36.1	0.99
NODE_57_length_28964_cov_3.647964	1	28964	2844	28817	99.4925	8.53767	36.2	41.5
NODE_58_length_28915_cov_2.851594	1	28915	962	26852	92.8653	2.9014	36.6	0.984
NODE_61_length_27709_cov_4.008787	1	27709	543	20921	75.5025	1.67823	35.8	1.08
NODE_63_length_26925_cov_11.515333	1	26925	2104	26506	98.4438	6.64137	35.3	1.14
NODE_64_length_26668_cov_4.755420	1	26668	3547	26498	99.3625	11.3136	35.5	1.44
NODE_66_length_25532_cov_5.218589	1	25532	992	23432	91.775	3.42648	36.8	1.65
NODE_69_length_23559_cov_18.031867	1	23559	7477	23559	100	27.5891	36.2	16.4
NODE_71_length_22160_cov_3.786655	1	22160	162	9618	43.4025	0.650767	36.8	0.981
NODE_86_length_17581_cov_4.636540	1	17581	433	14382	81.8042	2.18037	37.1	36.2
NODE_94_length_15427_cov_6.269321	1	15427	10578	15427	100	57.1516	34.9	41.8
NODE_95_length_15356_cov_3.584733	1	15356	5419	15239	99.2381	30.1186	35.4	13.3
NODE_113_length_12763_cov_3.351196	1	12763	149	7582	59.4061	1.03941	36.7	32.1
NODE_165_length_6963_cov_2699.768674	1	6963	29719	6961	99.9713	377.724	37.1	1.13
NODE_180_length_6209_cov_8.318817	1	6209	203	5606	90.2883	2.756	35	0.98
NODE_194_length_5842_cov_59.714187	1	5842	2076	5822	99.6577	31.1195	36.3	5.3
NODE_203_length_5535_cov_3.585219	1	5535	96	4303	77.7416	1.529	36.2	39.2
NODE_205_length_5514_cov_740.579227	1	5514	43362	5514	100	684.559	36.2	1.48
NODE_209_length_5407_cov_424.684417	1	5407	2637	5399	99.852	42.7213	36.4	0.998
NODE_212_length_5277_cov_13.385101	1	5277	209	4905	92.9505	3.43851	36.1	0.995
NODE_213_length_5084_cov_56753.835156	1	5084	1689442	5084	100	29187	36.7	0.991
NODE_3_length_160031_cov_246.186322	1	160031	252067	160031	100	140.066	37.4	1.05
NODE_4_length_135187_cov_5.588891	1	135187	6154	129924	96.1069	3.99166	36.5	1.06
NODE_11_length_82624_cov_5.458404	1	82624	5300	81371	98.4835	5.62844	36.5	0.992
NODE_20_length_47234_cov_31.155747	1	47234	14092	47233	99.9979	25.8244	36.1	2.68
NODE_22_length_45867_cov_5.463743	1	45867	1840	43520	94.883	3.4592	36	1.03
NODE_24_length_43860_cov_6.177765	1	43860	8439	43860	100	16.7569	36.2	41.6
NODE_25_length_43849_cov_10.709458	1	43849	1842	41922	95.6054	3.7139	37	0.989
NODE_27_length_42291_cov_8.031513	1	42291	1358	37921	89.6668	2.84155	36.9	0.982
NODE_30_length_41337_cov_7.787607	1	41337	1836	39224	94.8884	3.84188	36.1	1.04
NODE_33_length_39957_cov_24.373239	1	39957	16481	39957	100	36.094	36.3	3.53
NODE_34_length_38904_cov_21.835774	1	38904	5133	38712	99.5065	11.7468	37.3	0.99
NODE_37_length_37729_cov_6.620083	1	37729	2081	36746	97.3946	4.8587	36.7	0.983
NODE_38_length_37629_cov_17.014451	1	37629	3517	37470	99.5775	7.82436	35.2	0.991
NODE_42_length_35867_cov_6.690467	1	35867	8154	35867	100	19.1821	35.3	41.7
NODE_43_length_35817_cov_5.543007	1	35817	2058	34278	95.7032	5.02449	36.6	13
NODE_46_length_35128_cov_9.695264	1	35128	8073	35128	100	20.1707	36.6	30.1
NODE_47_length_34443_cov_6.100820	1	34443	6102	34442	99.9971	15.8625	37.9	41.3
NODE_49_length_32550_cov_5.505924	1	32550	2560	32191	98.8971	6.71398	35.4	10.1
NODE_72_length_21497_cov_3.547617	1	21497	2339	21497	100	9.54045	36.5	41.3
NODE_77_length_19576_cov_17.607807	1	19576	5077	19538	99.8059	22.4027	36.1	11.2
NODE_103_length_15861_cov_5.174997	1	15861	2448	15861	100	13.6532	37	41.4
NODE_210_length_6209_cov_9.798343	1	6209	230	5996	96.5695	3.15333	35.5	0.996
NODE_235_length_5514_cov_1351.351346	1	5514	40242	5514	100	634.724	36.1	1.34
NODE_243_length_5277_cov_12.775565	1	5277	208	5097	96.589	3.4476	36.2	0.99
NODE_249_length_5084_cov_78920.386956	1	5084	1688805	5084	100	29188.8	36.7	0.992
NODE_1_length_164730_cov_5.305092	1	164730	16594	163629	99.3316	8.82076	36.5	19.1
NODE_2_length_124404_cov_11.033221	1	124404	21050	124336	99.9453	15.1071	37.7	1.82
NODE_4_length_117427_cov_5.768318	1	117427	4714	112043	95.415	3.52599	36.5	1.03
NODE_8_length_96678_cov_134.288192	1	96678	114177	96678	100	105.02	37.4	0.981
NODE_28_length_43893_cov_22.428281	1	43893	1799	41852	95.3501	3.60554	36.8	1.03
NODE_29_length_42291_cov_14.926058	1	42291	1390	38793	91.7287	2.89409	36.9	0.983
NODE_33_length_37337_cov_16.555415	1	37337	12473	37295	99.8875	28.8718	36	2.26
NODE_34_length_37325_cov_110.555514	1	37325	5203	37170	99.5847	12.382	37.3	0.973
NODE_36_length_36495_cov_5.297722	1	36495	1934	35509	97.2983	4.65176	36.7	0.982
NODE_38_length_36114_cov_4.509720	1	36114	687	28008	77.5544	1.68201	37.1	0.985
NODE_39_length_36060_cov_13.462408	1	36060	12392	36058	99.9945	29.7267	36.1	1.02
NODE_48_length_30963_cov_4.644332	1	30963	93	5963	19.2585	0.269063	37.9	3.37
NODE_54_length_29179_cov_6.736266	1	29179	1348	28214	96.6928	4.04678	36.7	0.986
NODE_66_length_21974_cov_4.464985	1	21974	2086	21881	99.5768	7.97424	35.1	0.997
NODE_181_length_6454_cov_8661.914049	1	6454	1473926	6454	100	20192.2	36.9	13
NODE_228_length_5277_cov_15.499043	1	5277	239	5195	98.4461	3.98484	36.2	0.992
NODE_232_length_5084_cov_53965.325313	1	5084	1671037	5084	100	28863	36.7	0.991
NODE_2_length_164227_cov_5.664328	1	164227	9016	159059	96.8531	4.80847	36.5	0.983
NODE_17_length_61395_cov_5.757956	1	61395	3400	60133	97.9445	4.86211	36.5	1.05
NODE_26_length_47746_cov_5.112222	1	47746	461	18976	39.7436	0.865957	37.8	30.1
NODE_31_length_42291_cov_15.102069	1	42291	1423	38357	90.6978	2.97879	36.9	0.978
NODE_44_length_30436_cov_7.486422	1	30436	17	1329	4.36654	0.0471481	37.3	30.7
NODE_48_length_29632_cov_4.402171	1	29632	2813	29332	98.9876	7.94307	35.2	1
NODE_50_length_28964_cov_4.022381	1	28964	1767	28270	97.6039	5.34646	36.7	1.02
NODE_51_length_27921_cov_3.034092	1	27921	1122	26764	95.8562	3.48641	36.2	0.988
NODE_55_length_25017_cov_5.657880	1	25017	3567	24911	99.5763	12.3678	36.3	1.26
NODE_56_length_24833_cov_5.809872	1	24833	1149	24046	96.8308	4.05517	36.6	0.977
NODE_97_length_12527_cov_5.050513	1	12527	548	11427	91.219	3.91307	37.5	3.24
NODE_176_length_5514_cov_454.349698	1	5514	39172	5514	100	616.686	36.1	1.1
NODE_184_length_5277_cov_11.715818	1	5277	211	4999	94.7319	3.45556	36.1	0.986
NODE_193_length_5034_cov_15.769632	1	5034	1501	5031	99.9404	25.765	35.8	22.8
NODE_1_length_114607_cov_10.147007	1	114607	230169	114604	99.9974	178.427	37.4	0.981
NODE_4_length_36816_cov_7.960991	1	36816	1700	34141	92.7341	3.99536	36.1	0.988
NODE_5_length_36230_cov_4.885114	1	36230	527	25084	69.2354	1.28672	36.9	41.7
NODE_10_length_27385_cov_7.189535	1	27385	4405	27265	99.5618	14.2774	37.3	0.98
NODE_11_length_26673_cov_11.045683	1	26673	5369	26627	99.8275	17.3584	36	0.985
NODE_20_length_17239_cov_6.178596	1	17239	243	10934	63.426	1.2206	35.8	0.992
NODE_86_length_6209_cov_9.690445	1	6209	231	5836	93.9926	3.18634	35.3	0.978
NODE_113_length_5514_cov_54.894486	1	5514	39194	5514	100	617.364	36.1	1.24
NODE_124_length_5277_cov_25.805247	1	5277	202	5154	97.6691	3.3159	36.3	1.22
NODE_1_length_167064_cov_31.023334	1	167064	17	1305	0.781138	0.00846382	34.3	1
NODE_7_length_61042_cov_7.357896	1	61042	5766	60841	99.6707	8.33387	36.9	1.15
NODE_11_length_50106_cov_8.639548	1	50106	2220	46731	93.2643	3.82429	36	1.43
NODE_13_length_47685_cov_12.449024	1	47685	39720	47662	99.9518	73.7818	37.1	1
NODE_14_length_46328_cov_8.666393	1	46328	420	23908	51.6059	0.786954	36.2	0.967
NODE_26_length_33164_cov_59.471171	1	33164	34	2479	7.47497	0.0881679	37.6	0.647
NODE_27_length_32852_cov_6.310150	1	32852	3929	32560	99.1112	10.3806	36.4	1.01
NODE_29_length_31681_cov_4.792196	1	31681	11	945	2.98286	0.0298286	34.8	0.818
NODE_32_length_29822_cov_3.040481	1	29822	25	1944	6.51868	0.0703507	35	26.3
NODE_109_length_6469_cov_258.754599	1	6469	67817	6469	100	921.991	36.9	0.974
NODE_117_length_6209_cov_39356.593760	1	6209	243	5875	94.6207	3.26268	34.8	0.975
NODE_131_length_5556_cov_340.263043	1	5556	17208	5556	100	267.407	36	0.989
NODE_139_length_5354_cov_334.782412	1	5354	282	4945	92.3609	4.59357	36.1	0.957
NODE_147_length_5084_cov_13961.725393	1	5084	1392416	5084	100	24036.1	36.7	0.991
NODE_3_length_123329_cov_12.346099	1	123329	20323	123209	99.9027	14.7028	37.7	0.981
NODE_6_length_84822_cov_16.799037	1	84822	11	903	1.06458	0.0110702	35.9	1.91
NODE_7_length_82293_cov_17.234271	1	82293	14	1118	1.35856	0.0144848	33.9	1
NODE_13_length_50138_cov_17.827646	1	50138	2102	46560	92.8637	3.60228	35.9	1.22
NODE_17_length_47511_cov_6.251033	1	47511	25	2058	4.33163	0.0452737	36.5	0.72
NODE_22_length_41227_cov_3.669387	1	41227	474	24311	58.9686	1.01159	36.7	0.977
NODE_24_length_39433_cov_10.753847	1	39433	4	353	0.895189	0.00895189	35.1	0.75
NODE_34_length_29970_cov_6.653919	1	29970	184	10617	35.4254	0.52696	36.1	0.935
NODE_35_length_29279_cov_5.928107	1	29279	67	2628	8.97572	0.207384	38.5	0.493
NODE_36_length_28663_cov_6.412088	1	28663	80	5993	20.9085	0.241984	36.6	1
NODE_39_length_25023_cov_3.154598	1	25023	7	635	2.53767	0.0253767	37.6	1
NODE_41_length_24643_cov_3.795713	1	24643	254	13380	54.2953	0.875056	35.2	0.984
NODE_42_length_24457_cov_5.553315	1	24457	4768	24438	99.9223	16.9369	36.2	0.984
NODE_46_length_21332_cov_3.397377	1	21332	254	11885	55.7144	1.02799	35.8	0.988
NODE_52_length_17163_cov_9.937398	1	17163	222	9875	57.5366	1.12206	36.2	0.986
NODE_119_length_6469_cov_423.735111	1	6469	67587	6469	100	918.211	36.9	0.975
NODE_133_length_5840_cov_3038.520311	1	5840	338	5189	88.8527	4.95736	36.1	1.04
NODE_140_length_5469_cov_7.356114	1	5469	11695	5469	100	176.646	34.6	41.9
NODE_1_length_157272_cov_245.867635	1	157272	212040	154770	98.4091	119.976	37.4	0.982
NODE_3_length_116508_cov_7.831949	1	116508	17	1418	1.21708	0.0126257	36.4	1
NODE_5_length_78818_cov_6.835964	1	78818	1128	48818	61.9376	1.25136	36.5	24.5
NODE_8_length_61519_cov_6.420002	1	61519	457	27612	44.8837	0.64689	36.2	0.985
NODE_11_length_55539_cov_10.359851	1	55539	12	1010	1.81854	0.0186896	36	6.08
NODE_12_length_54742_cov_5.935359	1	54742	627	31497	57.5372	1.00495	36.6	8.51
NODE_15_length_49707_cov_409.118646	1	49707	294	16894	33.9872	0.510552	36	8.48
NODE_19_length_46049_cov_20.145976	1	46049	1590	42189	91.6176	3.03077	36.6	0.99
NODE_31_length_37539_cov_17.903879	1	37539	4456	37121	98.8865	10.2858	36.3	1.09
NODE_32_length_37308_cov_5.588865	1	37308	108	8042	21.5557	0.253002	36.7	4.04
NODE_38_length_34710_cov_5.008022	1	34710	722	27302	78.6574	1.77972	35.8	0.992
NODE_39_length_34383_cov_15.503059	1	34383	272	16066	46.7266	0.694413	36.3	17.4
NODE_40_length_33198_cov_25.854600	1	33198	43	2643	7.96132	0.111181	36.8	0.767
NODE_41_length_33019_cov_71.818742	1	33019	52	4424	13.3983	0.141131	36.1	1
NODE_42_length_30783_cov_6.353228	1	30783	202	12869	41.8055	0.577851	36.6	0.98
NODE_43_length_30206_cov_3.324367	1	30206	18	1427	4.72423	0.0504867	35.7	42
NODE_51_length_25704_cov_4.962455	1	25704	266	14197	55.2326	0.895464	35.9	0.985
NODE_60_length_19783_cov_3.659621	1	19783	3	197	0.995804	0.0137997	39.7	0
NODE_68_length_16862_cov_6.336764	1	16862	775	13741	81.4909	3.8241	35.3	2.73
NODE_96_length_11662_cov_7.022019	1	11662	5	417	3.57572	0.0389299	37.9	18
NODE_137_length_7399_cov_2.692266	1	7399	4	364	4.91958	0.0491958	37.1	1
NODE_157_length_6469_cov_65.568288	1	6469	68217	6467	99.9691	927.686	36.9	0.973
NODE_186_length_5556_cov_469.135975	1	5556	17307	5556	100	268.69	35.9	0.985
NODE_193_length_5407_cov_407.749626	1	5407	1557	5329	98.5574	25.0969	36.3	0.994
NODE_194_length_5354_cov_104.200415	1	5354	318	4583	85.5996	5.16399	35.8	0.925
NODE_196_length_5277_cov_172.009958	1	5277	211	5110	96.8353	3.46636	36.4	0.972
NODE_4_length_95966_cov_30.590652	1	95966	43283	95930	99.9625	39.5555	36.7	3.5
NODE_6_length_82210_cov_5.532554	1	82210	23	1748	2.12626	0.022029	34.2	1
NODE_11_length_50594_cov_377.385821	1	50594	42	3390	6.7004	0.0710361	34.2	1
NODE_15_length_36350_cov_5.563659	1	36350	26400	36332	99.9505	64.3117	37.1	1
NODE_16_length_36268_cov_5.202911	1	36268	1655	35026	96.5755	4.02727	36.7	0.989
NODE_17_length_36060_cov_30.766366	1	36060	11043	35879	99.4981	26.5404	36.1	0.985
NODE_22_length_25354_cov_3.861378	1	25354	949	23921	94.348	3.27104	36.7	0.991
NODE_25_length_22867_cov_5.385543	1	22867	186	11664	51.008	0.717366	36.4	1
NODE_4_length_50595_cov_67.659972	1	50595	61	4934	9.75195	0.103152	35.7	0.984
NODE_9_length_29359_cov_4.137114	1	29359	67	4897	16.6797	0.201233	36.7	0.836
NODE_22_length_12612_cov_2.735526	1	12612	374	9208	73.0098	2.46654	35.1	0.984
NODE_3_length_50595_cov_82.409794	1	50595	39	3019	5.96699	0.0628718	34.5	1
NODE_5_length_44363_cov_4.177530	1	44363	212	12057	27.1781	0.407502	35.9	1.43
NODE_7_length_36147_cov_14.136346	1	36147	10909	35885	99.2752	26.0499	36.1	1.15
NODE_18_length_15213_cov_9.438580	1	15213	39	2922	19.2073	0.219681	35.2	40.9
NODE_47_length_5840_cov_40.463440	1	5840	293	4875	83.476	4.31113	35.8	0.986
NODE_51_length_5556_cov_13.876568	1	5556	17769	5556	100	275.626	35.9	0.982
NODE_57_length_5407_cov_151.267377	1	5407	1530	5328	98.5389	24.7019	36.4	0.991
NODE_62_length_5084_cov_1208.538278	1	5084	1396872	5084	100	24121.4	36.7	0.988
NODE_2_length_148288_cov_23.186888	1	148288	81	2027	1.36693	0.048952	37.4	1.46
NODE_6_length_84805_cov_14.802077	1	84805	7	597	0.703968	0.00721656	34.6	1
NODE_24_length_41128_cov_5.105933	1	41128	264	16205	39.4014	0.55427	35.7	0.905
NODE_25_length_41104_cov_10.069039	1	41104	51	3371	8.20115	0.108992	36.5	0.784
NODE_35_length_36642_cov_6.903080	1	36642	1593	34905	95.2595	3.80724	36.6	0.99
NODE_42_length_32103_cov_4.370444	1	32103	697	7182	22.3717	1.90864	36.6	37.2
NODE_45_length_29051_cov_4.288419	1	29051	1021	26800	92.2516	3.11762	37.1	0.984
NODE_47_length_27680_cov_4.110081	1	27680	1	60	0.216763	0.00216763	38.7	0
NODE_51_length_25928_cov_4.825185	1	25928	30	1374	5.29929	0.103517	38	0.7
NODE_54_length_22851_cov_9.800140	1	22851	1203	20325	88.9458	4.53556	36.2	0.949
NODE_102_length_12697_cov_5.155751	1	12697	65844	12697	100	459.188	37.2	2.7
NODE_209_length_6209_cov_65496.679721	1	6209	238	5724	92.1888	3.23772	34.9	1
NODE_235_length_5556_cov_134.878749	1	5556	17231	5556	100	267.396	35.9	0.983
NODE_249_length_5277_cov_379.647453	1	5277	205	4994	94.6371	3.4025	36	0.99
NODE_4_length_133646_cov_16.294571	1	133646	865	37617	28.1467	0.565801	36.6	1.11
NODE_7_length_115553_cov_35.746429	1	115553	192	2601	2.25092	0.148097	38	0.896
NODE_18_length_57319_cov_76.520624	1	57319	771	22884	39.9239	1.16802	36.1	0.936
NODE_24_length_50596_cov_1234.024079	1	50596	51	3921	7.74962	0.0863507	34.3	0.98
NODE_35_length_43849_cov_26.763073	1	43849	1847	41491	94.6225	3.70912	36.8	1.01
NODE_38_length_43069_cov_9.555959	1	43069	307	18619	43.2306	0.622559	36.5	1.08
NODE_49_length_38057_cov_4.796748	1	38057	2450	23185	60.9218	5.67995	36.8	11.6
NODE_51_length_37849_cov_4.749140	1	37849	1204	34216	90.4013	2.81561	36.9	0.984
NODE_53_length_36807_cov_5.676671	1	36807	49	3625	9.84867	0.113973	35.6	22.8
NODE_61_length_31489_cov_8.070020	1	31489	73	5555	17.6411	0.203944	36.5	0.986
NODE_63_length_27891_cov_6.995761	1	27891	13	288	1.03259	0.039009	36.5	0.692
NODE_64_length_27677_cov_8.435522	1	27677	8	713	2.57615	0.0257615	36	1
NODE_69_length_26777_cov_5.823441	1	26777	2754	26720	99.7871	8.59237	35.1	1.34
NODE_76_length_25339_cov_4.381387	1	25339	148	9674	38.1783	0.512333	36.8	0.959
NODE_77_length_25099_cov_4.340960	1	25099	239	12846	51.1813	0.813578	36.2	9.04
NODE_78_length_24488_cov_6.858102	1	24488	160	9809	40.0564	0.566073	36.3	41.7
NODE_80_length_24274_cov_3.099385	1	24274	78	3918	16.1407	0.275645	35.4	35.5
NODE_86_length_22502_cov_3.552991	1	22502	62	4002	17.7851	0.243756	37.4	9.1
NODE_101_length_17827_cov_4.586484	1	17827	5162	17777	99.7195	24.5036	35.2	1.62
NODE_110_length_17112_cov_3.368119	1	17112	266	11429	66.7894	1.34929	36.1	0.996
NODE_229_length_6678_cov_5.842066	1	6678	32156	6678	100	426.82	37.2	1.47
NODE_261_length_5874_cov_27.383915	1	5874	343	5116	87.0957	5.01192	36.1	0.942
NODE_4_length_127150_cov_117.090247	1	127150	20252	126804	99.7279	14.2137	37.7	0.98
NODE_7_length_88941_cov_46.993812	1	88941	209	3579	4.02402	0.210061	37.6	2.63
NODE_11_length_72839_cov_23.773563	1	72839	9817	72184	99.1008	11.6065	35.9	41.7
NODE_21_length_59130_cov_12.292323	1	59130	611	33811	57.1808	0.90761	36.8	0.966
NODE_23_length_57177_cov_114.389377	1	57177	699	21725	37.996	1.05936	36	1.07
NODE_28_length_50596_cov_1491.292179	1	50596	49	3912	7.73184	0.0830896	34.5	1
NODE_30_length_49587_cov_4.531979	1	49587	19	1668	3.36378	0.0341622	37.1	1
NODE_35_length_46803_cov_6.051467	1	46803	265	11571	24.7228	0.487063	36.5	0.955
NODE_36_length_46752_cov_29.126753	1	46752	255	16043	34.3151	0.471167	35.9	1.81
NODE_39_length_43620_cov_4.962217	1	43620	105	8322	19.0784	0.214489	37.1	0.952
NODE_40_length_43084_cov_6.633898	1	43084	9	707	1.64098	0.0183595	35.1	1
NODE_45_length_40665_cov_4.748239	1	40665	1767	38686	95.1334	3.8313	36.9	1.03
NODE_50_length_39226_cov_10.101606	1	39226	121	9145	23.3136	0.2713	37.1	40.5
NODE_56_length_37457_cov_9.262072	1	37457	4876	36988	98.7479	11.2925	36.3	2.47
NODE_58_length_37241_cov_46.337493	1	37241	43	3178	8.53361	0.0989232	36.3	9.44
NODE_60_length_36992_cov_10.212497	1	36992	118	8909	24.0836	0.283602	37.2	21.8
NODE_64_length_33972_cov_8.070260	1	33972	210	11218	33.0213	0.542564	36.6	33.9
NODE_68_length_32950_cov_15.789907	1	32950	282	16004	48.5706	0.72692	35.8	1.11
NODE_75_length_29643_cov_5.344836	1	29643	983	27397	92.4232	2.96424	37.9	40.9
NODE_76_length_29309_cov_5.208553	1	29309	310	16840	57.4568	0.917159	36.1	8.94
NODE_77_length_28348_cov_7.729650	1	28348	1742	16871	59.5139	5.44176	37	0.882
NODE_80_length_27821_cov_14.253908	1	27821	1948	25465	91.5316	6.03771	36.2	1.47
NODE_90_length_25254_cov_6.697329	1	25254	28	2344	9.2817	0.096262	36.3	1
NODE_92_length_24473_cov_5.235728	1	24473	151	9618	39.3005	0.543497	36.5	0.974
NODE_98_length_23476_cov_4.904359	1	23476	44	3536	15.0622	0.167149	37.3	1
NODE_107_length_20703_cov_32.120399	1	20703	3115	20645	99.7198	12.9615	35.9	0.976
NODE_119_length_18951_cov_5.567686	1	18951	195	9927	52.3825	0.895678	36.6	1
NODE_127_length_17877_cov_5.437717	1	17877	203	10754	60.1555	1.00173	36.6	41.5
NODE_337_length_5407_cov_169.755419	1	5407	1658	5282	97.6882	26.9956	36.5	0.987
NODE_345_length_5277_cov_154.251628	1	5277	197	4884	92.5526	3.26246	36.4	0.985
NODE_17_length_37229_cov_5.527304	1	37229	1104	32078	86.164	2.61116	36.9	1.11
NODE_35_length_16708_cov_7.810064	1	16708	522	12919	77.3222	2.60839	35.1	1.53
NODE_79_length_6268_cov_7.561404	1	6268	27	2059	32.8494	0.368539	36.4	1
NODE_1_length_167064_cov_29.887916	1	167064	21	1827	1.09359	0.0109479	35.9	1
NODE_2_length_128004_cov_9.723710	1	128004	169452	125158	97.7766	117.76	37.4	0.981
NODE_9_length_50597_cov_221.425567	1	50597	69	5207	10.2911	0.116647	35.3	0.986
NODE_15_length_44579_cov_4.400862	1	44579	18	1431	3.21003	0.0341416	36.3	1.56
NODE_25_length_26906_cov_5.574876	1	26906	215	12722	47.2831	0.679551	35.8	1.13
NODE_66_length_7415_cov_2.395924	1	7415	12	985	13.2839	0.142953	37.5	2.58
NODE_81_length_6245_cov_24.756704	1	6245	27	1960	31.3851	0.372458	36	1
NODE_98_length_5354_cov_128.256463	1	5354	310	4644	86.7389	5.0762	36.1	0.935
NODE_14_length_82374_cov_240.205894	1	82374	22	1579	1.91687	0.0216452	34.6	1
NODE_21_length_64073_cov_37.552313	1	64073	19	1632	2.54709	0.0254709	35.5	9.37
NODE_22_length_61496_cov_10.163685	1	61496	439	27440	44.6208	0.621764	36.4	0.986
NODE_27_length_56163_cov_10.570810	1	56163	534	29172	51.9417	0.826256	36.4	1.19
NODE_34_length_49123_cov_12.946462	1	49123	1467	41960	85.4182	2.5623	35.8	20.7
NODE_35_length_48678_cov_17.660634	1	48678	22	1778	3.65257	0.0383335	35.2	0.909
NODE_36_length_48286_cov_161.551720	1	48286	75	5300	10.9763	0.13797	37.5	4.51
NODE_41_length_46049_cov_22.527873	1	46049	1479	42501	92.2952	2.81572	36.6	1.16
NODE_42_length_46014_cov_7.064688	1	46014	420	23283	50.5998	0.800908	36.4	1.96
NODE_44_length_45313_cov_24.797539	1	45313	165	11935	26.339	0.319401	36.3	3.97
NODE_45_length_44530_cov_6.085261	1	44530	2501	43101	96.7909	4.63229	34.8	4.83
NODE_50_length_42455_cov_9.957995	1	42455	2	129	0.303851	0.00303851	36.6	0
NODE_54_length_41545_cov_23.951314	1	41545	870	31057	74.7551	1.85832	37.1	2.86
NODE_56_length_41017_cov_5.694693	1	41017	2345	39312	95.8432	4.83017	35.2	41.7
NODE_58_length_39387_cov_195.566714	1	39387	13543	39030	99.0936	30.0186	36.3	0.993
NODE_66_length_37340_cov_6.786992	1	37340	116	8555	22.9111	0.277531	37.2	1.97
NODE_74_length_32607_cov_43.428176	1	32607	53	4190	12.85	0.141319	35.9	0.981
NODE_76_length_32402_cov_4.278047	1	32402	506	21803	67.2891	1.38269	36.9	1.15
NODE_85_length_29888_cov_3.843428	1	29888	61	4889	16.3577	0.181511	37	0.918
NODE_86_length_29401_cov_5.339501	1	29401	744	24639	83.8033	2.13935	35.4	9.04
NODE_90_length_26510_cov_4.099074	1	26510	481	19978	75.3602	1.59423	36.5	0.977
NODE_91_length_25386_cov_3.813628	1	25386	180	10559	41.5938	0.596904	35.4	0.972
NODE_98_length_23399_cov_4.973441	1	23399	187	11556	49.3867	0.700927	36.5	0.984
NODE_99_length_23338_cov_3.337113	1	23338	63	4848	20.773	0.236824	36.7	0.952
NODE_100_length_23190_cov_23.457402	1	23190	4	342	1.47477	0.0147477	35.8	0.25
NODE_102_length_22820_cov_4.048935	1	22820	340	15730	68.9308	1.30232	36.7	0.997
NODE_103_length_22548_cov_3.955764	1	22548	79	6279	27.8473	0.310316	37.2	2.08
NODE_122_length_18523_cov_15.849144	1	18523	1279	17854	96.3883	5.82303	35.3	0.993
NODE_137_length_15986_cov_191.716590	1	15986	2568	15589	97.5166	14.3074	37.5	4.57
NODE_142_length_15505_cov_266.883107	1	15505	11115	15480	99.8388	62.672	36.4	8.73
NODE_286_length_7396_cov_5.191118	1	7396	3	263	3.55598	0.0355598	37.3	0.667
NODE_394_length_5277_cov_264.588280	1	5277	188	4978	94.3339	3.06822	35.9	0.989
NODE_2_length_111600_cov_9.640486	1	111600	17354	111472	99.8853	13.8702	37.6	0.982
NODE_9_length_45523_cov_3.740213	1	45523	6	459	1.00828	0.011291	36	0.667
NODE_11_length_38676_cov_4.256959	1	38676	156	8677	22.4351	0.347502	36.5	0.962
NODE_14_length_36134_cov_22.605782	1	36134	11196	35916	99.3967	26.756	36.1	0.991
NODE_16_length_32623_cov_3.888142	1	32623	22453	32397	99.3072	60.9541	37.1	0.983
NODE_23_length_22286_cov_4.358508	1	22286	878	21445	96.2263	3.45051	36.7	0.983
NODE_25_length_20188_cov_3.698455	1	20188	963	17083	84.6196	4.11477	36	0.958
NODE_50_length_10983_cov_6.236914	1	10983	8983	10928	99.4992	71.2906	36.3	1.03
NODE_97_length_5840_cov_82.570614	1	5840	282	5043	86.3527	4.11353	35.8	1.02
NODE_1_length_291783_cov_17.309309	1	291783	1765	115377	39.5421	0.540138	37.8	2.18
NODE_2_length_224719_cov_12.772874	1	224719	1177	77520	34.4964	0.468745	38	1.23
NODE_5_length_146551_cov_138.816527	1	146551	60486	146485	99.955	36.1606	36.7	1.06
NODE_9_length_107083_cov_7.960225	1	107083	18589	106824	99.7581	15.4986	37.7	0.98
NODE_18_length_51491_cov_4.309861	1	51491	2209	48014	93.2474	3.7781	36.8	1.65
NODE_23_length_46505_cov_8.013886	1	46505	443	24997	53.7512	0.823589	35.9	1.3
NODE_28_length_40659_cov_13.346394	1	40659	100	7746	19.0511	0.21636	36.3	0.95
NODE_34_length_37084_cov_5.937697	1	37084	307	17623	47.5218	0.728373	36.6	0.792
NODE_37_length_29802_cov_5.098867	1	29802	1071	27357	91.7959	3.16841	36.8	0.984
NODE_39_length_28630_cov_5.069326	1	28630	100	7322	25.5746	0.293957	35.6	0.95
NODE_42_length_27529_cov_6.863980	1	27529	230	13842	50.2815	0.747575	38.1	40
NODE_44_length_27445_cov_5.378131	1	27445	1393	26343	95.9847	4.42736	36.6	0.985
NODE_46_length_25582_cov_5.547381	1	25582	152	10020	39.1682	0.515949	35.8	0.98
NODE_48_length_24386_cov_133.440549	1	24386	9404	24222	99.3275	34.11	36.8	41.5
NODE_60_length_14961_cov_14.778747	1	14961	8	551	3.68291	0.0482588	38.1	17.5
NODE_63_length_14529_cov_5.416955	1	14529	562	11060	76.1236	3.26299	35.1	1.47
NODE_85_length_9810_cov_429.929062	1	9810	673671	9810	100	6068.76	36.8	5.77
NODE_122_length_6209_cov_70622.697433	1	6209	261	6066	97.6969	3.52714	34.8	0.977
NODE_136_length_5744_cov_864.749341	1	5744	359	5027	87.5174	5.39015	35.9	2.18
NODE_147_length_5556_cov_89.738411	1	5556	17429	5556	100	270.734	35.9	0.984
NODE_1_length_224519_cov_7.116856	1	224519	1140	76968	34.2813	0.456019	38.1	0.97
NODE_2_length_167110_cov_64.689713	1	167110	27	2182	1.30573	0.0136557	35.4	1
NODE_4_length_142877_cov_8.785747	1	142877	926	60292	42.1985	0.581878	38	0.973
NODE_5_length_139191_cov_8.620788	1	139191	897	56285	40.4372	0.574254	37.8	0.957
NODE_21_length_49714_cov_4.278741	1	49714	2068	47218	94.9793	3.65442	36.8	0.978
NODE_26_length_46532_cov_8.982421	1	46532	461	24015	51.6096	0.866973	36.4	0.711
NODE_28_length_46427_cov_14.788256	1	46427	490	26467	57.0078	0.908114	36	0.982
NODE_29_length_46367_cov_11.001188	1	46367	228	14581	31.4469	0.425777	36.1	0.965
NODE_30_length_46266_cov_83.710480	1	46266	6	420	0.907794	0.0118013	37.9	1
NODE_31_length_43850_cov_11.756000	1	43850	1701	41344	94.2851	3.41553	36.8	0.984
NODE_32_length_43436_cov_7.077891	1	43436	152	11483	26.4366	0.307671	36.3	2.07
NODE_35_length_40899_cov_23.333831	1	40899	124	9167	22.4138	0.26986	36.4	0.992
NODE_46_length_36623_cov_13.706793	1	36623	1595	34631	94.5608	3.80834	36.5	0.991
NODE_49_length_32431_cov_3.692241	1	32431	718	26405	81.419	1.95313	37	0.982
NODE_54_length_30192_cov_5.904702	1	30192	248	13654	45.2239	0.688759	35.3	1.02
NODE_55_length_29701_cov_27.068205	1	29701	97	6633	22.3326	0.284906	36.9	23.5
NODE_56_length_28912_cov_8.397962	1	28912	463	19434	67.2178	1.35719	35.5	13.4
NODE_58_length_27890_cov_4.360841	1	27890	3315	27641	99.1072	10.3007	36.3	0.992
NODE_60_length_25063_cov_6.534149	1	25063	2465	25011	99.7925	8.25125	35.2	0.993
NODE_87_length_14015_cov_251.795559	1	14015	357	11231	80.1356	2.27121	37.7	1.48
NODE_101_length_12031_cov_26.306363	1	12031	10	805	6.69105	0.072147	36.8	0.6
NODE_153_length_7396_cov_5.593380	1	7396	5	452	6.11141	0.0611141	37.5	1
NODE_173_length_6469_cov_774.838478	1	6469	67824	6469	100	922.022	36.9	0.977
NODE_218_length_5084_cov_12194.464307	1	5084	1399601	5084	100	24159.3	36.7	0.992
NODE_4_length_149990_cov_22.694054	1	149990	25427	149814	99.8827	15.1341	37.7	8.42
NODE_11_length_90295_cov_118.359719	1	90295	29102	90264	99.9657	28.2076	36.7	1.05
NODE_14_length_82304_cov_225.187151	1	82304	18	1353	1.64391	0.0164391	33.5	1.06
NODE_17_length_66579_cov_12.543699	1	66579	824	41381	62.1532	1.09577	37	1.26
NODE_28_length_50686_cov_13.389939	1	50686	2	91	0.179537	0.00359074	35.4	1
NODE_33_length_48678_cov_22.032392	1	48678	42	3646	7.49004	0.0754345	35.7	1
NODE_34_length_48295_cov_29.851223	1	48295	378	19188	39.7308	0.671726	35.7	10.5
NODE_39_length_46496_cov_26.700803	1	46496	486	25378	54.581	0.896163	35.9	1.52
NODE_40_length_46294_cov_8.238197	1	46294	232	14567	31.4663	0.430077	36	17.5
NODE_44_length_45871_cov_5.078160	1	45871	1777	43793	95.4699	3.34726	36.1	0.99
NODE_49_length_42667_cov_9.849948	1	42667	369	21782	51.0512	0.764221	37	41.6
NODE_52_length_42307_cov_7.097250	1	42307	1397	38682	91.4317	2.91876	37	1.04
NODE_54_length_41741_cov_10.161829	1	41741	300	19560	46.8604	0.630579	36.5	1.13
NODE_55_length_41584_cov_17.221676	1	41584	1252	35440	85.2251	2.65097	36.9	1.16
NODE_65_length_38961_cov_7.399476	1	38961	121	8992	23.0795	0.276456	37.4	3.69
NODE_66_length_38717_cov_7.546868	1	38717	2177	37121	95.8778	4.6282	34.8	1.44
NODE_68_length_38440_cov_54.510460	1	38440	23	1753	4.56035	0.0520031	35.6	0.957
NODE_69_length_37272_cov_3.102802	1	37272	312	17820	47.8107	0.706509	35.4	17.9
NODE_76_length_34918_cov_18.678370	1	34918	3743	34194	97.9266	9.11736	35.5	4.51
NODE_78_length_34810_cov_11.848741	1	34810	111	3205	9.20712	0.287446	38	0.523
NODE_82_length_32967_cov_14.811011	1	32967	3176	32683	99.1385	8.04147	35.2	1.09
NODE_84_length_32573_cov_4.820715	1	32573	379	18635	57.21	0.99343	35.6	41.6
NODE_85_length_32529_cov_5.865646	1	32529	514	24358	74.8809	1.40705	37	2.81
NODE_86_length_32364_cov_4.582315	1	32364	293	17213	53.1856	0.793227	36.5	16.4
NODE_87_length_32215_cov_15.592506	1	32215	278	16291	50.5696	0.736055	35.3	2.46
NODE_88_length_32149_cov_48.332741	1	32149	3703	31954	99.3934	10.0429	36.3	1.82
NODE_89_length_31829_cov_62.477403	1	31829	17092	31636	99.3936	45.4703	35.3	29.1
NODE_90_length_31247_cov_3.493845	1	31247	132	9357	29.9453	0.37322	37	15
NODE_92_length_30284_cov_3.410831	1	30284	93	6609	21.8234	0.269515	37	15.1
NODE_94_length_29316_cov_3.978435	1	29316	198	13193	45.0027	0.601651	37.3	40.6
NODE_98_length_27642_cov_3.629318	1	27642	311	17022	61.5802	0.977245	36.4	1.38
NODE_99_length_27136_cov_4.809424	1	27136	529	20868	76.9015	1.70511	36.3	3.4
NODE_103_length_25437_cov_4.427586	1	25437	705	22216	87.3373	2.34591	35.4	0.987
NODE_110_length_22758_cov_8.333524	1	22758	8	153	0.672291	0.0308463	36.5	0.875
NODE_114_length_22362_cov_39.010266	1	22362	31	2601	11.6313	0.122172	36.2	1
NODE_119_length_21232_cov_24.778675	1	21232	25	1874	8.8263	0.1039	36.6	0.68
NODE_120_length_20547_cov_20.156207	1	20547	5153	20419	99.377	21.2136	35.4	41.2
NODE_181_length_12451_cov_62.323975	1	12451	361	10655	85.5755	2.58365	37.6	0.978
NODE_214_length_10360_cov_3.570597	1	10360	642	10009	96.612	5.23214	35.4	41.6
NODE_278_length_7396_cov_6.279662	1	7396	3	273	3.69118	0.0369118	37.6	1
NODE_286_length_7275_cov_4.567867	1	7275	375	6902	94.8729	4.55244	36.8	41.3
NODE_309_length_6605_cov_445.087328	1	6605	402	5967	90.3407	5.26313	36.1	8.02
NODE_390_length_5581_cov_3.514839	1	5581	165733	5581	100	2590.23	36.4	1.03
NODE_15_length_35381_cov_29.469003	1	35381	0	0	0	0	0	0
NODE_11_length_37351_cov_3.546841	1	37351	0	0	0	0	0	0
NODE_37_length_23975_cov_6.355811	1	23975	0	0	0	0	0	0
NODE_79_length_8516_cov_194.794823	1	8516	0	0	0	0	0	0
NODE_164_length_6286_cov_3.027283	1	6286	0	0	0	0	0	0
NODE_23_length_41397_cov_28.250593	1	41397	0	0	0	0	0	0
NODE_158_length_8436_cov_3.682138	1	8436	0	0	0	0	0	0
NODE_42_length_41397_cov_33.888709	1	41397	0	0	0	0	0	0
NODE_192_length_8422_cov_5.291144	1	8422	0	0	0	0	0	0
NODE_59_length_37102_cov_7.659028	1	37102	0	0	0	0	0	0
NODE_118_length_18955_cov_3.719365	1	18955	0	0	0	0	0	0
NODE_29_length_50686_cov_11.681381	1	50686	0	0	0	0	0	0
NODE_12_length_38621_cov_4.452264	1	38621	0	0	0	0	0	0
NODE_91_length_8647_cov_3.054702	1	8647	0	0	0	0	0	0
NODE_38_length_39875_cov_5.639704	1	39875	0	0	0	0	0	0
NODE_53_length_30710_cov_4.642636	1	30710	0	0	0	0	0	0
NODE_77_length_34914_cov_4.634499	1	34914	0	0	0	0	0	0
