#rname	startpos	endpos	numreads	covbases	coverage	meandepth	meanbaseq	meanmapq
DAS_Check_Bin_09_k119_41989:3-49450	1	45022	1330	37930	84.2477	2.52095	35.8	41.7
NODE_39_length_37768_cov_25.508657	1	35529	5	426	1.19902	0.0119902	34.1	1
NODE_68_length_36781_cov_8.797283	1	22515	86	6434	28.5765	0.33209	36.4	2.84
NODE_18_length_65286_cov_9.613313	1	61998	25	2033	3.27914	0.0348882	36.7	1
NODE_10_length_44613_cov_10.908120	1	44613	20	1635	3.66485	0.0381503	35.6	1
NODE_13_length_36623_cov_12.491687	1	36623	31	2642	7.21405	0.0748437	36.1	1
NODE_14_length_36060_cov_13.057825	1	36060	2267	34428	95.4742	5.37876	35.7	0.997
NODE_16_length_35370_cov_4.255189	1	35370	91	6878	19.4459	0.223721	36.1	0.978
NODE_18_length_31157_cov_3.163269	1	31157	268	15622	50.1396	0.759316	36.6	0.978
NODE_22_length_23860_cov_5.129553	1	23860	40	3133	13.1308	0.141199	36.1	3.05
NODE_25_length_23308_cov_5.171419	1	23308	26	2130	9.13849	0.0961043	35.7	2.27
NODE_28_length_21720_cov_3.485299	1	21720	21	1682	7.74401	0.0781308	34.9	1
NODE_38_length_13971_cov_7.375898	1	13971	27	2153	15.4105	0.174003	36.6	1
NODE_39_length_13673_cov_7.531429	1	13673	752	12327	90.1558	4.87508	37.2	1.11
NODE_86_length_6245_cov_8.653635	1	6245	9	723	11.5773	0.129384	35.3	1
NODE_88_length_6209_cov_8.324829	1	6209	1705289	6209	100	23973.2	36.4	0.995
NODE_96_length_5842_cov_1098.051840	1	5842	316	4285	73.3482	4.5481	35.6	1.03
NODE_109_length_5407_cov_11252.763079	1	5407	2744	5220	96.5415	44.2595	36.2	1
NODE_120_length_5084_cov_34199.553390	1	5084	19425	5060	99.5279	332.948	36.4	0.998
NODE_2_length_172485_cov_32.775068	1	172485	153	12669	7.34499	0.0767835	36.8	1.12
NODE_6_length_61068_cov_9.739465	1	61068	660	36293	59.4305	0.940722	36.8	0.997
NODE_7_length_58087_cov_6.947994	1	58087	182	14361	24.7233	0.277033	36.8	0.995
NODE_11_length_41469_cov_25.463877	1	41469	544	25773	62.15	1.1519	36.6	0.991
NODE_12_length_40031_cov_3.840454	1	40031	159	9600	23.9814	0.343359	36.1	36
NODE_17_length_37325_cov_319.259539	1	37325	43	3400	9.10918	0.101728	37.3	1
NODE_19_length_36060_cov_32.684877	1	36060	2228	34874	96.711	5.29487	35.7	0.995
NODE_23_length_32292_cov_5.397959	1	32292	113	8412	26.0498	0.300074	35.6	0.991
NODE_24_length_31545_cov_5.801683	1	31545	4	327	1.03661	0.0108734	34	1
NODE_28_length_27475_cov_4.040518	1	27475	56	4389	15.9745	0.17343	35.4	0.929
NODE_30_length_25734_cov_5.275400	1	25734	28	2079	8.07881	0.0965649	37.3	1
NODE_31_length_25359_cov_5.009406	1	25359	92	7079	27.9151	0.321661	36.6	1
NODE_41_length_22305_cov_25.908899	1	22305	217	10730	48.1058	0.834073	35.4	3.31
NODE_42_length_22193_cov_5.490695	1	22193	23	1948	8.77754	0.0894877	35.8	33.2
NODE_48_length_18890_cov_3.341333	1	18890	1	51	0.269984	0.00269984	38.3	1
NODE_52_length_17580_cov_3.189843	1	17580	13	1040	5.91581	0.0639932	35.3	1
NODE_214_length_6245_cov_8.318255	1	6245	8	715	11.4492	0.114492	35.3	1
NODE_217_length_6209_cov_8.798343	1	6209	1643050	6209	100	23108.3	36.4	0.996
NODE_268_length_5407_cov_226.692078	1	5407	2997	5293	97.8916	48.2415	36.1	0.997
NODE_292_length_5084_cov_88208.156095	1	5084	20689	4925	96.8725	354.791	36.4	0.996
NODE_9_length_43915_cov_6.954241	1	43915	15	1274	2.90106	0.030559	36.3	0.933
NODE_10_length_38461_cov_14.877649	1	38461	37	2932	7.62331	0.0818491	36.1	11
NODE_12_length_36623_cov_10.841993	1	36623	43	3608	9.85173	0.100756	36.3	1
NODE_16_length_25443_cov_3.831850	1	25443	59	4794	18.8421	0.199819	35.7	1
NODE_25_length_21201_cov_4.167171	1	21201	31	2410	11.3674	0.128437	36.4	1
NODE_34_length_13780_cov_2.793515	1	13780	34	2558	18.5631	0.208128	35.2	1
NODE_39_length_12439_cov_7.203731	1	12439	29	2322	18.6671	0.20291	35.8	1
NODE_57_length_7439_cov_2.481446	1	7439	4	337	4.53018	0.0487969	35.9	42
NODE_72_length_6209_cov_12.989275	1	6209	1661031	6209	100	23344.5	36.4	0.995
NODE_76_length_5842_cov_1509.613790	1	5842	325	4632	79.2879	4.72013	35.6	0.991
NODE_89_length_5277_cov_5.447721	1	5277	2957	5261	99.6968	48.2357	35.8	0.996
NODE_4_length_238892_cov_6.753413	1	238892	641	43399	18.1668	0.232791	36.1	18.9
NODE_5_length_189738_cov_6.430987	1	189738	843	53538	28.2168	0.385853	36.2	32.8
NODE_10_length_119230_cov_6.136941	1	119230	414	29533	24.7698	0.301703	36.1	1.16
NODE_12_length_90299_cov_8.811644	1	90299	28	2401	2.65894	0.0274422	37.5	42
NODE_13_length_76125_cov_44.994597	1	76125	196	14461	18.9964	0.226207	36.9	0.99
NODE_18_length_62590_cov_137.633981	1	62590	884	40740	65.0903	1.20331	35.5	34.9
NODE_20_length_55983_cov_7.738449	1	55983	445	18990	33.921	0.68469	36	1.27
NODE_24_length_47733_cov_200.310583	1	47733	1077	38880	81.4531	1.98226	36.8	1.13
NODE_32_length_43849_cov_21.327442	1	43849	144	10651	24.2902	0.290771	36.4	0.986
NODE_34_length_42243_cov_6.125960	1	42243	46	3946	9.34119	0.0962763	37	1
NODE_40_length_37489_cov_12.035128	1	37489	32	2483	6.62328	0.0682333	34.9	1
NODE_41_length_37113_cov_5.778240	1	37113	116	8696	23.4311	0.271522	35.8	1
NODE_44_length_36060_cov_186.741564	1	36060	2331	34915	96.8247	5.52418	35.7	0.994
NODE_57_length_28964_cov_3.647964	1	28964	6	462	1.59508	0.0159508	34.5	42
NODE_61_length_27709_cov_4.008787	1	27709	5	382	1.37861	0.0137861	34.7	1
NODE_63_length_26925_cov_11.515333	1	26925	17	1235	4.58682	0.049545	34.7	1.59
NODE_64_length_26668_cov_4.755420	1	26668	4	361	1.35368	0.0135368	35.3	1
NODE_66_length_25532_cov_5.218589	1	25532	470	18549	72.65	1.5893	36.3	1.17
NODE_69_length_23559_cov_18.031867	1	23559	403	13288	56.4031	1.46012	35.9	12.3
NODE_71_length_22160_cov_3.786655	1	22160	19	1582	7.13899	0.0761733	37	1
NODE_94_length_15427_cov_6.269321	1	15427	68	4793	31.0689	0.370065	34.4	41
NODE_95_length_15356_cov_3.584733	1	15356	176	7823	50.9443	0.955001	35.1	2.31
NODE_165_length_6963_cov_2699.768674	1	6963	18	1397	20.0632	0.225334	37.3	1
NODE_180_length_6209_cov_8.318817	1	6209	1662990	6209	100	23381.5	36.4	0.997
NODE_194_length_5842_cov_59.714187	1	5842	466	5240	89.6953	6.80024	35.9	1.32
NODE_203_length_5535_cov_3.585219	1	5535	6	532	9.61156	0.0961156	37.1	35.7
NODE_209_length_5407_cov_424.684417	1	5407	3235	5209	96.3381	52.0573	36.1	0.996
NODE_212_length_5277_cov_13.385101	1	5277	2893	5257	99.621	47.0766	35.8	0.998
NODE_213_length_5084_cov_56753.835156	1	5084	20191	5084	100	345.704	36.4	0.995
NODE_3_length_160031_cov_246.186322	1	160031	125	10502	6.56248	0.0686055	37	0.992
NODE_4_length_135187_cov_5.588891	1	135187	125	9425	6.97182	0.0794825	36.2	0.928
NODE_11_length_82624_cov_5.458404	1	82624	114	9091	11.0029	0.121042	36.5	0.912
NODE_20_length_47234_cov_31.155747	1	47234	586	25411	53.7981	1.07287	35.8	3.95
NODE_22_length_45867_cov_5.463743	1	45867	14	1174	2.55957	0.0255957	34.9	1
NODE_25_length_43849_cov_10.709458	1	43849	114	8755	19.9662	0.229104	36.5	1
NODE_27_length_42291_cov_8.031513	1	42291	45	3470	8.20506	0.0932113	36.5	0.933
NODE_30_length_41337_cov_7.787607	1	41337	131	9553	23.11	0.273097	36.2	1
NODE_33_length_39957_cov_24.373239	1	39957	5694	38799	97.1019	12.3436	36	1.06
NODE_34_length_38904_cov_21.835774	1	38904	40	3303	8.49013	0.0924327	37.3	1
NODE_37_length_37729_cov_6.620083	1	37729	4	326	0.864057	0.00864057	35.8	1
NODE_38_length_37629_cov_17.014451	1	37629	54	4065	10.8028	0.117463	34.7	1
NODE_42_length_35867_cov_6.690467	1	35867	18	1425	3.97301	0.0404829	34.4	42
NODE_43_length_35817_cov_5.543007	1	35817	32	2639	7.36801	0.0778401	36.3	13.8
NODE_46_length_35128_cov_9.695264	1	35128	57	2462	7.00865	0.14339	36.7	29.5
NODE_47_length_34443_cov_6.100820	1	34443	12	1016	2.9498	0.029498	36.9	40.4
NODE_49_length_32550_cov_5.505924	1	32550	32	2348	7.21352	0.0811674	35.5	8.66
NODE_72_length_21497_cov_3.547617	1	21497	2	151	0.702424	0.0084663	36.3	42
NODE_77_length_19576_cov_17.607807	1	19576	130	7740	39.5382	0.550215	35.8	2.58
NODE_210_length_6209_cov_9.798343	1	6209	1677621	6209	100	23603.8	36.4	0.995
NODE_243_length_5277_cov_12.775565	1	5277	3006	5262	99.7157	49.0984	35.9	0.997
NODE_249_length_5084_cov_78920.386956	1	5084	20697	5083	99.9803	354.456	36.4	0.999
NODE_1_length_164730_cov_5.305092	1	164730	536	37969	23.0492	0.280665	36	9.44
NODE_2_length_124404_cov_11.033221	1	124404	3961	114430	91.9826	2.82315	37.4	1.01
NODE_4_length_117427_cov_5.768318	1	117427	104	7941	6.7625	0.0780911	36.7	1
NODE_8_length_96678_cov_134.288192	1	96678	80	7063	7.3057	0.0735328	36.9	1
NODE_28_length_43893_cov_22.428281	1	43893	92	7157	16.3056	0.183537	36.4	0.978
NODE_29_length_42291_cov_14.926058	1	42291	45	3535	8.35875	0.0950557	36.4	1
NODE_33_length_37337_cov_16.555415	1	37337	452	19584	52.452	1.04548	35.9	3.14
NODE_34_length_37325_cov_110.555514	1	37325	34	2845	7.62224	0.0816611	36.6	1
NODE_38_length_36114_cov_4.509720	1	36114	140	10167	28.1525	0.339757	36.2	1
NODE_39_length_36060_cov_13.462408	1	36060	2244	34454	95.5463	5.3305	35.8	0.993
NODE_48_length_30963_cov_4.644332	1	30963	490	7591	24.5164	1.42147	37.7	0.992
NODE_54_length_29179_cov_6.736266	1	29179	58	4588	15.7236	0.169266	36.1	1
NODE_66_length_21974_cov_4.464985	1	21974	10	712	3.24019	0.0356785	34.3	1
NODE_181_length_6454_cov_8661.914049	1	6454	306	2178	33.7465	4.16641	36.6	0.993
NODE_228_length_5277_cov_15.499043	1	5277	2869	5275	99.9621	46.8681	35.9	0.997
NODE_232_length_5084_cov_53965.325313	1	5084	20283	5083	99.9803	347.063	36.4	1
NODE_2_length_164227_cov_5.664328	1	164227	325	23592	14.3655	0.171214	36.1	0.938
NODE_17_length_61395_cov_5.757956	1	61395	92	6944	11.3104	0.129652	35.9	0.891
NODE_26_length_47746_cov_5.112222	1	47746	388	6840	14.3258	0.72892	37.8	1.21
NODE_31_length_42291_cov_15.102069	1	42291	37	3118	7.37273	0.0764938	36	1
NODE_44_length_30436_cov_7.486422	1	30436	2	182	0.597976	0.00597976	39.5	40
NODE_48_length_29632_cov_4.402171	1	29632	19	1580	5.33207	0.0533207	34.7	1
NODE_50_length_28964_cov_4.022381	1	28964	2	182	0.628366	0.00628366	38.5	1
NODE_51_length_27921_cov_3.034092	1	27921	8	635	2.27427	0.0227427	34.5	1
NODE_55_length_25017_cov_5.657880	1	25017	8	694	2.77411	0.0289403	37.3	1
NODE_56_length_24833_cov_5.809872	1	24833	42	3508	14.1264	0.149438	36.9	1
NODE_97_length_12527_cov_5.050513	1	12527	64	4078	32.5537	0.454698	36.9	1.45
NODE_184_length_5277_cov_11.715818	1	5277	2997	5272	99.9052	48.8924	35.8	0.995
NODE_193_length_5034_cov_15.769632	1	5034	269	4765	94.6563	4.61839	36	18
NODE_1_length_114607_cov_10.147007	1	114607	161	13013	11.3545	0.123099	36.7	0.969
NODE_4_length_36816_cov_7.960991	1	36816	116	8404	22.827	0.265808	35.8	1
NODE_5_length_36230_cov_4.885114	1	36230	14	1268	3.49986	0.0349986	37.4	42
NODE_10_length_27385_cov_7.189535	1	27385	38	3018	11.0206	0.124594	37	1
NODE_11_length_26673_cov_11.045683	1	26673	168	10443	39.152	0.531249	35.4	0.994
NODE_20_length_17239_cov_6.178596	1	17239	55	4171	24.1951	0.282267	35.5	1
NODE_86_length_6209_cov_9.690445	1	6209	1672453	6209	100	23523.5	36.4	0.995
NODE_124_length_5277_cov_25.805247	1	5277	3024	5275	99.9621	49.5099	35.9	1.02
NODE_1_length_167064_cov_31.023334	1	167064	223	17452	10.4463	0.116835	36.8	1
NODE_7_length_61042_cov_7.357896	1	61042	590	33547	54.9572	0.840798	36.6	1.08
NODE_11_length_50106_cov_8.639548	1	50106	165	12059	24.067	0.279627	35.5	1.5
NODE_13_length_47685_cov_12.449024	1	47685	1264	41884	87.8347	2.3291	36.7	0.998
NODE_14_length_46328_cov_8.666393	1	46328	77	6181	13.3418	0.143995	35.6	0.987
NODE_26_length_33164_cov_59.471171	1	33164	2827	32596	98.2873	7.60321	37.5	0.991
NODE_27_length_32852_cov_6.310150	1	32852	14	1160	3.53099	0.0353099	35.7	1
NODE_29_length_31681_cov_4.792196	1	31681	4	271	0.855402	0.00855402	34	1
NODE_32_length_29822_cov_3.040481	1	29822	43	3379	11.3306	0.122661	35.2	7.53
NODE_37_length_23975_cov_6.355811	1	23975	454	18458	76.9885	1.63441	35.9	1.07
NODE_79_length_8516_cov_194.794823	1	8516	2	160	1.87882	0.0187882	36.1	1
NODE_109_length_6469_cov_258.754599	1	6469	2464	6466	99.9536	33.5707	36.6	0.998
NODE_117_length_6209_cov_39356.593760	1	6209	1647103	6209	100	23144.7	36.4	0.996
NODE_131_length_5556_cov_340.263043	1	5556	480	5542	99.748	7.39435	35.6	0.994
NODE_139_length_5354_cov_334.782412	1	5354	101	4055	75.7378	1.57527	35.5	0.931
NODE_147_length_5084_cov_13961.725393	1	5084	29241	5084	100	502.448	36.4	0.997
NODE_3_length_123329_cov_12.346099	1	123329	4050	113405	91.9532	2.91481	37.3	0.992
NODE_6_length_84822_cov_16.799037	1	84822	1724	65335	77.026	1.79958	37.1	1.5
NODE_7_length_82293_cov_17.234271	1	82293	206	15462	18.789	0.211379	35.2	1
NODE_13_length_50138_cov_17.827646	1	50138	162	10687	21.3152	0.273226	35.4	2.01
NODE_17_length_47511_cov_6.251033	1	47511	9	781	1.64383	0.0164383	35.9	1
NODE_22_length_41227_cov_3.669387	1	41227	126	9711	23.555	0.268659	36.3	0.976
NODE_24_length_39433_cov_10.753847	1	39433	1033	33542	85.0607	2.28443	36.1	22
NODE_34_length_29970_cov_6.653919	1	29970	39	3197	10.6673	0.114314	36	0.949
NODE_36_length_28663_cov_6.412088	1	28663	45	3593	12.5353	0.138367	36.1	0.978
NODE_39_length_25023_cov_3.154598	1	25023	51	3992	15.9533	0.175998	36	0.961
NODE_41_length_24643_cov_3.795713	1	24643	16	1256	5.09678	0.0525504	33.8	1
NODE_42_length_24457_cov_5.553315	1	24457	173	9534	38.9827	0.617983	36.3	0.965
NODE_46_length_21332_cov_3.397377	1	21332	73	5314	24.9109	0.294159	35.5	1
NODE_52_length_17163_cov_9.937398	1	17163	34	2739	15.9587	0.168735	35.6	1
NODE_119_length_6469_cov_423.735111	1	6469	2465	6462	99.8918	33.4174	36.6	0.996
NODE_133_length_5840_cov_3038.520311	1	5840	2085	5830	99.8288	31.1178	36.1	2.45
NODE_140_length_5469_cov_7.356114	1	5469	5782	5468	99.9817	85.889	34.3	41.9
NODE_1_length_157272_cov_245.867635	1	157272	189	15390	9.78559	0.106542	37.2	0.995
NODE_3_length_116508_cov_7.831949	1	116508	130	10755	9.23113	0.0996069	36.7	0.992
NODE_5_length_78818_cov_6.835964	1	78818	662	34265	43.4736	0.727511	36.2	25.9
NODE_8_length_61519_cov_6.420002	1	61519	64	5240	8.51769	0.0892732	36.1	1.16
NODE_11_length_55539_cov_10.359851	1	55539	98	7831	14.1	0.153496	35.7	6.82
NODE_12_length_54742_cov_5.935359	1	54742	334	22139	40.4424	0.536919	36.5	14.6
NODE_15_length_49707_cov_409.118646	1	49707	2718	47731	96.0247	4.72231	36	4.16
NODE_19_length_46049_cov_20.145976	1	46049	2	119	0.25842	0.0025842	30.8	1
NODE_31_length_37539_cov_17.903879	1	37539	14	1225	3.26327	0.0326327	35.5	1
NODE_32_length_37308_cov_5.588865	1	37308	75	6041	16.1922	0.176852	36.5	3.51
NODE_38_length_34710_cov_5.008022	1	34710	19	1510	4.35033	0.0466436	35.5	1
NODE_39_length_34383_cov_15.503059	1	34383	37	3029	8.80959	0.0927202	36.1	24.3
NODE_40_length_33198_cov_25.854600	1	33198	166	11591	34.9148	0.440237	36.6	1.02
NODE_41_length_33019_cov_71.818742	1	33019	18	1452	4.39747	0.0463975	36.4	0.889
NODE_42_length_30783_cov_6.353228	1	30783	43	3480	11.3049	0.121138	36.2	1
NODE_43_length_30206_cov_3.324367	1	30206	22	1870	6.19082	0.0659803	37	42
NODE_51_length_25704_cov_4.962455	1	25704	27	2312	8.99471	0.0916589	35.6	1
NODE_68_length_16862_cov_6.336764	1	16862	438	14295	84.7764	2.15099	35.1	2.92
NODE_157_length_6469_cov_65.568288	1	6469	2495	6459	99.8454	33.8935	36.6	0.998
NODE_164_length_6286_cov_3.027283	1	6286	4	323	5.1384	0.056952	33.5	33
NODE_186_length_5556_cov_469.135975	1	5556	482	5533	99.586	7.48326	35.7	1
NODE_193_length_5407_cov_407.749626	1	5407	5342	5403	99.926	85.9719	36.1	1.41
NODE_194_length_5354_cov_104.200415	1	5354	122	4563	85.226	1.94098	35.5	0.918
NODE_196_length_5277_cov_172.009958	1	5277	2889	5269	99.8484	47.407	35.9	0.997
NODE_4_length_95966_cov_30.590652	1	95966	6533	93170	97.0865	5.9416	36.4	3.02
NODE_6_length_82210_cov_5.532554	1	82210	198	14507	17.6463	0.205048	35.1	0.98
NODE_11_length_50594_cov_377.385821	1	50594	21911	50583	99.9783	37.6743	36.2	1.19
NODE_15_length_36350_cov_5.563659	1	36350	948	31282	86.0578	2.28993	36.7	1
NODE_16_length_36268_cov_5.202911	1	36268	46	4046	11.1558	0.113792	36.8	1
NODE_17_length_36060_cov_30.766366	1	36060	2397	35203	97.6234	5.70067	35.8	0.994
NODE_22_length_25354_cov_3.861378	1	25354	39	3309	13.0512	0.134022	36.1	1
NODE_25_length_22867_cov_5.385543	1	22867	34	2797	12.2316	0.128876	35.7	1
NODE_4_length_50595_cov_67.659972	1	50595	21669	50591	99.9921	37.3247	36.2	0.993
NODE_9_length_29359_cov_4.137114	1	29359	1128	27999	95.3677	3.30713	36.1	1.22
NODE_22_length_12612_cov_2.735526	1	12612	508	11517	91.3178	3.37179	35	2.07
NODE_3_length_50595_cov_82.409794	1	50595	21140	50593	99.996	36.408	36.2	0.993
NODE_5_length_44363_cov_4.177530	1	44363	2374	42455	95.6991	4.61319	36	1.37
NODE_7_length_36147_cov_14.136346	1	36147	2741	35492	98.188	6.47915	35.7	1.23
NODE_18_length_15213_cov_9.438580	1	15213	4335	15213	100	25.0874	36.7	41.7
NODE_47_length_5840_cov_40.463440	1	5840	2098	5836	99.9315	31.1257	36	1.19
NODE_51_length_5556_cov_13.876568	1	5556	480	5538	99.676	7.43485	35.7	1
NODE_57_length_5407_cov_151.267377	1	5407	5744	5403	99.926	92.5423	36.2	1.05
NODE_62_length_5084_cov_1208.538278	1	5084	30435	5084	100	522.37	36.4	0.996
NODE_2_length_148288_cov_23.186888	1	148288	1289	73971	49.8833	0.77071	37.3	14.2
NODE_6_length_84805_cov_14.802077	1	84805	1849	66209	78.072	1.93443	37.1	1.1
NODE_24_length_41128_cov_5.105933	1	41128	41	3513	8.54163	0.0877018	36.3	1
NODE_25_length_41104_cov_10.069039	1	41104	220	14255	34.6803	0.473652	36.4	1.3
NODE_35_length_36642_cov_6.903080	1	36642	38	3095	8.44659	0.0903881	35.6	1
NODE_42_length_32103_cov_4.370444	1	32103	406	21345	66.4891	1.10348	36.4	41.7
NODE_45_length_29051_cov_4.288419	1	29051	29	2570	8.84651	0.0893257	36.5	1
NODE_47_length_27680_cov_4.110081	1	27680	153	10003	36.138	0.469473	36	1
NODE_51_length_25928_cov_4.825185	1	25928	6	467	1.80114	0.0180114	34.5	1
NODE_54_length_22851_cov_9.800140	1	22851	778	20076	87.8561	2.90302	35.8	1
NODE_102_length_12697_cov_5.155751	1	12697	39	2708	21.3279	0.26967	36.8	4.74
NODE_209_length_6209_cov_65496.679721	1	6209	1723290	6209	100	24227.9	36.4	1.19
NODE_235_length_5556_cov_134.878749	1	5556	496	5507	99.1181	7.65335	35.6	1
NODE_249_length_5277_cov_379.647453	1	5277	2903	5272	99.9052	47.4294	35.9	0.996
NODE_4_length_133646_cov_16.294571	1	133646	2177	92384	69.1259	1.42251	36.2	16.6
NODE_7_length_115553_cov_35.746429	1	115553	843	52087	45.0763	0.644579	37.3	0.986
NODE_18_length_57319_cov_76.520624	1	57319	1333	45298	79.0279	2.01151	36	0.996
NODE_24_length_50596_cov_1234.024079	1	50596	21680	50595	99.998	37.3053	36.2	0.992
NODE_35_length_43849_cov_26.763073	1	43849	78	6240	14.2307	0.152934	36.3	0.987
NODE_38_length_43069_cov_9.555959	1	43069	166	11833	27.4745	0.332467	36.3	1.06
NODE_42_length_41397_cov_33.888709	1	41397	2	181	0.43723	0.0043723	38.4	1
NODE_49_length_38057_cov_4.796748	1	38057	149	10446	27.4483	0.344746	36.7	15.3
NODE_51_length_37849_cov_4.749140	1	37849	33	2831	7.47972	0.0768845	36	0.97
NODE_53_length_36807_cov_5.676671	1	36807	91	6715	18.2438	0.20871	35.5	23.1
NODE_61_length_31489_cov_8.070020	1	31489	124	8905	28.2797	0.343644	37.2	1.27
NODE_63_length_27891_cov_6.995761	1	27891	166	10479	37.5713	0.517766	36.4	16.1
NODE_64_length_27677_cov_8.435522	1	27677	24	1985	7.17202	0.0717202	35.7	1.38
NODE_69_length_26777_cov_5.823441	1	26777	42	2933	10.9534	0.124472	34.5	2.95
NODE_76_length_25339_cov_4.381387	1	25339	25	1983	7.82588	0.0860334	36.3	1
NODE_77_length_25099_cov_4.340960	1	25099	72	5124	20.4152	0.244671	35.6	7.39
NODE_78_length_24488_cov_6.858102	1	24488	107	7022	28.6753	0.375082	35.7	42
NODE_80_length_24274_cov_3.099385	1	24274	21	1390	5.72629	0.0744418	35.5	39
NODE_86_length_22502_cov_3.552991	1	22502	15	1198	5.32397	0.0562617	36.4	20.1
NODE_101_length_17827_cov_4.586484	1	17827	101	6469	36.2877	0.489875	35.1	3.61
NODE_110_length_17112_cov_3.368119	1	17112	34	2701	15.7842	0.172627	35.4	1
NODE_192_length_8422_cov_5.291144	1	8422	2	151	1.79292	0.0179292	34.6	1
NODE_229_length_6678_cov_5.842066	1	6678	13	1109	16.6068	0.171159	37.4	1
NODE_261_length_5874_cov_27.383915	1	5874	101	4030	68.6074	1.47208	35.6	0.97
NODE_4_length_127150_cov_117.090247	1	127150	4219	116867	91.9127	2.94983	37.4	1.11
NODE_7_length_88941_cov_46.993812	1	88941	673	40249	45.2536	0.674211	37.5	24
NODE_11_length_72839_cov_23.773563	1	72839	412	26305	36.1139	0.479606	35.5	41.6
NODE_21_length_59130_cov_12.292323	1	59130	156	12165	20.5733	0.231591	36.7	0.981
NODE_23_length_57177_cov_114.389377	1	57177	1306	45748	80.0112	1.97887	36	1.05
NODE_28_length_50596_cov_1491.292179	1	50596	21522	50593	99.9941	37.0648	36.2	0.993
NODE_30_length_49587_cov_4.531979	1	49587	88	7093	14.3042	0.156089	36.1	0.92
NODE_35_length_46803_cov_6.051467	1	46803	271	17112	36.5618	0.501656	35.9	21.2
NODE_36_length_46752_cov_29.126753	1	46752	40	3304	7.06708	0.0730878	35.4	2.02
NODE_39_length_43620_cov_4.962217	1	43620	125	9885	22.6616	0.251215	36.6	1
NODE_40_length_43084_cov_6.633898	1	43084	104	7597	17.633	0.207386	35	0.99
NODE_45_length_40665_cov_4.748239	1	40665	40	3313	8.14706	0.0828477	36.1	1
NODE_50_length_39226_cov_10.101606	1	39226	2337	38364	97.8025	5.21157	36.5	41.6
NODE_56_length_37457_cov_9.262072	1	37457	20	1682	4.49048	0.0473877	35.1	6.1
NODE_58_length_37241_cov_46.337493	1	37241	243	15896	42.6841	0.57144	36.5	1.54
NODE_59_length_37102_cov_7.659028	1	37102	190	12348	33.2812	0.437146	35.7	0.984
NODE_60_length_36992_cov_10.212497	1	36992	192	11743	31.7447	0.455044	36.3	23.3
NODE_64_length_33972_cov_8.070260	1	33972	73	5439	16.0102	0.188273	36.5	41.3
NODE_68_length_32950_cov_15.789907	1	32950	53	4290	13.0197	0.138088	35.8	1
NODE_75_length_29643_cov_5.344836	1	29643	191	12874	43.4302	0.575347	37.4	41.8
NODE_76_length_29309_cov_5.208553	1	29309	60	4396	14.9988	0.172336	36.1	9.2
NODE_77_length_28348_cov_7.729650	1	28348	109	7559	26.665	0.340694	37.2	0.972
NODE_80_length_27821_cov_14.253908	1	27821	1237	25462	91.5208	3.85389	35.9	3.26
NODE_90_length_25254_cov_6.697329	1	25254	63	4711	18.6545	0.212164	35.8	1
NODE_92_length_24473_cov_5.235728	1	24473	22	1782	7.28149	0.0781678	36.4	1
NODE_98_length_23476_cov_4.904359	1	23476	23	1912	8.14449	0.0888141	36.7	20.6
NODE_107_length_20703_cov_32.120399	1	20703	113	7863	37.98	0.472589	35.6	0.973
NODE_118_length_18955_cov_3.719365	1	18955	6	532	2.80665	0.0280665	36.2	42
NODE_119_length_18951_cov_5.567686	1	18951	17	1394	7.35581	0.076988	35.4	1
NODE_127_length_17877_cov_5.437717	1	17877	12	1011	5.65531	0.0606366	36.9	42
NODE_337_length_5407_cov_169.755419	1	5407	5103	5407	100	82.5005	36.2	0.997
NODE_345_length_5277_cov_154.251628	1	5277	2990	5257	99.621	49.0252	35.9	0.994
NODE_17_length_37229_cov_5.527304	1	37229	626	27581	74.0847	1.47979	36.6	1.13
NODE_35_length_16708_cov_7.810064	1	16708	690	15190	90.9145	3.43877	35.1	2.56
NODE_79_length_6268_cov_7.561404	1	6268	10	765	12.2049	0.144384	36.4	1
NODE_1_length_167064_cov_29.887916	1	167064	228	17950	10.7444	0.11896	36.8	1.09
NODE_2_length_128004_cov_9.723710	1	128004	131	10884	8.50286	0.0897472	36.8	0.977
NODE_9_length_50597_cov_221.425567	1	50597	21835	50572	99.9506	37.5959	36.2	1.02
NODE_15_length_44579_cov_4.400862	1	44579	7	605	1.35714	0.0141771	36.7	1
NODE_25_length_26906_cov_5.574876	1	26906	26	1974	7.33665	0.080837	35.1	1
NODE_66_length_7415_cov_2.395924	1	7415	2	138	1.86109	0.0186109	33.7	1
NODE_81_length_6245_cov_24.756704	1	6245	6	523	8.3747	0.083747	35.2	1
NODE_98_length_5354_cov_128.256463	1	5354	122	4282	79.9776	1.95405	35.9	0.943
NODE_14_length_82374_cov_240.205894	1	82374	232	16924	20.5453	0.241023	35.1	1
NODE_21_length_64073_cov_37.552313	1	64073	18	1520	2.37229	0.0241755	36.3	14.7
NODE_22_length_61496_cov_10.163685	1	61496	55	4539	7.38097	0.0777774	35.8	0.982
NODE_27_length_56163_cov_10.570810	1	56163	282	18132	32.2846	0.436586	36.5	1.21
NODE_29_length_50686_cov_11.681381	1	50686	283	18422	36.3453	0.458036	34.7	0.996
NODE_34_length_49123_cov_12.946462	1	49123	49	4021	8.18557	0.0866804	35.3	25.3
NODE_35_length_48678_cov_17.660634	1	48678	23	1987	4.08193	0.0412301	36.3	0.957
NODE_36_length_48286_cov_161.551720	1	48286	4697	47561	98.4985	8.64992	37.5	10.5
NODE_41_length_46049_cov_22.527873	1	46049	4	323	0.701427	0.00701427	34.1	1
NODE_42_length_46014_cov_7.064688	1	46014	166	12070	26.2311	0.309754	36.1	0.952
NODE_44_length_45313_cov_24.797539	1	45313	2	182	0.401651	0.00401651	37.4	1
NODE_45_length_44530_cov_6.085261	1	44530	20	1616	3.62901	0.0365147	34.7	5.1
NODE_50_length_42455_cov_9.957995	1	42455	183	12833	30.2273	0.367731	35.3	5.48
NODE_54_length_41545_cov_23.951314	1	41545	152	11694	28.1478	0.325141	36.7	1.26
NODE_56_length_41017_cov_5.694693	1	41017	44	3354	8.1771	0.0860375	35.1	41.1
NODE_58_length_39387_cov_195.566714	1	39387	6358	38720	98.3065	14.0223	36	2.3
NODE_66_length_37340_cov_6.786992	1	37340	2	182	0.487413	0.00487413	38.1	1
NODE_74_length_32607_cov_43.428176	1	32607	17	1464	4.48983	0.0448983	36.2	1
NODE_76_length_32402_cov_4.278047	1	32402	25	2236	6.90081	0.0690081	37	4.16
NODE_85_length_29888_cov_3.843428	1	29888	67	5198	17.3916	0.191247	35.8	0.985
NODE_86_length_29401_cov_5.339501	1	29401	24	1802	6.12904	0.0666304	35.2	4.42
NODE_90_length_26510_cov_4.099074	1	26510	4	361	1.36175	0.0136175	36.7	1
NODE_91_length_25386_cov_3.813628	1	25386	61	4787	18.8569	0.203419	35.6	0.934
NODE_98_length_23399_cov_4.973441	1	23399	19	1572	6.71824	0.0702594	37.2	1
NODE_99_length_23338_cov_3.337113	1	23338	106	7244	31.0395	0.399434	37.2	1.77
NODE_100_length_23190_cov_23.457402	1	23190	131	8411	36.2699	0.495257	36.5	0.985
NODE_102_length_22820_cov_4.048935	1	22820	15	1333	5.84137	0.0586766	36.4	1
NODE_137_length_15986_cov_191.716590	1	15986	1034	14841	92.8375	5.73677	36.9	4.65
NODE_142_length_15505_cov_266.883107	1	15505	481	12845	82.8442	2.67411	35.9	9.01
NODE_394_length_5277_cov_264.588280	1	5277	2982	5273	99.9242	48.6782	35.8	0.997
NODE_2_length_111600_cov_9.640486	1	111600	3597	102037	91.431	2.84864	37.3	0.989
NODE_9_length_45523_cov_3.740213	1	45523	764	34157	75.0324	1.47666	36.9	1.01
NODE_11_length_38676_cov_4.256959	1	38676	606	28401	73.4331	1.36436	36.2	1
NODE_12_length_38621_cov_4.452264	1	38621	2	181	0.468657	0.00468657	36.1	1
NODE_14_length_36134_cov_22.605782	1	36134	2458	35527	98.3201	5.8151	35.7	1.01
NODE_16_length_32623_cov_3.888142	1	32623	836	28271	86.6597	2.25114	37	0.984
NODE_23_length_22286_cov_4.358508	1	22286	34	2933	13.1607	0.135242	36.7	1
NODE_25_length_20188_cov_3.698455	1	20188	739	18536	91.8169	3.13726	35.9	0.992
NODE_50_length_10983_cov_6.236914	1	10983	336	9780	89.0467	2.67459	36.1	1.09
NODE_97_length_5840_cov_82.570614	1	5840	2127	5829	99.8116	31.6497	36	1.61
NODE_1_length_291783_cov_17.309309	1	291783	10	646	0.221397	0.00296453	34.5	0
NODE_5_length_146551_cov_138.816527	1	146551	9091	142543	97.2651	5.40345	36.4	1.02
NODE_9_length_107083_cov_7.960225	1	107083	3608	99628	93.0381	2.98166	37.3	0.989
NODE_18_length_51491_cov_4.309861	1	51491	43	3596	6.98374	0.0718378	35.8	0.953
NODE_23_length_46505_cov_8.013886	1	46505	80	6066	13.0438	0.146006	35.8	2.15
NODE_28_length_40659_cov_13.346394	1	40659	63	5067	12.4622	0.133574	35.9	1
NODE_34_length_37084_cov_5.937697	1	37084	158	10655	28.7321	0.365036	36	0.987
NODE_37_length_29802_cov_5.098867	1	29802	52	4011	13.4588	0.154352	36.5	1
NODE_39_length_28630_cov_5.069326	1	28630	652	23599	82.4275	1.94729	35.7	1.06
NODE_44_length_27445_cov_5.378131	1	27445	39	3162	11.5212	0.126726	36.5	1
NODE_46_length_25582_cov_5.547381	1	25582	24	2022	7.90399	0.0805645	36.3	0.917
NODE_48_length_24386_cov_133.440549	1	24386	1278	21467	88.03	4.62183	36.6	41.7
NODE_63_length_14529_cov_5.416955	1	14529	319	11890	81.8363	1.8165	34.9	2.37
NODE_85_length_9810_cov_429.929062	1	9810	2290	6605	67.3293	20.6212	36.7	0.996
NODE_122_length_6209_cov_70622.697433	1	6209	1669004	6209	100	23468.6	36.4	0.996
NODE_136_length_5744_cov_864.749341	1	5744	114	4675	81.3893	1.70073	35.7	3.95
NODE_147_length_5556_cov_89.738411	1	5556	529	5526	99.46	8.17099	35.6	0.991
NODE_2_length_167110_cov_64.689713	1	167110	210	17477	10.4584	0.110454	36.9	0.995
NODE_4_length_142877_cov_8.785747	1	142877	4	364	0.254765	0.00254765	38.8	1
NODE_5_length_139191_cov_8.620788	1	139191	13	892	0.640846	0.00788844	36.2	0.615
NODE_21_length_49714_cov_4.278741	1	49714	49	4165	8.37792	0.0846643	36.3	1
NODE_26_length_46532_cov_8.982421	1	46532	197	13912	29.8977	0.364029	36.3	1.02
NODE_28_length_46427_cov_14.788256	1	46427	72	5319	11.4567	0.13098	35.7	0.986
NODE_29_length_46367_cov_11.001188	1	46367	51	3889	8.38743	0.0930619	35.6	0.961
NODE_30_length_46266_cov_83.710480	1	46266	928	36146	78.1265	1.77865	37.2	0.988
NODE_31_length_43850_cov_11.756000	1	43850	90	6697	15.2725	0.176465	36.6	1.22
NODE_32_length_43436_cov_7.077891	1	43436	16	1328	3.05737	0.0314716	36.8	1
NODE_35_length_40899_cov_23.333831	1	40899	37	3003	7.34248	0.0799042	35.8	0.973
NODE_38_length_39875_cov_5.639704	1	39875	213	13839	34.706	0.433279	34.5	0.995
NODE_46_length_36623_cov_13.706793	1	36623	49	4181	11.4163	0.116211	36.5	1
NODE_49_length_32431_cov_3.692241	1	32431	128	9338	28.7934	0.34134	36.5	1
NODE_54_length_30192_cov_5.904702	1	30192	12	1043	3.45456	0.0345456	35	1
NODE_55_length_29701_cov_27.068205	1	29701	2	121	0.407394	0.00612774	36.5	33
NODE_56_length_28912_cov_8.397962	1	28912	90	6384	22.0808	0.262037	35.1	17
NODE_58_length_27890_cov_4.360841	1	27890	10	845	3.02976	0.0302976	35.8	1
NODE_60_length_25063_cov_6.534149	1	25063	8	669	2.66927	0.0280892	35.8	1
NODE_87_length_14015_cov_251.795559	1	14015	83	5903	42.1192	0.524866	37.6	2.48
NODE_173_length_6469_cov_774.838478	1	6469	2464	6460	99.8609	33.5715	36.6	0.998
NODE_218_length_5084_cov_12194.464307	1	5084	28140	5084	100	482.459	36.4	0.997
NODE_4_length_149990_cov_22.694054	1	149990	5395	140348	93.5716	3.19375	37.4	9.88
NODE_11_length_90295_cov_118.359719	1	90295	4246	86120	95.3763	4.08035	36.4	1.05
NODE_14_length_82304_cov_225.187151	1	82304	269	19278	23.4229	0.277775	35.1	1.01
NODE_17_length_66579_cov_12.543699	1	66579	235	16938	25.4405	0.309572	36.5	1.14
NODE_28_length_50686_cov_13.389939	1	50686	338	20758	40.9541	0.538689	34.6	0.994
NODE_33_length_48678_cov_22.032392	1	48678	17	1387	2.84934	0.0284934	34.8	1
NODE_34_length_48295_cov_29.851223	1	48295	43	3345	6.92618	0.0759499	35.5	2.91
NODE_39_length_46496_cov_26.700803	1	46496	61	4891	10.5192	0.111945	35.6	3.46
NODE_40_length_46294_cov_8.238197	1	46294	1175	38609	83.3996	2.17095	35.8	17.4
NODE_44_length_45871_cov_5.078160	1	45871	22	1797	3.91751	0.0414641	36	1
NODE_49_length_42667_cov_9.849948	1	42667	73	5781	13.5491	0.150327	37	42
NODE_52_length_42307_cov_7.097250	1	42307	49	3902	9.22306	0.100433	35.8	0.98
NODE_54_length_41741_cov_10.161829	1	41741	156	11658	27.9294	0.324813	36.1	1
NODE_55_length_41584_cov_17.221676	1	41584	719	30288	72.8357	1.51275	36.5	1.55
NODE_65_length_38961_cov_7.399476	1	38961	8	633	1.6247	0.0179154	37.9	11.2
NODE_66_length_38717_cov_7.546868	1	38717	5	388	1.00214	0.0100214	33	1
NODE_68_length_38440_cov_54.510460	1	38440	51	4072	10.5931	0.113736	35.6	0.922
NODE_69_length_37272_cov_3.102802	1	37272	109	7917	21.2411	0.253461	35.2	12.8
NODE_76_length_34918_cov_18.678370	1	34918	2	164	0.469672	0.00469672	33.3	1
NODE_77_length_34914_cov_4.634499	1	34914	25	2086	5.97468	0.063413	35.5	42
NODE_78_length_34810_cov_11.848741	1	34810	2	182	0.522838	0.00522838	39.5	1
NODE_82_length_32967_cov_14.811011	1	32967	42	3100	9.40334	0.102587	34.9	1
NODE_84_length_32573_cov_4.820715	1	32573	61	4434	13.6125	0.155835	35.1	42
NODE_85_length_32529_cov_5.865646	1	32529	34	2831	8.703	0.0922561	36.3	5.82
NODE_86_length_32364_cov_4.582315	1	32364	14	1065	3.29069	0.0379125	36.5	6.86
NODE_87_length_32215_cov_15.592506	1	32215	18	1338	4.15334	0.0439547	33.5	1
NODE_88_length_32149_cov_48.332741	1	32149	14	1222	3.80105	0.0388504	36.4	1
NODE_89_length_31829_cov_62.477403	1	31829	288	14661	46.0618	0.73587	34.7	25.4
NODE_92_length_30284_cov_3.410831	1	30284	104	7956	26.2713	0.302569	36.7	13
NODE_98_length_27642_cov_3.629318	1	27642	33	2821	10.2055	0.106649	36.2	1
NODE_99_length_27136_cov_4.809424	1	27136	17	1514	5.5793	0.055793	36.1	1.59
NODE_103_length_25437_cov_4.427586	1	25437	32	2698	10.6066	0.110862	35.3	1
NODE_110_length_22758_cov_8.333524	1	22758	106	7036	30.9166	0.388742	35.3	0.934
NODE_114_length_22362_cov_39.010266	1	22362	13	1126	5.03533	0.051829	35.5	1
NODE_119_length_21232_cov_24.778675	1	21232	98	6732	31.7069	0.401234	35.9	0.98
NODE_120_length_20547_cov_20.156207	1	20547	546	15807	76.9309	2.19993	34.9	41.4
NODE_181_length_12451_cov_62.323975	1	12451	76	5208	41.828	0.542366	36.6	1
NODE_214_length_10360_cov_3.570597	1	10360	18	1395	13.4653	0.141023	35.2	39.9
NODE_286_length_7275_cov_4.567867	1	7275	4	311	4.27491	0.0427491	32.4	27.8
NODE_309_length_6605_cov_445.087328	1	6605	173	5858	88.6904	2.21181	35.7	7.5
NODE_21_length_46020_cov_7.992255	1	44173	0	0	0	0	0	0
DAS_Check_Bin_01_k119_158026:3-190576	1	190574	0	0	0	0	0	0
DAS_Check_Bin_01_k119_45347:194-20015	1	19822	0	0	0	0	0	0
DAS_Check_Bin_07_k119_159765:247-42184	1	41938	0	0	0	0	0	0
NODE_15_length_35381_cov_29.469003	1	35381	0	0	0	0	0	0
NODE_99_length_5721_cov_1061.804977	1	5721	0	0	0	0	0	0
NODE_102_length_5581_cov_15638.208288	1	5581	0	0	0	0	0	0
NODE_104_length_5514_cov_1878.878732	1	5514	0	0	0	0	0	0
NODE_105_length_5492_cov_29.344308	1	5492	0	0	0	0	0	0
NODE_258_length_5581_cov_2813.330800	1	5581	0	0	0	0	0	0
NODE_262_length_5514_cov_38.326067	1	5514	0	0	0	0	0	0
NODE_7_length_46020_cov_16.937757	1	46020	0	0	0	0	0	0
NODE_11_length_37351_cov_3.546841	1	37351	0	0	0	0	0	0
NODE_14_length_35381_cov_20.886033	1	35381	0	0	0	0	0	0
NODE_87_length_5402_cov_34.239200	1	5402	0	0	0	0	0	0
NODE_23_length_52152_cov_8.571204	1	52152	0	0	0	0	0	0
NODE_27_length_46064_cov_34.699428	1	46064	0	0	0	0	0	0
NODE_58_length_28915_cov_2.851594	1	28915	0	0	0	0	0	0
NODE_86_length_17581_cov_4.636540	1	17581	0	0	0	0	0	0
NODE_113_length_12763_cov_3.351196	1	12763	0	0	0	0	0	0
NODE_205_length_5514_cov_740.579227	1	5514	0	0	0	0	0	0
NODE_24_length_43860_cov_6.177765	1	43860	0	0	0	0	0	0
NODE_103_length_15861_cov_5.174997	1	15861	0	0	0	0	0	0
NODE_235_length_5514_cov_1351.351346	1	5514	0	0	0	0	0	0
NODE_36_length_36495_cov_5.297722	1	36495	0	0	0	0	0	0
NODE_176_length_5514_cov_454.349698	1	5514	0	0	0	0	0	0
NODE_113_length_5514_cov_54.894486	1	5514	0	0	0	0	0	0
NODE_35_length_29279_cov_5.928107	1	29279	0	0	0	0	0	0
NODE_60_length_19783_cov_3.659621	1	19783	0	0	0	0	0	0
NODE_96_length_11662_cov_7.022019	1	11662	0	0	0	0	0	0
NODE_137_length_7399_cov_2.692266	1	7399	0	0	0	0	0	0
NODE_23_length_41397_cov_28.250593	1	41397	0	0	0	0	0	0
NODE_158_length_8436_cov_3.682138	1	8436	0	0	0	0	0	0
NODE_103_length_22548_cov_3.955764	1	22548	0	0	0	0	0	0
NODE_122_length_18523_cov_15.849144	1	18523	0	0	0	0	0	0
NODE_286_length_7396_cov_5.191118	1	7396	0	0	0	0	0	0
NODE_2_length_224719_cov_12.772874	1	224719	0	0	0	0	0	0
NODE_42_length_27529_cov_6.863980	1	27529	0	0	0	0	0	0
NODE_60_length_14961_cov_14.778747	1	14961	0	0	0	0	0	0
NODE_91_length_8647_cov_3.054702	1	8647	0	0	0	0	0	0
NODE_1_length_224519_cov_7.116856	1	224519	0	0	0	0	0	0
NODE_53_length_30710_cov_4.642636	1	30710	0	0	0	0	0	0
NODE_101_length_12031_cov_26.306363	1	12031	0	0	0	0	0	0
NODE_153_length_7396_cov_5.593380	1	7396	0	0	0	0	0	0
NODE_90_length_31247_cov_3.493845	1	31247	0	0	0	0	0	0
NODE_94_length_29316_cov_3.978435	1	29316	0	0	0	0	0	0
NODE_278_length_7396_cov_6.279662	1	7396	0	0	0	0	0	0
NODE_390_length_5581_cov_3.514839	1	5581	0	0	0	0	0	0
