#rname	startpos	endpos	numreads	covbases	coverage	meandepth	meanbaseq	meanmapq
DAS_Check_Bin_09_k119_41989:3-49450	1	45022	373516	44756	99.4092	722.632	36.1	41.7
NODE_39_length_37768_cov_25.508657	1	35529	210	12110	34.0848	0.518309	36.4	0.943
NODE_21_length_46020_cov_7.992255	1	44173	2	135	0.305617	0.00353157	36.9	0
NODE_68_length_36781_cov_8.797283	1	22515	2334	22481	99.849	9.132	36.5	3.7
NODE_18_length_65286_cov_9.613313	1	61998	4581	61310	98.8903	6.4771	36.3	1
DAS_Check_Bin_01_k119_158026:3-190576	1	190574	32	2442	1.28139	0.014514	36.5	38.4
DAS_Check_Bin_01_k119_45347:194-20015	1	19822	16	656	3.30945	0.0713349	36.1	20
DAS_Check_Bin_07_k119_159765:247-42184	1	41938	7	554	1.321	0.0148553	37.2	42
NODE_10_length_44613_cov_10.908120	1	44613	1752	41058	92.0315	3.40934	36	0.988
NODE_13_length_36623_cov_12.491687	1	36623	2981	36125	98.6402	7.1365	36.6	0.991
NODE_14_length_36060_cov_13.057825	1	36060	46233	36040	99.9445	111.231	36	0.995
NODE_16_length_35370_cov_4.255189	1	35370	4951	35319	99.8558	12.339	36.7	0.988
NODE_18_length_31157_cov_3.163269	1	31157	10407	31139	99.9422	29.5013	36.8	0.987
NODE_22_length_23860_cov_5.129553	1	23860	232	11755	49.2666	0.846647	36	14.4
NODE_25_length_23308_cov_5.171419	1	23308	1530	22576	96.8594	5.68938	35.9	0.999
NODE_28_length_21720_cov_3.485299	1	21720	230	10537	48.5129	0.882965	35	1
NODE_38_length_13971_cov_7.375898	1	13971	570	12944	92.6491	3.62172	37.2	0.981
NODE_39_length_13673_cov_7.531429	1	13673	11637	13610	99.5392	75.8586	37.4	1.16
NODE_88_length_6209_cov_8.324829	1	6209	1871753	6209	100	26552.4	36.6	0.993
NODE_96_length_5842_cov_1098.051840	1	5842	563	4777	81.7699	8.27782	35.8	0.988
NODE_105_length_5492_cov_29.344308	1	5492	125	1583	28.8237	2.01766	36.5	0.88
NODE_109_length_5407_cov_11252.763079	1	5407	3114	5215	96.449	50.6438	36.4	0.996
NODE_120_length_5084_cov_34199.553390	1	5084	12528	5067	99.6656	216.463	36.6	0.994
NODE_2_length_172485_cov_32.775068	1	172485	3833	135449	78.528	1.9715	37.3	1.02
NODE_6_length_61068_cov_9.739465	1	61068	22273	61065	99.9951	32.2525	36.9	1.02
NODE_7_length_58087_cov_6.947994	1	58087	6030	57838	99.5713	9.19483	36.9	0.988
NODE_11_length_41469_cov_25.463877	1	41469	7777	41236	99.4381	16.5773	36.8	1.05
NODE_12_length_40031_cov_3.840454	1	40031	4618	23131	57.7827	10.1195	36.4	37.8
NODE_17_length_37325_cov_319.259539	1	37325	216	13801	36.9752	0.519169	37.6	0.991
NODE_19_length_36060_cov_32.684877	1	36060	47646	35982	99.7837	114.594	36	0.992
NODE_23_length_32292_cov_5.397959	1	32292	10308	32285	99.9783	27.7328	36	0.991
NODE_24_length_31545_cov_5.801683	1	31545	59	3626	11.4947	0.153368	35.2	2.75
NODE_28_length_27475_cov_4.040518	1	27475	3280	27109	98.6679	10.25	35.5	1.17
NODE_30_length_25734_cov_5.275400	1	25734	896	22849	88.7892	3.09062	37	0.99
NODE_31_length_25359_cov_5.009406	1	25359	2475	25298	99.7595	8.63662	36.9	0.987
NODE_41_length_22305_cov_25.908899	1	22305	8270	22283	99.9014	31.9983	35.8	2.92
NODE_42_length_22193_cov_5.490695	1	22193	741	18205	82.0304	2.87492	35.8	38
NODE_48_length_18890_cov_3.341333	1	18890	101	1102	5.83377	0.47459	36.1	0.267
NODE_52_length_17580_cov_3.189843	1	17580	213	10326	58.7372	1.03987	35.4	0.958
NODE_214_length_6245_cov_8.318255	1	6245	2	148	2.3699	0.023699	36.1	1
NODE_217_length_6209_cov_8.798343	1	6209	1824171	6209	100	25886.5	36.6	0.994
NODE_268_length_5407_cov_226.692078	1	5407	3561	5293	97.8916	57.8236	36.3	0.994
NODE_292_length_5084_cov_88208.156095	1	5084	13259	4963	97.62	229.552	36.6	0.994
NODE_7_length_46020_cov_16.937757	1	46020	2	148	0.321599	0.0039548	37	0
NODE_9_length_43915_cov_6.954241	1	43915	1756	40627	92.5128	3.47371	36	0.987
NODE_10_length_38461_cov_14.877649	1	38461	1900	35523	92.3611	4.36008	36.8	19.2
NODE_12_length_36623_cov_10.841993	1	36623	2973	36202	98.8504	7.15272	36.7	0.991
NODE_16_length_25443_cov_3.831850	1	25443	3317	25298	99.4301	11.5245	36.7	0.991
NODE_25_length_21201_cov_4.167171	1	21201	202	11087	52.2947	0.840668	36.3	1
NODE_34_length_13780_cov_2.793515	1	13780	41	2977	21.6038	0.259361	36.4	1
NODE_39_length_12439_cov_7.203731	1	12439	452	11329	91.0765	3.21754	36.8	1.52
NODE_57_length_7439_cov_2.481446	1	7439	2	139	1.86853	0.0243312	39.3	42
NODE_72_length_6209_cov_12.989275	1	6209	1842449	6209	100	26139.2	36.6	0.993
NODE_76_length_5842_cov_1509.613790	1	5842	542	4725	80.8798	8.06214	35.9	0.993
NODE_87_length_5402_cov_34.239200	1	5402	126	1679	31.0811	2.04165	36.2	0.889
NODE_89_length_5277_cov_5.447721	1	5277	2541	5275	99.9621	41.8829	36.1	0.995
NODE_4_length_238892_cov_6.753413	1	238892	17443	152199	63.7104	6.41523	36.5	18.9
NODE_5_length_189738_cov_6.430987	1	189738	21159	147368	77.6692	9.81952	36.5	32.6
NODE_10_length_119230_cov_6.136941	1	119230	9932	110123	92.3618	7.29997	36.4	1.09
NODE_12_length_90299_cov_8.811644	1	90299	168	12475	13.8152	0.165506	37.3	41.4
NODE_13_length_76125_cov_44.994597	1	76125	3365	51508	67.6624	3.92214	37	0.985
NODE_18_length_62590_cov_137.633981	1	62590	20387	62250	99.4568	28.1381	35.8	33.9
NODE_20_length_55983_cov_7.738449	1	55983	26685	32286	57.6711	41.6971	36.3	1.07
NODE_23_length_52152_cov_8.571204	1	52152	4	361	0.692207	0.00692207	38.2	31.5
NODE_24_length_47733_cov_200.310583	1	47733	21370	47595	99.7109	39.7683	37.1	1.11
NODE_27_length_46064_cov_34.699428	1	46064	2	182	0.395102	0.00395102	38.4	0
NODE_32_length_43849_cov_21.327442	1	43849	5952	43783	99.8495	11.9865	36.8	0.989
NODE_34_length_42243_cov_6.125960	1	42243	991	32506	76.95	2.06893	36.9	0.987
NODE_40_length_37489_cov_12.035128	1	37489	417	20975	55.9497	0.927125	35	0.995
NODE_41_length_37113_cov_5.778240	1	37113	11172	37097	99.9569	26.1795	36	0.991
NODE_44_length_36060_cov_186.741564	1	36060	47248	36037	99.9362	113.614	36	0.991
NODE_57_length_28964_cov_3.647964	1	28964	631	21496	74.2163	1.89829	36.2	41.7
NODE_58_length_28915_cov_2.851594	1	28915	332	16629	57.5099	1.0137	36.8	0.994
NODE_61_length_27709_cov_4.008787	1	27709	721	22149	79.9343	2.25858	35.8	1.34
NODE_63_length_26925_cov_11.515333	1	26925	486	19473	72.3231	1.5431	35.4	3.22
NODE_64_length_26668_cov_4.755420	1	26668	42	3118	11.6919	0.138556	35.7	1.81
NODE_66_length_25532_cov_5.218589	1	25532	4740	25273	98.9856	16.3498	36.7	1.03
NODE_69_length_23559_cov_18.031867	1	23559	1643	18888	80.1732	6.07263	36.2	11.3
NODE_71_length_22160_cov_3.786655	1	22160	786	19777	89.2464	3.13795	36.8	1.01
NODE_94_length_15427_cov_6.269321	1	15427	509	13145	85.2078	2.77397	34.9	41.8
NODE_95_length_15356_cov_3.584733	1	15356	851	13079	85.1719	4.67185	35.2	2.46
NODE_113_length_12763_cov_3.351196	1	12763	20	1593	12.4814	0.138212	36.4	22.6
NODE_165_length_6963_cov_2699.768674	1	6963	250	6393	91.8139	3.20178	37.2	1.05
NODE_180_length_6209_cov_8.318817	1	6209	1840964	6209	100	26116.4	36.6	0.995
NODE_194_length_5842_cov_59.714187	1	5842	846	5103	87.3502	12.6296	36.1	1.25
NODE_203_length_5535_cov_3.585219	1	5535	10	718	12.972	0.162782	35.5	40.2
NODE_209_length_5407_cov_424.684417	1	5407	3767	5258	97.2443	61.1546	36.3	0.996
NODE_212_length_5277_cov_13.385101	1	5277	2443	5258	99.6399	40.3803	36.1	0.994
NODE_213_length_5084_cov_56753.835156	1	5084	12617	5082	99.9607	218.042	36.6	0.993
NODE_3_length_160031_cov_246.186322	1	160031	3382	126693	79.1678	1.88143	37.4	1
NODE_4_length_135187_cov_5.588891	1	135187	3693	58121	42.993	2.40183	36.7	0.981
NODE_11_length_82624_cov_5.458404	1	82624	3439	47026	56.9157	3.65228	36.5	0.926
NODE_20_length_47234_cov_31.155747	1	47234	18152	47180	99.8857	33.4438	36.1	2.42
NODE_22_length_45867_cov_5.463743	1	45867	1840	42636	92.9557	3.48671	35.9	0.986
NODE_24_length_43860_cov_6.177765	1	43860	2	134	0.305518	0.00305518	30.1	42
NODE_25_length_43849_cov_10.709458	1	43849	6095	43836	99.9704	12.3026	36.8	0.99
NODE_27_length_42291_cov_8.031513	1	42291	1014	32568	77.0093	2.12407	37	0.985
NODE_30_length_41337_cov_7.787607	1	41337	12016	41214	99.7024	25.2472	36	0.992
NODE_33_length_39957_cov_24.373239	1	39957	86217	39904	99.8674	189.13	36.3	1.11
NODE_34_length_38904_cov_21.835774	1	38904	293	15699	40.3532	0.662708	37.2	0.983
NODE_37_length_37729_cov_6.620083	1	37729	252	15275	40.4861	0.591879	36.6	0.992
NODE_38_length_37629_cov_17.014451	1	37629	498	22875	60.7909	1.12055	35	0.998
NODE_42_length_35867_cov_6.690467	1	35867	775	19694	54.9084	1.82371	35.4	41.6
NODE_43_length_35817_cov_5.543007	1	35817	1397	33456	93.4082	3.43033	36.6	8.18
NODE_46_length_35128_cov_9.695264	1	35128	1799	4436	12.6281	4.52246	36.5	31
NODE_47_length_34443_cov_6.100820	1	34443	358	16975	49.2843	0.922452	37.8	41.5
NODE_49_length_32550_cov_5.505924	1	32550	878	24582	75.5207	2.30596	35.2	18.8
NODE_72_length_21497_cov_3.547617	1	21497	5813	21479	99.9163	23.7115	36.4	41.3
NODE_77_length_19576_cov_17.607807	1	19576	834	16100	82.2436	3.70178	36.1	3.96
NODE_210_length_6209_cov_9.798343	1	6209	1845668	6209	100	26200.9	36.6	0.993
NODE_243_length_5277_cov_12.775565	1	5277	2411	5261	99.6968	39.939	36.3	0.998
NODE_249_length_5084_cov_78920.386956	1	5084	12598	5080	99.9213	217.703	36.6	0.995
NODE_1_length_164730_cov_5.305092	1	164730	13382	136524	82.8774	7.10892	36.4	10.9
NODE_2_length_124404_cov_11.033221	1	124404	73724	124380	99.9807	52.87	37.6	0.989
NODE_4_length_117427_cov_5.768318	1	117427	3182	49137	41.8447	2.39129	36.7	0.977
NODE_8_length_96678_cov_134.288192	1	96678	1750	71080	73.5224	1.61223	37.5	0.983
NODE_28_length_43893_cov_22.428281	1	43893	6351	43874	99.9567	12.775	36.8	1.03
NODE_29_length_42291_cov_14.926058	1	42291	1012	33254	78.6314	2.13116	36.9	0.989
NODE_33_length_37337_cov_16.555415	1	37337	15827	37331	99.9839	36.8048	36	1.84
NODE_34_length_37325_cov_110.555514	1	37325	264	14549	38.9792	0.629685	37.3	0.973
NODE_36_length_36495_cov_5.297722	1	36495	263	15232	41.7372	0.641266	36.8	0.977
NODE_38_length_36114_cov_4.509720	1	36114	2988	35732	98.9422	7.33375	37	0.988
NODE_39_length_36060_cov_13.462408	1	36060	46668	36029	99.914	112.352	36	0.993
NODE_48_length_30963_cov_4.644332	1	30963	13209	15414	49.782	38.0841	37.9	1.08
NODE_54_length_29179_cov_6.736266	1	29179	2340	28777	98.6223	7.08146	36.7	0.989
NODE_66_length_21974_cov_4.464985	1	21974	249	12251	55.7523	0.955038	35	0.996
NODE_181_length_6454_cov_8661.914049	1	6454	1318	2517	38.9991	18.0793	36.8	1.01
NODE_228_length_5277_cov_15.499043	1	5277	2443	5275	99.9621	40.5416	36.1	0.995
NODE_232_length_5084_cov_53965.325313	1	5084	12515	5083	99.9803	216.39	36.6	0.998
NODE_2_length_164227_cov_5.664328	1	164227	8554	99710	60.7147	4.57273	36.5	0.941
NODE_17_length_61395_cov_5.757956	1	61395	2788	38287	62.3618	3.98607	36.5	0.909
NODE_26_length_47746_cov_5.112222	1	47746	11354	15234	31.9063	21.315	37.9	1.08
NODE_31_length_42291_cov_15.102069	1	42291	1115	34214	80.9014	2.33234	37	0.991
NODE_44_length_30436_cov_7.486422	1	30436	3	200	0.657117	0.00870679	36.1	2.67
NODE_48_length_29632_cov_4.402171	1	29632	332	16072	54.2387	0.920323	35.2	0.988
NODE_50_length_28964_cov_4.022381	1	28964	215	12493	43.1329	0.650842	36.8	0.977
NODE_51_length_27921_cov_3.034092	1	27921	1208	26444	94.7101	3.73934	35.9	0.99
NODE_55_length_25017_cov_5.657880	1	25017	1423	23374	93.4325	4.98289	36.3	0.993
NODE_56_length_24833_cov_5.809872	1	24833	2102	24587	99.0094	7.47445	36.8	0.991
NODE_97_length_12527_cov_5.050513	1	12527	385	10362	82.7173	2.73761	37.5	2.07
NODE_184_length_5277_cov_11.715818	1	5277	2646	5260	99.6778	43.6996	36.1	0.993
NODE_193_length_5034_cov_15.769632	1	5034	137	4142	82.2805	2.37187	36.1	18
NODE_1_length_114607_cov_10.147007	1	114607	2742	93689	81.7481	2.12018	37.3	0.992
NODE_4_length_36816_cov_7.960991	1	36816	11000	36783	99.9104	25.9537	36	0.992
NODE_5_length_36230_cov_4.885114	1	36230	283	16166	44.6205	0.694839	37.1	41.7
NODE_10_length_27385_cov_7.189535	1	27385	171	10440	38.1231	0.559905	37.5	0.988
NODE_11_length_26673_cov_11.045683	1	26673	5704	26653	99.925	18.4921	35.9	0.984
NODE_20_length_17239_cov_6.178596	1	17239	152	7914	45.9075	0.750682	35.4	0.98
NODE_86_length_6209_cov_9.690445	1	6209	1852371	6209	100	26284.3	36.6	0.994
NODE_124_length_5277_cov_25.805247	1	5277	2489	5272	99.9052	41.2145	36.1	0.997
NODE_1_length_167064_cov_31.023334	1	167064	33210	166895	99.8988	17.6387	37.1	0.988
NODE_7_length_61042_cov_7.357896	1	61042	22372	61037	99.9918	32.355	36.8	1.18
NODE_11_length_50106_cov_8.639548	1	50106	14474	50025	99.8383	25.0522	36	1.27
NODE_13_length_47685_cov_12.449024	1	47685	23711	47643	99.9119	44.0916	37.1	1
NODE_14_length_46328_cov_8.666393	1	46328	3364	45287	97.753	6.27513	35.9	1.05
NODE_26_length_33164_cov_59.471171	1	33164	65251	33137	99.9186	175.896	37.8	0.983
NODE_27_length_32852_cov_6.310150	1	32852	1749	31337	95.3884	4.65783	36.3	0.989
NODE_29_length_31681_cov_4.792196	1	31681	1315	28352	89.4921	3.58139	35.7	1.01
NODE_32_length_29822_cov_3.040481	1	29822	2871	28337	95.0205	8.1514	35.3	10.9
NODE_37_length_23975_cov_6.355811	1	23975	10637	23969	99.975	38.7576	36.3	0.995
NODE_79_length_8516_cov_194.794823	1	8516	25	1782	20.9253	0.257046	37.5	0.96
NODE_109_length_6469_cov_258.754599	1	6469	10751	6469	100	147.191	36.9	0.993
NODE_117_length_6209_cov_39356.593760	1	6209	1826168	6209	100	25902.6	36.6	0.994
NODE_131_length_5556_cov_340.263043	1	5556	3399	5555	99.982	53.0569	35.9	0.994
NODE_139_length_5354_cov_334.782412	1	5354	65	3596	67.1647	1.04483	35.5	1
NODE_147_length_5084_cov_13961.725393	1	5084	17582	5083	99.9803	304.321	36.7	0.994
NODE_3_length_123329_cov_12.346099	1	123329	73817	123316	99.9895	53.401	37.6	0.986
NODE_6_length_84822_cov_16.799037	1	84822	77062	84816	99.9929	80.8515	37.3	1.28
NODE_7_length_82293_cov_17.234271	1	82293	3284	76505	92.9666	3.42937	35.6	0.992
NODE_13_length_50138_cov_17.827646	1	50138	14437	50135	99.994	24.9668	36	1.27
NODE_17_length_47511_cov_6.251033	1	47511	1957	42794	90.0718	3.57042	35.6	0.987
NODE_22_length_41227_cov_3.669387	1	41227	4796	41099	99.6895	10.3044	36.9	0.989
NODE_24_length_39433_cov_10.753847	1	39433	22051	39433	100	48.9894	36.3	22
NODE_34_length_29970_cov_6.653919	1	29970	6192	29859	99.6296	17.9709	36	0.989
NODE_35_length_29279_cov_5.928107	1	29279	2950	29100	99.3886	9.01482	37.8	1.16
NODE_36_length_28663_cov_6.412088	1	28663	2118	27722	96.717	6.49984	36.3	0.987
NODE_39_length_25023_cov_3.154598	1	25023	1372	24268	96.9828	4.79243	36.3	1.01
NODE_41_length_24643_cov_3.795713	1	24643	904	22214	90.1432	3.11472	35.2	0.997
NODE_42_length_24457_cov_5.553315	1	24457	6424	24457	100	22.9208	36.2	0.985
NODE_46_length_21332_cov_3.397377	1	21332	172	9490	44.4872	0.698059	35.8	1
NODE_52_length_17163_cov_9.937398	1	17163	57	3878	22.5951	0.290742	35.5	0.947
NODE_119_length_6469_cov_423.735111	1	6469	10895	6468	99.9845	149.511	36.9	0.992
NODE_133_length_5840_cov_3038.520311	1	5840	3386	5830	99.8288	51.0399	36.3	2.33
NODE_140_length_5469_cov_7.356114	1	5469	9832	5469	100	146.793	34.5	41.9
NODE_1_length_157272_cov_245.867635	1	157272	3474	124523	79.1768	1.96725	37.4	1.23
NODE_3_length_116508_cov_7.831949	1	116508	20753	116457	99.9562	15.8389	37.1	0.999
NODE_5_length_78818_cov_6.835964	1	78818	19814	77982	98.9393	22.0503	36.4	29.6
NODE_8_length_61519_cov_6.420002	1	61519	5095	60836	98.8898	7.2323	36.3	1.03
NODE_11_length_55539_cov_10.359851	1	55539	2963	53675	96.6438	4.67902	36.4	4.11
NODE_12_length_54742_cov_5.935359	1	54742	9370	54415	99.4027	15.0564	36.6	13
NODE_15_length_49707_cov_409.118646	1	49707	28221	49662	99.9095	49.6462	36.3	3.61
NODE_19_length_46049_cov_20.145976	1	46049	585	27608	59.9535	1.11907	36.6	0.991
NODE_31_length_37539_cov_17.903879	1	37539	1915	35345	94.1554	4.44777	36.3	1.02
NODE_32_length_37308_cov_5.588865	1	37308	1919	36551	97.9709	4.55808	36.7	2.03
NODE_38_length_34710_cov_5.008022	1	34710	933	29279	84.3532	2.31988	35.8	0.995
NODE_39_length_34383_cov_15.503059	1	34383	105	6500	18.9047	0.269232	36.8	8.42
NODE_40_length_33198_cov_25.854600	1	33198	11633	33174	99.9277	30.9331	36.7	1.02
NODE_41_length_33019_cov_71.818742	1	33019	904	27059	81.9498	2.39947	36.3	1.17
NODE_42_length_30783_cov_6.353228	1	30783	978	26927	87.4736	2.80421	36.7	0.98
NODE_43_length_30206_cov_3.324367	1	30206	2080	29883	98.9307	6.03221	36.4	41.5
NODE_51_length_25704_cov_4.962455	1	25704	1816	25124	97.7435	6.1513	36.1	0.981
NODE_60_length_19783_cov_3.659621	1	19783	2110	19740	99.7826	9.52302	37.7	0.988
NODE_68_length_16862_cov_6.336764	1	16862	2004	16814	99.7153	10.1114	35.3	3.25
NODE_157_length_6469_cov_65.568288	1	6469	10900	6467	99.9691	149.254	36.9	0.994
NODE_186_length_5556_cov_469.135975	1	5556	3244	5555	99.982	50.5319	35.9	0.996
NODE_193_length_5407_cov_407.749626	1	5407	5693	5407	100	92.4982	36.4	1.36
NODE_194_length_5354_cov_104.200415	1	5354	63	3408	63.6533	1.03904	36.3	0.921
NODE_196_length_5277_cov_172.009958	1	5277	2389	5263	99.7347	39.585	36.2	0.993
NODE_4_length_95966_cov_30.590652	1	95966	133649	95956	99.9896	122.705	36.7	3.88
NODE_6_length_82210_cov_5.532554	1	82210	3211	77001	93.6638	3.35985	35.6	1.02
NODE_11_length_50594_cov_377.385821	1	50594	385238	50594	100	670.103	36.5	1.16
NODE_15_length_36350_cov_5.563659	1	36350	17628	36332	99.9505	42.9951	37.1	1.01
NODE_16_length_36268_cov_5.202911	1	36268	2858	35637	98.2602	6.93639	36.7	0.99
NODE_17_length_36060_cov_30.766366	1	36060	53007	36058	99.9945	127.666	36.1	0.99
NODE_22_length_25354_cov_3.861378	1	25354	3095	25276	99.6924	10.7769	36.7	0.992
NODE_25_length_22867_cov_5.385543	1	22867	89	5878	25.7052	0.346351	36.6	1
NODE_4_length_50595_cov_67.659972	1	50595	380563	50595	100	661.921	36.5	0.99
NODE_9_length_29359_cov_4.137114	1	29359	14429	29355	99.9864	43.0099	36.3	1.25
NODE_22_length_12612_cov_2.735526	1	12612	2392	12595	99.8652	16.1774	35.3	2.06
NODE_3_length_50595_cov_82.409794	1	50595	380346	50594	99.998	661.73	36.5	0.989
NODE_5_length_44363_cov_4.177530	1	44363	26224	44336	99.9391	51.6461	36.3	1.27
NODE_7_length_36147_cov_14.136346	1	36147	53695	36146	99.9972	128.986	36	1.19
NODE_18_length_15213_cov_9.438580	1	15213	35270	15213	100	205.381	37	41.7
NODE_47_length_5840_cov_40.463440	1	5840	3744	5839	99.9829	56.2353	36.3	1.02
NODE_51_length_5556_cov_13.876568	1	5556	3417	5549	99.874	53.0472	35.8	0.992
NODE_57_length_5407_cov_151.267377	1	5407	5709	5405	99.963	92.8626	36.3	1.02
NODE_62_length_5084_cov_1208.538278	1	5084	18191	5082	99.9607	315.049	36.7	0.995
NODE_2_length_148288_cov_23.186888	1	148288	117719	148285	99.998	70.8281	37.6	13.1
NODE_6_length_84805_cov_14.802077	1	84805	77381	84804	99.9988	81.2538	37.3	1.06
NODE_23_length_41397_cov_28.250593	1	41397	29744	41389	99.9807	64.2748	37.9	0.985
NODE_24_length_41128_cov_5.105933	1	41128	7783	41098	99.9271	16.418	35.9	1.03
NODE_25_length_41104_cov_10.069039	1	41104	15396	41055	99.8808	32.972	36.6	1.14
NODE_35_length_36642_cov_6.903080	1	36642	2921	36132	98.6082	7.01938	36.7	0.989
NODE_42_length_32103_cov_4.370444	1	32103	12114	32064	99.8785	33.2925	36.7	41.5
NODE_45_length_29051_cov_4.288419	1	29051	833	23494	80.8716	2.55695	37	0.99
NODE_47_length_27680_cov_4.110081	1	27680	2532	27502	99.3569	7.90867	35.8	0.991
NODE_51_length_25928_cov_4.825185	1	25928	2873	25813	99.5565	9.91203	37.8	0.984
NODE_54_length_22851_cov_9.800140	1	22851	3262	22759	99.5974	12.3773	36.1	1
NODE_102_length_12697_cov_5.155751	1	12697	545	12247	96.4559	3.81145	37.3	5.95
NODE_158_length_8436_cov_3.682138	1	8436	27	1789	21.2067	0.290066	37.4	1
NODE_209_length_6209_cov_65496.679721	1	6209	1917056	6209	100	27206.6	36.6	1.24
NODE_235_length_5556_cov_134.878749	1	5556	3210	5553	99.946	50.038	35.8	0.992
NODE_249_length_5277_cov_379.647453	1	5277	2521	5272	99.9052	41.7476	36.1	0.997
NODE_4_length_133646_cov_16.294571	1	133646	55214	133646	100	36.3931	36.5	16.2
NODE_7_length_115553_cov_35.746429	1	115553	82159	115506	99.9593	63.4209	37.5	0.985
NODE_18_length_57319_cov_76.520624	1	57319	87475	57288	99.9459	133.297	36.3	1.01
NODE_24_length_50596_cov_1234.024079	1	50596	381561	50596	100	663.845	36.5	0.989
NODE_35_length_43849_cov_26.763073	1	43849	6133	43828	99.9521	12.3676	36.8	0.99
NODE_38_length_43069_cov_9.555959	1	43069	3132	42119	97.7942	6.39191	36.5	1.06
NODE_42_length_41397_cov_33.888709	1	41397	29856	41394	99.9928	64.4869	37.9	0.986
NODE_49_length_38057_cov_4.796748	1	38057	4457	37983	99.8056	10.3891	37	12
NODE_51_length_37849_cov_4.749140	1	37849	884	29807	78.7524	2.06922	36.9	0.989
NODE_53_length_36807_cov_5.676671	1	36807	4400	35983	97.7613	10.1658	35.6	23.6
NODE_61_length_31489_cov_8.070020	1	31489	2831	31279	99.3331	7.98139	36.9	0.991
NODE_63_length_27891_cov_6.995761	1	27891	4087	27868	99.9175	12.8628	36.6	18.9
NODE_64_length_27677_cov_8.435522	1	27677	1710	26857	97.0373	5.28442	35.4	1.4
NODE_69_length_26777_cov_5.823441	1	26777	448	18819	70.2805	1.3996	35.1	2.72
NODE_76_length_25339_cov_4.381387	1	25339	830	22389	88.3579	2.88812	36.7	0.988
NODE_77_length_25099_cov_4.340960	1	25099	2355	24726	98.5139	8.14574	36.1	6.34
NODE_78_length_24488_cov_6.858102	1	24488	5740	24406	99.6651	20.4616	36.2	41.7
NODE_80_length_24274_cov_3.099385	1	24274	3181	24165	99.551	11.2918	35.6	40.5
NODE_86_length_22502_cov_3.552991	1	22502	1860	22384	99.4756	7.35895	37.1	9.69
NODE_101_length_17827_cov_4.586484	1	17827	1869	17793	99.8093	8.84153	35	2.26
NODE_110_length_17112_cov_3.368119	1	17112	33	2587	15.118	0.167426	36.2	1
NODE_192_length_8422_cov_5.291144	1	8422	14	1048	12.4436	0.145334	38	1
NODE_229_length_6678_cov_5.842066	1	6678	284	6551	98.0982	3.77329	37.2	1.37
NODE_261_length_5874_cov_27.383915	1	5874	59	3033	51.6343	0.868744	36.4	0.966
NODE_4_length_127150_cov_117.090247	1	127150	76892	127139	99.9913	53.9487	37.6	1.07
NODE_7_length_88941_cov_46.993812	1	88941	57395	88932	99.9899	57.602	37.6	21.4
NODE_11_length_72839_cov_23.773563	1	72839	54869	72837	99.9973	65.1686	35.9	41.7
NODE_21_length_59130_cov_12.292323	1	59130	6239	58918	99.6415	9.34583	36.9	0.988
NODE_23_length_57177_cov_114.389377	1	57177	87805	57177	100	134.147	36.3	1
NODE_28_length_50596_cov_1491.292179	1	50596	384023	50596	100	667.879	36.5	0.988
NODE_30_length_49587_cov_4.531979	1	49587	2884	48655	98.1205	5.1013	36.5	1.06
NODE_35_length_46803_cov_6.051467	1	46803	7846	46783	99.9573	14.7336	36.4	20
NODE_36_length_46752_cov_29.126753	1	46752	8727	46681	99.8481	16.1878	35.9	1.19
NODE_39_length_43620_cov_4.962217	1	43620	2038	42261	96.8845	4.1365	36.7	0.99
NODE_40_length_43084_cov_6.633898	1	43084	1816	40190	93.2829	3.63283	35.7	1.41
NODE_45_length_40665_cov_4.748239	1	40665	1741	39477	97.0786	3.76995	36.7	1.18
NODE_50_length_39226_cov_10.101606	1	39226	11919	39226	100	26.8088	36.9	41.5
NODE_56_length_37457_cov_9.262072	1	37457	2382	36136	96.4733	5.55797	36.3	4.36
NODE_58_length_37241_cov_46.337493	1	37241	14429	37234	99.9812	34.0837	36.6	1.32
NODE_59_length_37102_cov_7.659028	1	37102	3369	36896	99.4448	7.82818	35.8	0.996
NODE_60_length_36992_cov_10.212497	1	36992	4808	36863	99.6513	11.4903	37	19.3
NODE_64_length_33972_cov_8.070260	1	33972	8343	33972	100	21.6275	36.6	41.5
NODE_68_length_32950_cov_15.789907	1	32950	2638	32626	99.0167	6.95557	36	1.22
NODE_75_length_29643_cov_5.344836	1	29643	4605	29643	100	13.8975	37.8	41.3
NODE_76_length_29309_cov_5.208553	1	29309	2762	29023	99.0242	8.16115	36	12.2
NODE_77_length_28348_cov_7.729650	1	28348	3217	28262	99.6966	10.0871	37.1	0.976
NODE_80_length_27821_cov_14.253908	1	27821	4486	27760	99.7807	13.9903	36.1	2.81
NODE_90_length_25254_cov_6.697329	1	25254	1943	24250	96.0244	6.65954	35.9	1
NODE_92_length_24473_cov_5.235728	1	24473	769	21490	87.8111	2.78474	36.7	0.987
NODE_98_length_23476_cov_4.904359	1	23476	2034	23424	99.7785	7.70131	37.1	11.9
NODE_107_length_20703_cov_32.120399	1	20703	3878	20681	99.8937	16.2526	35.9	0.977
NODE_118_length_18955_cov_3.719365	1	18955	2295	18955	100	10.3623	35.6	41.8
NODE_119_length_18951_cov_5.567686	1	18951	1175	18645	98.3853	5.41496	36.5	1.5
NODE_127_length_17877_cov_5.437717	1	17877	2991	17861	99.9105	14.6321	36.3	41.6
NODE_337_length_5407_cov_169.755419	1	5407	5744	5406	99.9815	93.6525	36.4	0.995
NODE_345_length_5277_cov_154.251628	1	5277	2494	5266	99.7915	41.3081	36.1	0.996
NODE_17_length_37229_cov_5.527304	1	37229	7455	37192	99.9006	17.7335	36.8	1.09
NODE_35_length_16708_cov_7.810064	1	16708	3140	16682	99.8444	16.0016	35.3	2.91
NODE_1_length_167064_cov_29.887916	1	167064	33567	166877	99.8881	17.826	37.1	1.01
NODE_2_length_128004_cov_9.723710	1	128004	2983	103254	80.6647	2.07522	37.4	1
NODE_9_length_50597_cov_221.425567	1	50597	384123	50597	100	667.92	36.5	1.01
NODE_15_length_44579_cov_4.400862	1	44579	464	22292	50.0056	0.904866	36	1.18
NODE_25_length_26906_cov_5.574876	1	26906	2262	26606	98.885	7.29198	36	1.15
NODE_81_length_6245_cov_24.756704	1	6245	2	126	2.01761	0.0201761	32.9	1
NODE_98_length_5354_cov_128.256463	1	5354	55	3266	61.0011	0.901382	35.7	0.927
NODE_14_length_82374_cov_240.205894	1	82374	3262	75869	92.1031	3.4072	35.6	0.994
NODE_21_length_64073_cov_37.552313	1	64073	833	36896	57.5843	1.12931	36	18.1
NODE_22_length_61496_cov_10.163685	1	61496	5084	60802	98.8715	7.21792	36.3	0.989
NODE_27_length_56163_cov_10.570810	1	56163	5643	54857	97.6746	8.84976	36.6	1.3
NODE_29_length_50686_cov_11.681381	1	50686	375	19012	37.5094	0.623131	34.9	0.997
NODE_34_length_49123_cov_12.946462	1	49123	1304	40761	82.9774	2.28294	35.8	12.4
NODE_35_length_48678_cov_17.660634	1	48678	1982	43222	88.7917	3.51783	35.7	0.974
NODE_36_length_48286_cov_161.551720	1	48286	110854	48177	99.7743	205.35	37.8	10.8
NODE_41_length_46049_cov_22.527873	1	46049	631	27323	59.3346	1.20689	36.6	1.12
NODE_42_length_46014_cov_7.064688	1	46014	5471	45102	98.018	10.4532	36.5	1.27
NODE_44_length_45313_cov_24.797539	1	45313	532	24978	55.1233	1.02289	36.2	1.98
NODE_45_length_44530_cov_6.085261	1	44530	663	26379	59.2387	1.22106	34.6	8.09
NODE_50_length_42455_cov_9.957995	1	42455	3478	41979	98.8788	7.08013	35.8	5.06
NODE_54_length_41545_cov_23.951314	1	41545	3110	40638	97.8168	6.64053	37	1.82
NODE_56_length_41017_cov_5.694693	1	41017	718	28570	69.654	1.47273	35.1	41.7
NODE_58_length_39387_cov_195.566714	1	39387	96049	39259	99.675	213.863	36.2	1.97
NODE_66_length_37340_cov_6.786992	1	37340	148	8849	23.6984	0.356615	37.6	1.02
NODE_74_length_32607_cov_43.428176	1	32607	923	26687	81.8444	2.46435	36.2	0.985
NODE_76_length_32402_cov_4.278047	1	32402	1004	27419	84.6213	2.74631	37	1.18
NODE_85_length_29888_cov_3.843428	1	29888	1412	28944	96.8415	4.19021	36.7	0.987
NODE_86_length_29401_cov_5.339501	1	29401	1087	25640	87.2079	3.15374	35.4	7.12
NODE_90_length_26510_cov_4.099074	1	26510	1018	24551	92.6103	3.36047	36.2	0.989
NODE_91_length_25386_cov_3.813628	1	25386	3010	25275	99.5628	10.1714	35.6	0.965
NODE_98_length_23399_cov_4.973441	1	23399	709	18644	79.6786	2.67323	36.7	0.996
NODE_99_length_23338_cov_3.337113	1	23338	2498	23273	99.7215	9.5063	37.1	1.17
NODE_100_length_23190_cov_23.457402	1	23190	6025	23179	99.9526	22.8334	36.5	1.06
NODE_102_length_22820_cov_4.048935	1	22820	1121	21297	93.326	4.3163	36.5	0.99
NODE_103_length_22548_cov_3.955764	1	22548	108	6809	30.1978	0.426291	37.1	1.61
NODE_122_length_18523_cov_15.849144	1	18523	13	826	4.45932	0.0534471	34.1	1
NODE_137_length_15986_cov_191.716590	1	15986	15323	15830	99.0241	85.459	37.3	4.52
NODE_142_length_15505_cov_266.883107	1	15505	17313	15505	100	97.8294	36.3	6.84
NODE_394_length_5277_cov_264.588280	1	5277	2541	5267	99.8105	42.0449	36.2	0.995
NODE_2_length_111600_cov_9.640486	1	111600	65476	111592	99.9928	52.3347	37.6	0.988
NODE_9_length_45523_cov_3.740213	1	45523	41066	45517	99.9868	80.0399	37.2	1.03
NODE_11_length_38676_cov_4.256959	1	38676	15439	38664	99.969	35.2102	36.5	1.01
NODE_12_length_38621_cov_4.452264	1	38621	28418	38615	99.9845	65.8431	37.9	0.984
NODE_14_length_36134_cov_22.605782	1	36134	53336	36111	99.9363	128.268	36.1	1.02
NODE_16_length_32623_cov_3.888142	1	32623	16017	32601	99.9326	43.5343	37.1	0.989
NODE_23_length_22286_cov_4.358508	1	22286	2698	22246	99.8205	10.715	36.8	0.99
NODE_25_length_20188_cov_3.698455	1	20188	2927	20039	99.2619	12.5602	36.1	1
NODE_50_length_10983_cov_6.236914	1	10983	15258	10925	99.4719	121.251	36.2	0.994
NODE_97_length_5840_cov_82.570614	1	5840	4009	5829	99.8116	60.081	36.2	1.48
NODE_1_length_291783_cov_17.309309	1	291783	213	13130	4.49992	0.063489	36.9	0.657
NODE_2_length_224719_cov_12.772874	1	224719	104	7863	3.49904	0.0414785	38.1	1.08
NODE_5_length_146551_cov_138.816527	1	146551	181657	146549	99.9986	109.058	36.7	1.02
NODE_9_length_107083_cov_7.960225	1	107083	65717	107034	99.9542	54.7555	37.6	0.984
NODE_18_length_51491_cov_4.309861	1	51491	2023	48674	94.5291	3.47465	36.7	1.8
NODE_23_length_46505_cov_8.013886	1	46505	3625	45928	98.7593	6.77817	36	1.01
NODE_28_length_40659_cov_13.346394	1	40659	2378	38248	94.0702	5.11909	36.4	1.01
NODE_34_length_37084_cov_5.937697	1	37084	4571	36607	98.7137	10.8029	36.5	0.921
NODE_37_length_29802_cov_5.098867	1	29802	3846	29689	99.6208	11.3848	36.7	0.992
NODE_39_length_28630_cov_5.069326	1	28630	5626	28454	99.3853	17.0249	35.9	1
NODE_42_length_27529_cov_6.863980	1	27529	2	114	0.414109	0.00661121	38.1	0
NODE_44_length_27445_cov_5.378131	1	27445	2179	26726	97.3802	7.00874	36.8	0.99
NODE_46_length_25582_cov_5.547381	1	25582	3579	25579	99.9883	12.0832	35.8	0.991
NODE_48_length_24386_cov_133.440549	1	24386	136100	24310	99.6883	494.808	36.8	41.7
NODE_63_length_14529_cov_5.416955	1	14529	1458	14423	99.2704	8.52536	35.1	2.06
NODE_85_length_9810_cov_429.929062	1	9810	10445	6468	65.9327	94.6856	36.9	0.997
NODE_91_length_8647_cov_3.054702	1	8647	2	163	1.88505	0.0188505	32.9	42
NODE_122_length_6209_cov_70622.697433	1	6209	1843517	6209	100	26159.4	36.6	0.994
NODE_136_length_5744_cov_864.749341	1	5744	70	3535	61.5425	1.08043	36.4	1.56
NODE_147_length_5556_cov_89.738411	1	5556	3326	5545	99.802	51.9296	35.9	0.994
NODE_1_length_224519_cov_7.116856	1	224519	130	9096	4.05133	0.0513008	37.8	0.977
NODE_2_length_167110_cov_64.689713	1	167110	32992	166992	99.9294	17.5298	37.1	0.987
NODE_4_length_142877_cov_8.785747	1	142877	94	7398	5.17788	0.0589528	37.9	1
NODE_5_length_139191_cov_8.620788	1	139191	121	6614	4.75174	0.0762477	36.3	0.628
NODE_21_length_49714_cov_4.278741	1	49714	1973	46694	93.9253	3.50706	36.7	0.987
NODE_26_length_46532_cov_8.982421	1	46532	6060	46298	99.4971	11.4549	36.5	0.891
NODE_28_length_46427_cov_14.788256	1	46427	3411	45845	98.7464	6.35402	35.9	1
NODE_29_length_46367_cov_11.001188	1	46367	8437	46249	99.7455	15.7815	36	0.99
NODE_30_length_46266_cov_83.710480	1	46266	37047	45552	98.4568	71.1977	37.3	0.988
NODE_31_length_43850_cov_11.756000	1	43850	5998	43768	99.813	12.0737	36.7	1
NODE_32_length_43436_cov_7.077891	1	43436	443	23501	54.1049	0.887213	36.2	1.35
NODE_35_length_40899_cov_23.333831	1	40899	2379	38058	93.0536	5.10025	36.3	1.13
NODE_38_length_39875_cov_5.639704	1	39875	271	15604	39.1323	0.568978	34.7	0.996
NODE_46_length_36623_cov_13.706793	1	36623	3033	36164	98.7467	7.32504	36.6	0.995
NODE_49_length_32431_cov_3.692241	1	32431	2518	31811	98.0882	6.87925	37.1	0.991
NODE_54_length_30192_cov_5.904702	1	30192	892	25468	84.3535	2.50265	35.2	1.11
NODE_56_length_28912_cov_8.397962	1	28912	229	12784	44.2169	0.686601	35.5	10.3
NODE_58_length_27890_cov_4.360841	1	27890	1723	26781	96.0237	5.40308	36.3	1.07
NODE_60_length_25063_cov_6.534149	1	25063	351	15833	63.1728	1.18809	35.1	0.997
NODE_87_length_14015_cov_251.795559	1	14015	485	11531	82.2761	3.10039	37.6	1.13
NODE_173_length_6469_cov_774.838478	1	6469	10986	6469	100	150.405	36.9	0.992
NODE_218_length_5084_cov_12194.464307	1	5084	17396	5084	100	301.616	36.6	0.996
NODE_4_length_149990_cov_22.694054	1	149990	92001	149956	99.9773	54.7409	37.6	8.27
NODE_11_length_90295_cov_118.359719	1	90295	82443	90295	100	80.1538	36.7	1.02
NODE_14_length_82304_cov_225.187151	1	82304	3250	77142	93.7281	3.39197	35.5	1.1
NODE_17_length_66579_cov_12.543699	1	66579	6649	66252	99.5089	8.86092	36.9	1.28
NODE_28_length_50686_cov_13.389939	1	50686	304	18386	36.2743	0.497988	34.7	0.987
NODE_33_length_48678_cov_22.032392	1	48678	1953	43415	89.1881	3.4674	35.6	0.981
NODE_34_length_48295_cov_29.851223	1	48295	8318	48275	99.9586	14.9547	36	1.42
NODE_39_length_46496_cov_26.700803	1	46496	3630	45966	98.8601	6.79689	35.9	1.08
NODE_40_length_46294_cov_8.238197	1	46294	9600	45856	99.0539	17.9882	36.1	17.3
NODE_44_length_45871_cov_5.078160	1	45871	1893	43448	94.7178	3.57904	35.9	0.994
NODE_49_length_42667_cov_9.849948	1	42667	3923	41836	98.0524	8.16033	37	41.7
NODE_52_length_42307_cov_7.097250	1	42307	1064	34405	81.3222	2.23275	36.9	0.989
NODE_54_length_41741_cov_10.161829	1	41741	2611	41018	98.2679	5.50186	36.5	1.04
NODE_55_length_41584_cov_17.221676	1	41584	8448	41471	99.7283	17.9511	36.9	1.21
NODE_65_length_38961_cov_7.399476	1	38961	118	8546	21.9348	0.268679	37	5.17
NODE_66_length_38717_cov_7.546868	1	38717	486	22221	57.3934	1.04574	34.6	1.57
NODE_68_length_38440_cov_54.510460	1	38440	2758	36759	95.627	6.09324	35.3	1.09
NODE_69_length_37272_cov_3.102802	1	37272	4866	37194	99.7907	11.1995	35.5	12.5
NODE_76_length_34918_cov_18.678370	1	34918	21	1626	4.65662	0.0484277	35.2	1
NODE_77_length_34914_cov_4.634499	1	34914	1547	27787	79.587	3.86017	36.1	41.6
NODE_78_length_34810_cov_11.848741	1	34810	3709	34543	99.233	9.52924	37.8	7.54
NODE_82_length_32967_cov_14.811011	1	32967	470	20503	62.1925	1.1887	35	1.06
NODE_84_length_32573_cov_4.820715	1	32573	3122	31773	97.544	8.18807	35.6	41.8
NODE_85_length_32529_cov_5.865646	1	32529	980	29060	89.3357	2.66525	36.8	1.6
NODE_86_length_32364_cov_4.582315	1	32364	943	25458	78.6615	2.55491	36.6	13
NODE_87_length_32215_cov_15.592506	1	32215	1000	27138	84.2403	2.66087	35.3	1.93
NODE_88_length_32149_cov_48.332741	1	32149	1563	30715	95.5395	4.23326	36.3	1.46
NODE_89_length_31829_cov_62.477403	1	31829	4484	31296	98.3254	11.9483	35.2	22.7
NODE_90_length_31247_cov_3.493845	1	31247	106	6266	20.0531	0.299197	36.8	2.54
NODE_92_length_30284_cov_3.410831	1	30284	1737	29188	96.3809	5.07017	36.8	15.2
NODE_94_length_29316_cov_3.978435	1	29316	6	303	1.03357	0.0183518	36.9	14.5
NODE_98_length_27642_cov_3.629318	1	27642	1505	26640	96.3751	4.78037	36.4	1.48
NODE_99_length_27136_cov_4.809424	1	27136	1103	25196	92.8508	3.566	36.3	3.57
NODE_103_length_25437_cov_4.427586	1	25437	1002	21857	85.926	3.3647	35.4	0.996
NODE_110_length_22758_cov_8.333524	1	22758	2458	22725	99.855	9.4521	36.3	0.945
NODE_114_length_22362_cov_39.010266	1	22362	571	17532	78.4009	2.23518	36.3	1.04
NODE_119_length_21232_cov_24.778675	1	21232	7894	21224	99.9623	32.7481	36.6	0.983
NODE_120_length_20547_cov_20.156207	1	20547	4120	19993	97.3037	17.0537	35.3	41.5
NODE_181_length_12451_cov_62.323975	1	12451	452	10866	87.2701	3.2656	37.5	0.982
NODE_214_length_10360_cov_3.570597	1	10360	202	7416	71.583	1.66583	35.3	40.4
NODE_286_length_7275_cov_4.567867	1	7275	8	511	7.02405	0.095945	36.3	42
NODE_309_length_6605_cov_445.087328	1	6605	53	2567	38.8645	0.706283	36.2	0.962
NODE_15_length_35381_cov_29.469003	1	35381	0	0	0	0	0	0
NODE_86_length_6245_cov_8.653635	1	6245	0	0	0	0	0	0
NODE_99_length_5721_cov_1061.804977	1	5721	0	0	0	0	0	0
NODE_102_length_5581_cov_15638.208288	1	5581	0	0	0	0	0	0
NODE_104_length_5514_cov_1878.878732	1	5514	0	0	0	0	0	0
NODE_258_length_5581_cov_2813.330800	1	5581	0	0	0	0	0	0
NODE_262_length_5514_cov_38.326067	1	5514	0	0	0	0	0	0
NODE_11_length_37351_cov_3.546841	1	37351	0	0	0	0	0	0
NODE_14_length_35381_cov_20.886033	1	35381	0	0	0	0	0	0
NODE_86_length_17581_cov_4.636540	1	17581	0	0	0	0	0	0
NODE_205_length_5514_cov_740.579227	1	5514	0	0	0	0	0	0
NODE_103_length_15861_cov_5.174997	1	15861	0	0	0	0	0	0
NODE_235_length_5514_cov_1351.351346	1	5514	0	0	0	0	0	0
NODE_176_length_5514_cov_454.349698	1	5514	0	0	0	0	0	0
NODE_113_length_5514_cov_54.894486	1	5514	0	0	0	0	0	0
NODE_96_length_11662_cov_7.022019	1	11662	0	0	0	0	0	0
NODE_137_length_7399_cov_2.692266	1	7399	0	0	0	0	0	0
NODE_164_length_6286_cov_3.027283	1	6286	0	0	0	0	0	0
NODE_79_length_6268_cov_7.561404	1	6268	0	0	0	0	0	0
NODE_66_length_7415_cov_2.395924	1	7415	0	0	0	0	0	0
NODE_286_length_7396_cov_5.191118	1	7396	0	0	0	0	0	0
NODE_60_length_14961_cov_14.778747	1	14961	0	0	0	0	0	0
NODE_53_length_30710_cov_4.642636	1	30710	0	0	0	0	0	0
NODE_55_length_29701_cov_27.068205	1	29701	0	0	0	0	0	0
NODE_101_length_12031_cov_26.306363	1	12031	0	0	0	0	0	0
NODE_153_length_7396_cov_5.593380	1	7396	0	0	0	0	0	0
NODE_278_length_7396_cov_6.279662	1	7396	0	0	0	0	0	0
NODE_390_length_5581_cov_3.514839	1	5581	0	0	0	0	0	0
