#rname	startpos	endpos	numreads	covbases	coverage	meandepth	meanbaseq	meanmapq
DAS_Check_Bin_09_k119_41989:3-49450	1	45022	244436	44710	99.307	469.082	35.9	41.7
NODE_39_length_37768_cov_25.508657	1	35529	71	5695	16.0292	0.177573	36.4	0.986
NODE_21_length_46020_cov_7.992255	1	44173	1	91	0.206008	0.00206008	39.4	1
NODE_68_length_36781_cov_8.797283	1	22515	1852	22469	99.7957	7.19129	36.3	2.92
NODE_18_length_65286_cov_9.613313	1	61998	1069	44343	71.5233	1.49627	36.1	0.993
DAS_Check_Bin_01_k119_158026:3-190576	1	190574	30	2599	1.36377	0.0139526	36.2	42
DAS_Check_Bin_01_k119_45347:194-20015	1	19822	2	119	0.600343	0.00918172	37.1	13.5
DAS_Check_Bin_07_k119_159765:247-42184	1	41938	12	1079	2.57285	0.0257285	36.4	42
NODE_10_length_44613_cov_10.908120	1	44613	819	34367	77.0336	1.56499	35.8	0.987
NODE_13_length_36623_cov_12.491687	1	36623	2297	35987	98.2634	5.47749	36.4	0.99
NODE_14_length_36060_cov_13.057825	1	36060	39982	36029	99.914	95.2852	35.8	0.996
NODE_16_length_35370_cov_4.255189	1	35370	3662	35249	99.6579	9.09644	36.6	0.991
NODE_18_length_31157_cov_3.163269	1	31157	8204	31124	99.8941	23.1703	36.7	0.985
NODE_22_length_23860_cov_5.129553	1	23860	611	21051	88.2272	2.22129	36	5.55
NODE_25_length_23308_cov_5.171419	1	23308	1445	22473	96.4175	5.31363	35.6	0.997
NODE_28_length_21720_cov_3.485299	1	21720	682	19399	89.314	2.61377	35	0.997
NODE_38_length_13971_cov_7.375898	1	13971	410	12011	85.9709	2.58442	37	0.993
NODE_39_length_13673_cov_7.531429	1	13673	17757	13626	99.6563	115.432	37.2	1.12
NODE_86_length_6245_cov_8.653635	1	6245	12	915	14.6517	0.173899	35.6	1
NODE_88_length_6209_cov_8.324829	1	6209	1891939	6209	100	26697.1	36.5	0.993
NODE_96_length_5842_cov_1098.051840	1	5842	910	4912	84.0808	13.2092	35.7	1.01
NODE_105_length_5492_cov_29.344308	1	5492	16	1263	22.9971	0.256009	34.8	3.12
NODE_109_length_5407_cov_11252.763079	1	5407	5983	5218	96.5045	96.6948	36.3	1
NODE_120_length_5084_cov_34199.553390	1	5084	22751	5072	99.764	391.299	36.4	0.995
NODE_2_length_172485_cov_32.775068	1	172485	2368	112483	65.2132	1.21415	37.1	1.03
NODE_6_length_61068_cov_9.739465	1	61068	15944	61057	99.982	22.9944	36.7	1.04
NODE_7_length_58087_cov_6.947994	1	58087	4122	57504	98.9963	6.24682	36.7	0.994
NODE_11_length_41469_cov_25.463877	1	41469	3687	40270	97.1087	7.84036	36.7	1.03
NODE_12_length_40031_cov_3.840454	1	40031	3652	22957	57.3481	7.95553	36.1	38
NODE_17_length_37325_cov_319.259539	1	37325	170	11593	31.0596	0.403965	37.4	0.994
NODE_19_length_36060_cov_32.684877	1	36060	40390	35982	99.7837	96.4103	35.8	0.993
NODE_23_length_32292_cov_5.397959	1	32292	5083	32213	99.7554	13.5923	35.9	0.995
NODE_24_length_31545_cov_5.801683	1	31545	143	8686	27.5353	0.368489	34.5	8.62
NODE_28_length_27475_cov_4.040518	1	27475	2025	26811	97.5833	6.26264	35.4	1.2
NODE_30_length_25734_cov_5.275400	1	25734	584	20718	80.5083	2.00758	36.8	0.983
NODE_31_length_25359_cov_5.009406	1	25359	1916	25100	98.9787	6.65618	36.7	0.99
NODE_41_length_22305_cov_25.908899	1	22305	3436	22249	99.7489	13.1666	35.7	3.26
NODE_42_length_22193_cov_5.490695	1	22193	1118	20198	91.0107	4.295	35.6	37.5
NODE_48_length_18890_cov_3.341333	1	18890	97	1154	6.10905	0.445791	35.9	0.33
NODE_52_length_17580_cov_3.189843	1	17580	318	13908	79.1126	1.54801	35.3	0.991
NODE_214_length_6245_cov_8.318255	1	6245	16	1118	17.9023	0.216013	35.5	1
NODE_217_length_6209_cov_8.798343	1	6209	1829644	6209	100	25825.5	36.5	0.994
NODE_268_length_5407_cov_226.692078	1	5407	6835	5305	98.1136	110.21	36.2	0.994
NODE_292_length_5084_cov_88208.156095	1	5084	23695	4940	97.1676	407.575	36.4	0.993
NODE_9_length_43915_cov_6.954241	1	43915	885	34465	78.4812	1.73376	35.7	0.988
NODE_10_length_38461_cov_14.877649	1	38461	1361	35182	91.4745	3.09917	36.6	17.9
NODE_12_length_36623_cov_10.841993	1	36623	2359	36341	99.23	5.64511	36.5	0.994
NODE_16_length_25443_cov_3.831850	1	25443	2485	25349	99.6305	8.59435	36.7	0.991
NODE_25_length_21201_cov_4.167171	1	21201	598	18438	86.9676	2.46408	36.1	1.03
NODE_34_length_13780_cov_2.793515	1	13780	497	12946	93.9478	3.12808	35.9	0.992
NODE_39_length_12439_cov_7.203731	1	12439	333	10850	87.2257	2.37238	37.1	1.32
NODE_57_length_7439_cov_2.481446	1	7439	160	3446	46.3234	1.91249	36.6	40.5
NODE_72_length_6209_cov_12.989275	1	6209	1851065	6209	100	26116.7	36.5	0.993
NODE_76_length_5842_cov_1509.613790	1	5842	853	5228	89.4899	12.4587	35.7	0.991
NODE_87_length_5402_cov_34.239200	1	5402	13	947	17.5305	0.216586	35	0.462
NODE_89_length_5277_cov_5.447721	1	5277	8013	5274	99.9431	131.346	36	0.996
NODE_4_length_238892_cov_6.753413	1	238892	13160	152170	63.6982	4.80749	36.3	19.4
NODE_5_length_189738_cov_6.430987	1	189738	15794	145305	76.5819	7.27904	36.3	33.4
NODE_10_length_119230_cov_6.136941	1	119230	8435	109831	92.1169	6.16331	36.2	1.01
NODE_12_length_90299_cov_8.811644	1	90299	507	33474	37.0702	0.499684	37.5	41.6
NODE_13_length_76125_cov_44.994597	1	76125	1930	47340	62.1872	2.23637	36.9	0.984
NODE_18_length_62590_cov_137.633981	1	62590	20175	62048	99.134	27.5483	35.5	34.4
NODE_20_length_55983_cov_7.738449	1	55983	18608	31895	56.9727	28.7899	36.1	1.1
NODE_23_length_52152_cov_8.571204	1	52152	26	2192	4.2031	0.0450031	37.7	31.5
NODE_24_length_47733_cov_200.310583	1	47733	10662	47589	99.6983	19.7694	36.9	1.16
NODE_32_length_43849_cov_21.327442	1	43849	4428	43662	99.5735	8.85804	36.5	0.992
NODE_34_length_42243_cov_6.125960	1	42243	837	33539	79.3954	1.75658	36.7	0.984
NODE_40_length_37489_cov_12.035128	1	37489	1154	33712	89.925	2.54837	35	0.992
NODE_41_length_37113_cov_5.778240	1	37113	5951	37038	99.7979	13.8514	35.9	0.993
NODE_44_length_36060_cov_186.741564	1	36060	40899	36042	99.9501	97.3956	35.8	0.991
NODE_57_length_28964_cov_3.647964	1	28964	288	16930	58.4519	0.867042	36.2	41.2
NODE_58_length_28915_cov_2.851594	1	28915	448	20144	69.6663	1.3494	36.4	0.987
NODE_61_length_27709_cov_4.008787	1	27709	485	20232	73.016	1.50352	35.6	0.992
NODE_63_length_26925_cov_11.515333	1	26925	489	20685	76.8245	1.53378	35.2	2.13
NODE_64_length_26668_cov_4.755420	1	26668	81	5611	21.0402	0.2566	35.2	1.27
NODE_66_length_25532_cov_5.218589	1	25532	2464	25110	98.3472	8.51719	36.5	1.04
NODE_69_length_23559_cov_18.031867	1	23559	2776	22171	94.1084	10.142	36	12.7
NODE_71_length_22160_cov_3.786655	1	22160	577	19648	88.6643	2.29598	36.6	1.03
NODE_94_length_15427_cov_6.269321	1	15427	860	14632	94.8467	4.6278	34.8	41.7
NODE_95_length_15356_cov_3.584733	1	15356	982	13872	90.336	5.33954	35	2.56
NODE_113_length_12763_cov_3.351196	1	12763	1	91	0.712999	0.00712999	36.4	23
NODE_165_length_6963_cov_2699.768674	1	6963	179	5927	85.1214	2.26009	36.8	1.04
NODE_180_length_6209_cov_8.318817	1	6209	1854084	6209	100	26160.8	36.5	0.994
NODE_194_length_5842_cov_59.714187	1	5842	1418	5483	93.8548	20.8242	35.9	1.53
NODE_203_length_5535_cov_3.585219	1	5535	322	5426	98.0307	5.05583	36.1	41
NODE_209_length_5407_cov_424.684417	1	5407	7283	5292	97.8731	117.672	36.3	0.993
NODE_212_length_5277_cov_13.385101	1	5277	8341	5275	99.9621	137.144	36	0.997
NODE_213_length_5084_cov_56753.835156	1	5084	23005	5082	99.9607	395.676	36.5	0.995
NODE_3_length_160031_cov_246.186322	1	160031	1947	100865	63.0284	1.08366	37.1	1
NODE_4_length_135187_cov_5.588891	1	135187	2349	54934	40.6356	1.51086	36.4	0.976
NODE_11_length_82624_cov_5.458404	1	82624	2384	47133	57.0452	2.52418	36.3	0.909
NODE_20_length_47234_cov_31.155747	1	47234	7607	47022	99.5512	13.8448	35.9	3.91
NODE_22_length_45867_cov_5.463743	1	45867	903	34562	75.3527	1.69773	35.8	0.99
NODE_24_length_43860_cov_6.177765	1	43860	37	2933	6.68719	0.0736434	36.1	42
NODE_25_length_43849_cov_10.709458	1	43849	4514	43807	99.9042	9.05188	36.7	0.986
NODE_27_length_42291_cov_8.031513	1	42291	732	31509	74.5052	1.52581	36.8	0.982
NODE_30_length_41337_cov_7.787607	1	41337	6075	41179	99.6178	12.65	35.8	0.992
NODE_33_length_39957_cov_24.373239	1	39957	43036	39914	99.8924	93.7329	36.1	1.12
NODE_34_length_38904_cov_21.835774	1	38904	197	11653	29.9532	0.445224	36.9	0.964
NODE_37_length_37729_cov_6.620083	1	37729	87	6728	17.8324	0.204856	36.7	0.989
NODE_38_length_37629_cov_17.014451	1	37629	1197	33576	89.2291	2.65003	34.9	0.998
NODE_42_length_35867_cov_6.690467	1	35867	1040	25934	72.306	2.43238	35.2	41.8
NODE_43_length_35817_cov_5.543007	1	35817	794	29881	83.4269	1.94031	36.4	7.57
NODE_46_length_35128_cov_9.695264	1	35128	1466	4521	12.8701	3.63471	36.3	30.2
NODE_47_length_34443_cov_6.100820	1	34443	167	11597	33.6701	0.432831	37.6	41.1
NODE_49_length_32550_cov_5.505924	1	32550	611	23770	73.0261	1.57539	35.1	14.7
NODE_72_length_21497_cov_3.547617	1	21497	1800	21209	98.6603	7.26711	36.3	41.1
NODE_77_length_19576_cov_17.607807	1	19576	1160	18038	92.1434	5.08153	35.9	4.36
NODE_210_length_6209_cov_9.798343	1	6209	1866402	6209	100	26355.8	36.5	0.993
NODE_243_length_5277_cov_12.775565	1	5277	8158	5277	100	133.836	36	0.996
NODE_249_length_5084_cov_78920.386956	1	5084	23242	5083	99.9803	400.242	36.5	0.994
NODE_1_length_164730_cov_5.305092	1	164730	10867	134988	81.945	5.72572	36.2	10
NODE_2_length_124404_cov_11.033221	1	124404	41418	124348	99.955	29.6233	37.5	0.992
NODE_4_length_117427_cov_5.768318	1	117427	2034	45417	38.6768	1.51117	36.5	0.974
NODE_8_length_96678_cov_134.288192	1	96678	1043	57247	59.2141	0.957446	37.4	0.987
NODE_28_length_43893_cov_22.428281	1	43893	4416	43738	99.6469	8.83444	36.6	0.993
NODE_29_length_42291_cov_14.926058	1	42291	734	31738	75.0467	1.53075	36.8	0.996
NODE_33_length_37337_cov_16.555415	1	37337	6695	37102	99.3706	15.426	35.9	1.86
NODE_34_length_37325_cov_110.555514	1	37325	155	10948	29.3315	0.369538	37.1	0.981
NODE_36_length_36495_cov_5.297722	1	36495	64	4975	13.632	0.152651	36.4	0.969
NODE_38_length_36114_cov_4.509720	1	36114	1836	34691	96.0597	4.49607	36.9	0.995
NODE_39_length_36060_cov_13.462408	1	36060	40608	36029	99.914	96.8219	35.8	0.993
NODE_48_length_30963_cov_4.644332	1	30963	5603	13346	43.1031	16.1292	37.7	1.1
NODE_54_length_29179_cov_6.736266	1	29179	1778	28672	98.2624	5.31958	36.5	0.986
NODE_66_length_21974_cov_4.464985	1	21974	592	18435	83.8946	2.22681	35	0.997
NODE_181_length_6454_cov_8661.914049	1	6454	1120	2233	34.5987	15.1673	36.6	0.991
NODE_228_length_5277_cov_15.499043	1	5277	8111	5277	100	133.355	36	0.996
NODE_232_length_5084_cov_53965.325313	1	5084	22691	5084	100	389.367	36.4	0.994
NODE_2_length_164227_cov_5.664328	1	164227	6414	99613	60.6557	3.41326	36.4	0.949
NODE_17_length_61395_cov_5.757956	1	61395	2157	38083	62.0295	3.06812	36.2	0.914
NODE_26_length_47746_cov_5.112222	1	47746	4764	12912	27.0431	8.92582	37.8	1.22
NODE_31_length_42291_cov_15.102069	1	42291	790	32529	76.9171	1.64652	36.9	0.98
NODE_48_length_29632_cov_4.402171	1	29632	871	25786	87.0208	2.43602	34.9	0.993
NODE_50_length_28964_cov_4.022381	1	28964	75	5429	18.744	0.224313	36.8	0.92
NODE_51_length_27921_cov_3.034092	1	27921	549	21915	78.4893	1.69052	35.8	0.987
NODE_55_length_25017_cov_5.657880	1	25017	953	22910	91.5777	3.28992	36.1	0.986
NODE_56_length_24833_cov_5.809872	1	24833	1723	24303	97.8657	6.03906	36.4	0.994
NODE_97_length_12527_cov_5.050513	1	12527	256	9421	75.2056	1.81839	37.5	1.61
NODE_184_length_5277_cov_11.715818	1	5277	8403	5274	99.9431	138.253	35.9	0.997
NODE_193_length_5034_cov_15.769632	1	5034	817	5013	99.5828	13.9348	35.7	16.2
NODE_1_length_114607_cov_10.147007	1	114607	1731	77373	67.5116	1.34169	37.2	0.988
NODE_4_length_36816_cov_7.960991	1	36816	5744	36776	99.8914	13.4693	35.9	0.991
NODE_5_length_36230_cov_4.885114	1	36230	101	7380	20.3699	0.242589	36.5	42
NODE_10_length_27385_cov_7.189535	1	27385	144	9087	33.1824	0.460033	37	1
NODE_11_length_26673_cov_11.045683	1	26673	2365	26607	99.7526	7.61377	35.7	0.985
NODE_20_length_17239_cov_6.178596	1	17239	137	7742	44.9098	0.68461	35.5	1
NODE_86_length_6209_cov_9.690445	1	6209	1866363	6209	100	26342.9	36.5	0.993
NODE_124_length_5277_cov_25.805247	1	5277	8440	5277	100	139.017	36	0.996
NODE_1_length_167064_cov_31.023334	1	167064	21556	166772	99.8252	11.4024	37	0.99
NODE_7_length_61042_cov_7.357896	1	61042	16280	61033	99.9853	23.4517	36.7	1.21
NODE_11_length_50106_cov_8.639548	1	50106	7843	49950	99.6887	13.4916	35.8	1.43
NODE_13_length_47685_cov_12.449024	1	47685	12057	47667	99.9623	22.3151	36.9	0.998
NODE_14_length_46328_cov_8.666393	1	46328	2758	44920	96.9608	5.12152	35.8	1.01
NODE_26_length_33164_cov_59.471171	1	33164	27742	33162	99.994	74.5814	37.6	0.985
NODE_27_length_32852_cov_6.310150	1	32852	1006	29350	89.3401	2.67704	36.2	0.984
NODE_29_length_31681_cov_4.792196	1	31681	693	25259	79.7292	1.87232	35.6	1.04
NODE_32_length_29822_cov_3.040481	1	29822	4998	29179	97.8439	14.0964	35.2	10.5
NODE_37_length_23975_cov_6.355811	1	23975	11368	23972	99.9875	41.0956	36.1	0.992
NODE_79_length_8516_cov_194.794823	1	8516	467	8290	97.3462	4.91522	37.7	0.989
NODE_109_length_6469_cov_258.754599	1	6469	10722	6469	100	146.31	36.8	0.994
NODE_117_length_6209_cov_39356.593760	1	6209	1834614	6209	100	25876.2	36.4	0.994
NODE_131_length_5556_cov_340.263043	1	5556	13363	5556	100	206.267	35.7	0.997
NODE_139_length_5354_cov_334.782412	1	5354	742	5323	99.421	11.8756	35.8	0.995
NODE_147_length_5084_cov_13961.725393	1	5084	33475	5084	100	576.517	36.5	0.994
NODE_3_length_123329_cov_12.346099	1	123329	41641	123326	99.9976	30.0394	37.4	0.986
NODE_6_length_84822_cov_16.799037	1	84822	22378	84680	99.8326	23.412	37.2	1.38
NODE_7_length_82293_cov_17.234271	1	82293	1301	58842	71.503	1.34721	35.5	0.991
NODE_13_length_50138_cov_17.827646	1	50138	8041	50105	99.9342	13.7734	35.8	1.47
NODE_17_length_47511_cov_6.251033	1	47511	1078	39198	82.503	1.9501	35.5	0.973
NODE_22_length_41227_cov_3.669387	1	41227	3138	40951	99.3305	6.68091	36.7	0.988
NODE_24_length_39433_cov_10.753847	1	39433	22530	39433	100	49.7331	36.2	20.8
NODE_34_length_29970_cov_6.653919	1	29970	6252	29944	99.9132	17.9648	35.8	0.991
NODE_35_length_29279_cov_5.928107	1	29279	1678	28649	97.8483	5.10707	37.6	1.1
NODE_36_length_28663_cov_6.412088	1	28663	1034	25806	90.0324	3.12323	36.2	0.982
NODE_39_length_25023_cov_3.154598	1	25023	878	22874	91.4119	3.04736	36.1	1.02
NODE_41_length_24643_cov_3.795713	1	24643	901	22615	91.7705	3.08485	35	0.984
NODE_42_length_24457_cov_5.553315	1	24457	2540	24376	99.6688	9.00605	36	0.98
NODE_46_length_21332_cov_3.397377	1	21332	188	10845	50.8391	0.757594	35.5	0.995
NODE_52_length_17163_cov_9.937398	1	17163	649	16473	95.9797	3.27693	35.8	0.992
NODE_119_length_6469_cov_423.735111	1	6469	10498	6469	100	142.979	36.7	0.995
NODE_133_length_5840_cov_3038.520311	1	5840	6047	5831	99.8459	90.2394	36.1	2.5
NODE_140_length_5469_cov_7.356114	1	5469	2444	5469	100	35.0229	33.7	41.9
NODE_1_length_157272_cov_245.867635	1	157272	2139	102860	65.4026	1.20893	37.2	1.15
NODE_3_length_116508_cov_7.831949	1	116508	13046	116303	99.824	9.91737	36.9	0.993
NODE_5_length_78818_cov_6.835964	1	78818	13282	78372	99.4341	14.7288	36.3	25.5
NODE_8_length_61519_cov_6.420002	1	61519	1173	46240	75.1638	1.64502	36.1	1.06
NODE_11_length_55539_cov_10.359851	1	55539	2152	52983	95.3978	3.375	36.3	5.5
NODE_12_length_54742_cov_5.935359	1	54742	4537	53506	97.7421	7.24537	36.4	13.3
NODE_15_length_49707_cov_409.118646	1	49707	22936	49624	99.833	39.994	36.1	4.07
NODE_19_length_46049_cov_20.145976	1	46049	696	31777	69.0069	1.32565	36.5	0.996
NODE_31_length_37539_cov_17.903879	1	37539	1099	32521	86.6326	2.52599	36.2	1
NODE_32_length_37308_cov_5.588865	1	37308	988	32568	87.295	2.3262	36.5	1.5
NODE_38_length_34710_cov_5.008022	1	34710	589	25496	73.4543	1.42852	35.5	0.992
NODE_39_length_34383_cov_15.503059	1	34383	199	14071	40.9243	0.507344	36.1	16.1
NODE_40_length_33198_cov_25.854600	1	33198	8095	33141	99.8283	21.4077	36.5	1.03
NODE_41_length_33019_cov_71.818742	1	33019	426	20275	61.404	1.1129	36.1	1.09
NODE_42_length_30783_cov_6.353228	1	30783	810	27364	88.8932	2.31514	36.4	0.991
NODE_43_length_30206_cov_3.324367	1	30206	1870	29747	98.4804	5.39439	36.2	41.7
NODE_51_length_25704_cov_4.962455	1	25704	1528	25009	97.2961	5.13274	35.8	0.986
NODE_60_length_19783_cov_3.659621	1	19783	1106	19423	98.1803	4.97801	37.6	0.991
NODE_68_length_16862_cov_6.336764	1	16862	2243	16848	99.917	11.1481	35	2.65
NODE_137_length_7399_cov_2.692266	1	7399	3	251	3.39235	0.0339235	34.3	1
NODE_157_length_6469_cov_65.568288	1	6469	10459	6467	99.9691	142.279	36.7	0.992
NODE_186_length_5556_cov_469.135975	1	5556	13844	5556	100	213.907	35.7	0.995
NODE_193_length_5407_cov_407.749626	1	5407	10959	5407	100	177.547	36.2	1.31
NODE_194_length_5354_cov_104.200415	1	5354	701	5316	99.2903	11.3343	35.9	0.976
NODE_196_length_5277_cov_172.009958	1	5277	8344	5277	100	137.381	36	0.996
NODE_4_length_95966_cov_30.590652	1	95966	74910	95920	99.9521	68.3138	36.5	3.5
NODE_6_length_82210_cov_5.532554	1	82210	1292	57319	69.7227	1.33357	35.4	0.996
NODE_11_length_50594_cov_377.385821	1	50594	323611	50594	100	559.631	36.3	1.18
NODE_15_length_36350_cov_5.563659	1	36350	8408	36324	99.9285	20.4188	36.9	1
NODE_16_length_36268_cov_5.202911	1	36268	2390	35650	98.296	5.76875	36.5	0.988
NODE_17_length_36060_cov_30.766366	1	36060	45697	36058	99.9945	109.039	35.9	0.992
NODE_22_length_25354_cov_3.861378	1	25354	2405	25258	99.6214	8.32977	36.5	0.99
NODE_25_length_22867_cov_5.385543	1	22867	151	10339	45.2136	0.573009	36.4	1
NODE_4_length_50595_cov_67.659972	1	50595	319627	50595	100	552.807	36.3	0.99
NODE_9_length_29359_cov_4.137114	1	29359	9578	29351	99.9728	28.3547	36.2	1.5
NODE_22_length_12612_cov_2.735526	1	12612	2960	12594	99.8573	19.7203	35	1.84
NODE_3_length_50595_cov_82.409794	1	50595	319907	50595	100	553.086	36.3	0.99
NODE_5_length_44363_cov_4.177530	1	44363	21636	44346	99.9617	42.2866	36.1	1.43
NODE_7_length_36147_cov_14.136346	1	36147	46587	36145	99.9945	110.954	35.9	1.23
NODE_18_length_15213_cov_9.438580	1	15213	33581	15213	100	194.874	36.8	41.6
NODE_47_length_5840_cov_40.463440	1	5840	6258	5836	99.9315	93.4723	36.1	1.16
NODE_51_length_5556_cov_13.876568	1	5556	13903	5556	100	215.181	35.7	0.995
NODE_57_length_5407_cov_151.267377	1	5407	11854	5407	100	191.958	36.3	1.04
NODE_62_length_5084_cov_1208.538278	1	5084	34377	5084	100	593.103	36.5	0.994
NODE_2_length_148288_cov_23.186888	1	148288	70256	148283	99.9966	42.156	37.4	12.9
NODE_6_length_84805_cov_14.802077	1	84805	22805	84803	99.9976	23.8415	37.2	1.06
NODE_23_length_41397_cov_28.250593	1	41397	14005	41393	99.9903	30.2226	37.7	0.984
NODE_24_length_41128_cov_5.105933	1	41128	8055	41087	99.9003	16.8368	35.8	1.02
NODE_25_length_41104_cov_10.069039	1	41104	10660	41048	99.8638	22.7008	36.4	1.11
NODE_35_length_36642_cov_6.903080	1	36642	2452	36015	98.2888	5.84873	36.4	0.993
NODE_42_length_32103_cov_4.370444	1	32103	8400	32056	99.8536	22.9635	36.6	41.5
NODE_45_length_29051_cov_4.288419	1	29051	586	22019	75.7943	1.78727	36.8	0.997
NODE_47_length_27680_cov_4.110081	1	27680	3270	27444	99.1474	10.1432	35.7	0.996
NODE_51_length_25928_cov_4.825185	1	25928	1552	25584	98.6732	5.36447	37.6	0.987
NODE_54_length_22851_cov_9.800140	1	22851	4660	22754	99.5755	17.5752	35.9	1.01
NODE_102_length_12697_cov_5.155751	1	12697	486	12098	95.2824	3.36725	37.1	4.4
NODE_158_length_8436_cov_3.682138	1	8436	412	8231	97.5699	4.35882	37.6	0.993
NODE_209_length_6209_cov_65496.679721	1	6209	1920672	6209	100	27108.7	36.5	1.19
NODE_235_length_5556_cov_134.878749	1	5556	13525	5555	99.982	209.115	35.7	0.996
NODE_249_length_5277_cov_379.647453	1	5277	8363	5277	100	137.341	36	0.997
NODE_4_length_133646_cov_16.294571	1	133646	45196	133646	100	29.5942	36.3	16.3
NODE_7_length_115553_cov_35.746429	1	115553	49101	115524	99.9749	37.7986	37.4	0.987
NODE_18_length_57319_cov_76.520624	1	57319	59713	57209	99.8081	90.3589	36.1	1.02
NODE_24_length_50596_cov_1234.024079	1	50596	320573	50596	100	554.218	36.3	0.99
NODE_35_length_43849_cov_26.763073	1	43849	4284	43697	99.6534	8.58293	36.6	0.989
NODE_38_length_43069_cov_9.555959	1	43069	3153	42654	99.0364	6.39444	36.3	1.53
NODE_42_length_41397_cov_33.888709	1	41397	13883	41388	99.9783	29.949	37.8	0.985
NODE_49_length_38057_cov_4.796748	1	38057	3323	37921	99.6426	7.70949	36.9	14.7
NODE_51_length_37849_cov_4.749140	1	37849	646	28378	74.9769	1.51499	36.9	1.09
NODE_53_length_36807_cov_5.676671	1	36807	3747	36541	99.2773	8.61486	35.4	21.7
NODE_61_length_31489_cov_8.070020	1	31489	2208	31327	99.4855	6.18626	36.7	0.993
NODE_63_length_27891_cov_6.995761	1	27891	2841	27775	99.5841	8.90692	36.3	17.6
NODE_64_length_27677_cov_8.435522	1	27677	3186	27661	99.9422	9.69104	35.3	1.59
NODE_69_length_26777_cov_5.823441	1	26777	979	24515	91.5525	3.0282	34.9	2.07
NODE_76_length_25339_cov_4.381387	1	25339	754	22716	89.6484	2.62623	36.6	1.01
NODE_77_length_25099_cov_4.340960	1	25099	1895	24889	99.1633	6.47831	35.9	6.66
NODE_78_length_24488_cov_6.858102	1	24488	5278	24469	99.9224	18.7002	36.1	41.7
NODE_80_length_24274_cov_3.099385	1	24274	2674	24274	100	9.41905	35.5	40.9
NODE_86_length_22502_cov_3.552991	1	22502	1389	22194	98.6312	5.47791	36.9	10.4
NODE_101_length_17827_cov_4.586484	1	17827	1412	17817	99.9439	6.65362	35	2.45
NODE_110_length_17112_cov_3.368119	1	17112	675	16434	96.0379	3.40644	35.8	0.994
NODE_192_length_8422_cov_5.291144	1	8422	414	7981	94.7637	4.37841	37.7	0.981
NODE_229_length_6678_cov_5.842066	1	6678	219	6085	91.1201	2.88275	36.9	1.33
NODE_261_length_5874_cov_27.383915	1	5874	663	5735	97.6336	9.722	35.8	0.985
NODE_4_length_127150_cov_117.090247	1	127150	43838	127148	99.9984	30.685	37.5	1.11
NODE_7_length_88941_cov_46.993812	1	88941	35829	88919	99.9753	35.8521	37.4	20.3
NODE_11_length_72839_cov_23.773563	1	72839	30831	72729	99.849	36.2822	35.7	41.8
NODE_21_length_59130_cov_12.292323	1	59130	4011	58388	98.7451	5.99308	36.7	0.985
NODE_23_length_57177_cov_114.389377	1	57177	59539	57095	99.8566	90.3079	36.1	1
NODE_28_length_50596_cov_1491.292179	1	50596	320606	50596	100	554.315	36.3	0.988
NODE_30_length_49587_cov_4.531979	1	49587	1724	46163	93.095	3.04239	36.3	0.981
NODE_35_length_46803_cov_6.051467	1	46803	6440	46740	99.8654	12.0116	36.2	20.4
NODE_36_length_46752_cov_29.126753	1	46752	8672	46727	99.9465	15.9374	35.7	1.05
NODE_39_length_43620_cov_4.962217	1	43620	1262	39803	91.2494	2.54541	36.7	0.984
NODE_40_length_43084_cov_6.633898	1	43084	697	29684	68.898	1.37432	35.5	1.28
NODE_45_length_40665_cov_4.748239	1	40665	762	31601	77.7106	1.64889	36.6	1.15
NODE_50_length_39226_cov_10.101606	1	39226	6199	39128	99.7502	13.9237	36.7	41.4
NODE_56_length_37457_cov_9.262072	1	37457	1425	34906	93.1895	3.32253	36.2	3.55
NODE_58_length_37241_cov_46.337493	1	37241	9891	37050	99.4871	23.2597	36.4	1.19
NODE_59_length_37102_cov_7.659028	1	37102	4572	37048	99.8545	10.5209	35.7	0.995
NODE_60_length_36992_cov_10.212497	1	36992	3992	36761	99.3755	9.5336	36.8	21.1
NODE_64_length_33972_cov_8.070260	1	33972	3574	33851	99.6438	9.1976	36.4	41.6
NODE_68_length_32950_cov_15.789907	1	32950	1843	32034	97.22	4.80692	35.9	1.1
NODE_75_length_29643_cov_5.344836	1	29643	2652	29511	99.5547	7.98178	37.6	41.3
NODE_76_length_29309_cov_5.208553	1	29309	2196	28895	98.5875	6.4516	35.9	11.9
NODE_77_length_28348_cov_7.729650	1	28348	2148	28231	99.5873	6.70192	36.8	0.97
NODE_80_length_27821_cov_14.253908	1	27821	6847	27794	99.903	21.2356	36	3.01
NODE_90_length_25254_cov_6.697329	1	25254	1731	24568	97.2836	5.86545	35.6	0.984
NODE_92_length_24473_cov_5.235728	1	24473	699	21857	89.3107	2.50325	36.6	0.99
NODE_98_length_23476_cov_4.904359	1	23476	1563	23359	99.5016	5.89802	36.9	14.1
NODE_107_length_20703_cov_32.120399	1	20703	1521	20401	98.5413	6.29431	35.7	0.968
NODE_118_length_18955_cov_3.719365	1	18955	1303	18222	96.1329	5.79916	35.4	41.6
NODE_119_length_18951_cov_5.567686	1	18951	975	18491	97.5727	4.46668	36.2	0.992
NODE_127_length_17877_cov_5.437717	1	17877	952	17657	98.7694	4.6439	36.2	41.6
NODE_337_length_5407_cov_169.755419	1	5407	11197	5407	100	181.343	36.3	0.994
NODE_345_length_5277_cov_154.251628	1	5277	8169	5276	99.981	134.422	36	0.996
NODE_17_length_37229_cov_5.527304	1	37229	3616	36794	98.8316	8.56158	36.7	1.08
NODE_35_length_16708_cov_7.810064	1	16708	3653	16676	99.8085	18.3773	35.1	2.53
NODE_79_length_6268_cov_7.561404	1	6268	20	1308	20.8679	0.268347	35.3	1
NODE_1_length_167064_cov_29.887916	1	167064	21618	166787	99.8342	11.4292	37	1.02
NODE_2_length_128004_cov_9.723710	1	128004	1836	86099	67.2627	1.27815	37.2	1
NODE_9_length_50597_cov_221.425567	1	50597	324442	50597	100	560.762	36.3	1.01
NODE_15_length_44579_cov_4.400862	1	44579	180	12667	28.4147	0.346553	36.1	1.37
NODE_25_length_26906_cov_5.574876	1	26906	1586	26307	97.7737	5.05244	35.7	1.22
NODE_66_length_7415_cov_2.395924	1	7415	8	688	9.27849	0.0979096	37	3.5
NODE_81_length_6245_cov_24.756704	1	6245	25	1662	26.6133	0.347638	36	1
NODE_98_length_5354_cov_128.256463	1	5354	776	5334	99.6264	12.4427	35.7	0.978
NODE_14_length_82374_cov_240.205894	1	82374	1315	57937	70.3341	1.36121	35.5	0.991
NODE_21_length_64073_cov_37.552313	1	64073	271	18884	29.4726	0.363008	35.9	13.6
NODE_22_length_61496_cov_10.163685	1	61496	1257	47223	76.7904	1.77504	36	0.99
NODE_27_length_56163_cov_10.570810	1	56163	5208	55838	99.4213	8.11463	36.3	1.25
NODE_29_length_50686_cov_11.681381	1	50686	373	21770	42.9507	0.610879	34.7	0.995
NODE_34_length_49123_cov_12.946462	1	49123	1162	39279	79.9605	2.01173	35.6	18.3
NODE_35_length_48678_cov_17.660634	1	48678	1103	39628	81.4084	1.95935	35.6	0.972
NODE_36_length_48286_cov_161.551720	1	48286	46171	48137	99.6914	85.3476	37.7	10.3
NODE_41_length_46049_cov_22.527873	1	46049	683	31481	68.3641	1.30385	36.5	1.59
NODE_42_length_46014_cov_7.064688	1	46014	2954	44775	97.3073	5.60175	36.2	1.36
NODE_44_length_45313_cov_24.797539	1	45313	458	25292	55.8162	0.867014	36.1	1.35
NODE_45_length_44530_cov_6.085261	1	44530	1039	34414	77.2827	1.896	34.5	5.37
NODE_50_length_42455_cov_9.957995	1	42455	4848	42415	99.9058	9.7976	35.7	5.6
NODE_54_length_41545_cov_23.951314	1	41545	1750	39040	93.9704	3.7159	36.8	1.65
NODE_56_length_41017_cov_5.694693	1	41017	1386	35429	86.3764	2.82639	35.1	41.7
NODE_58_length_39387_cov_195.566714	1	39387	48331	39300	99.7791	106.829	36.1	2.17
NODE_66_length_37340_cov_6.786992	1	37340	40	3076	8.23781	0.0947242	37.1	1.2
NODE_74_length_32607_cov_43.428176	1	32607	477	20968	64.3052	1.27715	36.2	1.02
NODE_76_length_32402_cov_4.278047	1	32402	697	25715	79.3624	1.90454	36.8	1.25
NODE_85_length_29888_cov_3.843428	1	29888	838	26783	89.6112	2.48601	36.8	0.988
NODE_86_length_29401_cov_5.339501	1	29401	1834	28675	97.5307	5.21533	35.2	8.12
NODE_90_length_26510_cov_4.099074	1	26510	836	23652	89.2192	2.74508	36	0.988
NODE_91_length_25386_cov_3.813628	1	25386	1956	25040	98.637	6.54518	35.4	0.95
NODE_98_length_23399_cov_4.973441	1	23399	504	19448	83.1147	1.89333	36.7	0.99
NODE_99_length_23338_cov_3.337113	1	23338	1769	23185	99.3444	6.68969	36.9	1.28
NODE_100_length_23190_cov_23.457402	1	23190	4423	23190	100	16.6808	36.4	1.05
NODE_102_length_22820_cov_4.048935	1	22820	1102	22242	97.4671	4.20513	36.2	0.982
NODE_103_length_22548_cov_3.955764	1	22548	70	4946	21.9354	0.274659	37	0.971
NODE_122_length_18523_cov_15.849144	1	18523	25	1998	10.7866	0.112509	34.5	1
NODE_137_length_15986_cov_191.716590	1	15986	23336	15905	99.4933	129.769	37.2	4.42
NODE_142_length_15505_cov_266.883107	1	15505	13155	15454	99.6711	73.7178	36.1	6.84
NODE_286_length_7396_cov_5.191118	1	7396	10	880	11.8983	0.122228	38.1	1
NODE_394_length_5277_cov_264.588280	1	5277	8359	5276	99.981	137.175	36	0.995
NODE_2_length_111600_cov_9.640486	1	111600	36525	111592	99.9928	29.1099	37.4	0.986
NODE_9_length_45523_cov_3.740213	1	45523	10623	45470	99.8836	20.6333	37	1.01
NODE_11_length_38676_cov_4.256959	1	38676	12373	38664	99.969	28.026	36.3	0.997
NODE_12_length_38621_cov_4.452264	1	38621	13012	38588	99.9146	30.0658	37.8	0.985
NODE_14_length_36134_cov_22.605782	1	36134	45700	36111	99.9363	108.901	35.9	1.02
NODE_16_length_32623_cov_3.888142	1	32623	7745	32544	99.7578	20.962	37	0.991
NODE_23_length_22286_cov_4.358508	1	22286	2195	22243	99.8071	8.66028	36.6	0.992
NODE_25_length_20188_cov_3.698455	1	20188	4519	20057	99.3511	19.2148	35.9	0.987
NODE_50_length_10983_cov_6.236914	1	10983	10956	10918	99.4082	86.6176	36.1	0.994
NODE_97_length_5840_cov_82.570614	1	5840	6448	5837	99.9486	96.4068	36.1	1.66
NODE_1_length_291783_cov_17.309309	1	291783	70	3198	1.09602	0.0201074	35.7	0.229
NODE_2_length_224719_cov_12.772874	1	224719	8	718	0.31951	0.0031951	37.8	0.75
NODE_5_length_146551_cov_138.816527	1	146551	97948	146522	99.9802	58.409	36.5	1.02
NODE_9_length_107083_cov_7.960225	1	107083	37364	107005	99.9272	31.0398	37.4	0.985
NODE_18_length_51491_cov_4.309861	1	51491	1029	41113	79.845	1.75079	36.5	1.6
NODE_23_length_46505_cov_8.013886	1	46505	2680	45286	97.3788	4.96716	35.7	1.02
NODE_28_length_40659_cov_13.346394	1	40659	1176	34747	85.4596	2.51624	36.2	1.08
NODE_34_length_37084_cov_5.937697	1	37084	2289	36095	97.3331	5.38262	36.3	0.916
NODE_37_length_29802_cov_5.098867	1	29802	2890	29687	99.6141	8.5153	36.5	0.991
NODE_39_length_28630_cov_5.069326	1	28630	2669	28442	99.3433	8.01596	35.8	0.994
NODE_42_length_27529_cov_6.863980	1	27529	2	182	0.661121	0.00661121	39.4	42
NODE_44_length_27445_cov_5.378131	1	27445	1834	26942	98.1672	5.84584	36.4	0.992
NODE_46_length_25582_cov_5.547381	1	25582	3684	25568	99.9453	12.3324	35.6	0.993
NODE_48_length_24386_cov_133.440549	1	24386	43694	24326	99.754	157.945	36.6	41.7
NODE_63_length_14529_cov_5.416955	1	14529	1722	14422	99.2635	9.96559	35	2.13
NODE_85_length_9810_cov_429.929062	1	9810	9923	6468	65.9327	89.4877	36.8	0.996
NODE_122_length_6209_cov_70622.697433	1	6209	1859446	6209	100	26241.9	36.5	0.995
NODE_136_length_5744_cov_864.749341	1	5744	739	5691	99.0773	11.1109	35.8	1.89
NODE_147_length_5556_cov_89.738411	1	5556	13998	5554	99.964	216.103	35.7	0.996
NODE_1_length_224519_cov_7.116856	1	224519	16	1401	0.624001	0.00646716	38.2	1
NODE_2_length_167110_cov_64.689713	1	167110	21769	166824	99.8289	11.5133	37	0.997
NODE_4_length_142877_cov_8.785747	1	142877	6	435	0.304458	0.00350651	35.2	1
NODE_5_length_139191_cov_8.620788	1	139191	32	1551	1.1143	0.0193691	35.9	0.219
NODE_21_length_49714_cov_4.278741	1	49714	948	38277	76.9944	1.67593	36.5	0.992
NODE_26_length_46532_cov_8.982421	1	46532	2845	45700	98.212	5.34834	36.3	0.904
NODE_28_length_46427_cov_14.788256	1	46427	2843	45438	97.8698	5.27273	35.8	1.01
NODE_29_length_46367_cov_11.001188	1	46367	8317	46300	99.8555	15.3979	35.8	0.994
NODE_30_length_46266_cov_83.710480	1	46266	12289	45612	98.5864	23.5238	37.2	0.995
NODE_31_length_43850_cov_11.756000	1	43850	4388	43642	99.5257	8.79325	36.6	0.997
NODE_32_length_43436_cov_7.077891	1	43436	502	26709	61.4905	0.997491	36.1	1.31
NODE_35_length_40899_cov_23.333831	1	40899	1215	33496	81.8993	2.58833	36.2	1.01
NODE_38_length_39875_cov_5.639704	1	39875	256	16750	42.0063	0.528677	34.7	0.984
NODE_46_length_36623_cov_13.706793	1	36623	2328	36027	98.3726	5.55695	36.5	0.989
NODE_49_length_32431_cov_3.692241	1	32431	1578	31040	95.7109	4.27498	36.8	0.99
NODE_54_length_30192_cov_5.904702	1	30192	907	26290	87.076	2.54306	35.2	1.25
NODE_56_length_28912_cov_8.397962	1	28912	230	13613	47.0843	0.667439	34.9	10.7
NODE_58_length_27890_cov_4.360841	1	27890	1072	26247	94.109	3.32241	35.9	1.41
NODE_60_length_25063_cov_6.534149	1	25063	749	21798	86.9728	2.45553	34.9	0.997
NODE_87_length_14015_cov_251.795559	1	14015	223	10067	71.8302	1.41213	37.2	1.53
NODE_153_length_7396_cov_5.593380	1	7396	4	364	4.92158	0.0492158	38.3	1
NODE_173_length_6469_cov_774.838478	1	6469	10768	6469	100	147.015	36.7	0.994
NODE_218_length_5084_cov_12194.464307	1	5084	31339	5084	100	539.641	36.5	0.995
NODE_4_length_149990_cov_22.694054	1	149990	52554	149967	99.9847	31.1794	37.4	8.31
NODE_11_length_90295_cov_118.359719	1	90295	42491	90276	99.979	41.0887	36.5	1.02
NODE_14_length_82304_cov_225.187151	1	82304	1361	58748	71.3793	1.40828	35.3	1.03
NODE_17_length_66579_cov_12.543699	1	66579	4629	65951	99.0568	6.1234	36.7	1.46
NODE_28_length_50686_cov_13.389939	1	50686	248	16174	31.9102	0.403247	34.8	0.992
NODE_33_length_48678_cov_22.032392	1	48678	1206	40667	83.5429	2.11658	35.5	0.973
NODE_34_length_48295_cov_29.851223	1	48295	8472	48222	99.8488	15.0788	35.7	1.26
NODE_39_length_46496_cov_26.700803	1	46496	2615	45040	96.8685	4.85371	35.8	1.02
NODE_40_length_46294_cov_8.238197	1	46294	4622	45919	99.19	8.57979	35.8	18.4
NODE_44_length_45871_cov_5.078160	1	45871	852	35266	76.8808	1.57799	35.7	0.994
NODE_49_length_42667_cov_9.849948	1	42667	2943	41755	97.8625	6.09844	36.8	41.7
NODE_52_length_42307_cov_7.097250	1	42307	702	29216	69.0571	1.45574	36.8	0.997
NODE_54_length_41741_cov_10.161829	1	41741	2700	41213	98.7351	5.64682	36.3	1.02
NODE_55_length_41584_cov_17.221676	1	41584	3984	41119	98.8818	8.42362	36.7	1.14
NODE_65_length_38961_cov_7.399476	1	38961	41	3344	8.58294	0.0946074	37.3	3
NODE_66_length_38717_cov_7.546868	1	38717	874	29614	76.4884	1.8448	34.6	1.48
NODE_68_length_38440_cov_54.510460	1	38440	5021	38029	98.9308	11.0504	35.3	1.19
NODE_69_length_37272_cov_3.102802	1	37272	3212	37049	99.4017	7.2922	35.3	13.8
NODE_76_length_34918_cov_18.678370	1	34918	97	6450	18.4718	0.234779	35.1	1.82
NODE_77_length_34914_cov_4.634499	1	34914	630	24864	71.215	1.55462	35.9	41.9
NODE_78_length_34810_cov_11.848741	1	34810	1821	33577	96.4579	4.66734	37.6	6.14
NODE_82_length_32967_cov_14.811011	1	32967	985	28997	87.9577	2.48797	35	1.58
NODE_84_length_32573_cov_4.820715	1	32573	3636	32218	98.9101	9.37721	35.3	41.9
NODE_85_length_32529_cov_5.865646	1	32529	722	26918	82.7508	1.95419	36.9	2.52
NODE_86_length_32364_cov_4.582315	1	32364	713	26969	83.3302	1.93147	36.6	14.6
NODE_87_length_32215_cov_15.592506	1	32215	975	27579	85.6092	2.5584	35.1	1.74
NODE_88_length_32149_cov_48.332741	1	32149	1022	28371	88.2485	2.75271	36	1.55
NODE_89_length_31829_cov_62.477403	1	31829	3329	30856	96.943	8.78309	35.1	25
NODE_90_length_31247_cov_3.493845	1	31247	174	9853	31.5326	0.490255	36.6	26.8
NODE_92_length_30284_cov_3.410831	1	30284	1124	27479	90.7377	3.26509	36.5	15.5
NODE_94_length_29316_cov_3.978435	1	29316	23	1386	4.72779	0.0663119	37	31.6
NODE_98_length_27642_cov_3.629318	1	27642	1271	26703	96.603	3.99501	36.1	1.93
NODE_99_length_27136_cov_4.809424	1	27136	906	24835	91.5205	2.90238	36.1	3.08
NODE_103_length_25437_cov_4.427586	1	25437	1558	25148	98.8639	5.16971	35.2	1
NODE_110_length_22758_cov_8.333524	1	22758	1810	22574	99.1915	6.94604	36.3	0.918
NODE_114_length_22362_cov_39.010266	1	22362	257	12353	55.241	1.00398	36.1	0.984
NODE_119_length_21232_cov_24.778675	1	21232	5434	21196	99.8304	22.4112	36.4	0.984
NODE_120_length_20547_cov_20.156207	1	20547	3558	20163	98.1311	14.5405	35.2	41.7
NODE_181_length_12451_cov_62.323975	1	12451	201	8406	67.5126	1.42462	37.2	0.98
NODE_214_length_10360_cov_3.570597	1	10360	373	9560	92.278	3.04199	35.2	40.5
NODE_278_length_7396_cov_6.279662	1	7396	4	337	4.55652	0.0455652	36.7	1
NODE_286_length_7275_cov_4.567867	1	7275	288	6828	93.8557	3.43546	36.5	41.5
NODE_309_length_6605_cov_445.087328	1	6605	770	6581	99.6366	10.0752	35.9	5.32
NODE_15_length_35381_cov_29.469003	1	35381	0	0	0	0	0	0
NODE_99_length_5721_cov_1061.804977	1	5721	0	0	0	0	0	0
NODE_102_length_5581_cov_15638.208288	1	5581	0	0	0	0	0	0
NODE_104_length_5514_cov_1878.878732	1	5514	0	0	0	0	0	0
NODE_258_length_5581_cov_2813.330800	1	5581	0	0	0	0	0	0
NODE_262_length_5514_cov_38.326067	1	5514	0	0	0	0	0	0
NODE_7_length_46020_cov_16.937757	1	46020	0	0	0	0	0	0
NODE_11_length_37351_cov_3.546841	1	37351	0	0	0	0	0	0
NODE_14_length_35381_cov_20.886033	1	35381	0	0	0	0	0	0
NODE_27_length_46064_cov_34.699428	1	46064	0	0	0	0	0	0
NODE_86_length_17581_cov_4.636540	1	17581	0	0	0	0	0	0
NODE_205_length_5514_cov_740.579227	1	5514	0	0	0	0	0	0
NODE_103_length_15861_cov_5.174997	1	15861	0	0	0	0	0	0
NODE_235_length_5514_cov_1351.351346	1	5514	0	0	0	0	0	0
NODE_44_length_30436_cov_7.486422	1	30436	0	0	0	0	0	0
NODE_176_length_5514_cov_454.349698	1	5514	0	0	0	0	0	0
NODE_113_length_5514_cov_54.894486	1	5514	0	0	0	0	0	0
NODE_96_length_11662_cov_7.022019	1	11662	0	0	0	0	0	0
NODE_164_length_6286_cov_3.027283	1	6286	0	0	0	0	0	0
NODE_60_length_14961_cov_14.778747	1	14961	0	0	0	0	0	0
NODE_91_length_8647_cov_3.054702	1	8647	0	0	0	0	0	0
NODE_53_length_30710_cov_4.642636	1	30710	0	0	0	0	0	0
NODE_55_length_29701_cov_27.068205	1	29701	0	0	0	0	0	0
NODE_101_length_12031_cov_26.306363	1	12031	0	0	0	0	0	0
NODE_390_length_5581_cov_3.514839	1	5581	0	0	0	0	0	0
