#rname	startpos	endpos	numreads	covbases	coverage	meandepth	meanbaseq	meanmapq
DAS_Check_Bin_09_k119_41989:3-49450	1	45022	16629	44637	99.1449	31.5976	35.7	41.7
NODE_39_length_37768_cov_25.508657	1	35529	117	8140	22.9109	0.284528	36.1	1
NODE_68_length_36781_cov_8.797283	1	22515	195	10732	47.666	0.757495	36.1	2.54
NODE_18_length_65286_cov_9.613313	1	61998	485	28700	46.2918	0.672667	36.2	1
DAS_Check_Bin_01_k119_158026:3-190576	1	190574	8	658	0.345273	0.00368886	36.5	42
DAS_Check_Bin_01_k119_45347:194-20015	1	19822	3	258	1.30158	0.0137221	36.6	5.33
NODE_10_length_44613_cov_10.908120	1	44613	269	17301	38.7802	0.515096	35.7	0.985
NODE_13_length_36623_cov_12.491687	1	36623	798	28633	78.1831	1.89078	36.2	0.992
NODE_14_length_36060_cov_13.057825	1	36060	13973	36002	99.8392	32.9087	35.7	0.997
NODE_16_length_35370_cov_4.255189	1	35370	1019	31483	89.0105	2.52409	36.5	0.994
NODE_18_length_31157_cov_3.163269	1	31157	2680	30771	98.7611	7.51099	36.5	0.987
NODE_22_length_23860_cov_5.129553	1	23860	723	21004	88.0302	2.59853	35.9	5.75
NODE_25_length_23308_cov_5.171419	1	23308	52	3918	16.8097	0.188648	35.6	1
NODE_28_length_21720_cov_3.485299	1	21720	114	7640	35.175	0.437201	35	0.982
NODE_38_length_13971_cov_7.375898	1	13971	9660	13937	99.7566	60.7181	36.8	0.984
NODE_39_length_13673_cov_7.531429	1	13673	6667	13594	99.4222	43.1272	37.1	1.16
NODE_86_length_6245_cov_8.653635	1	6245	50	3210	51.4011	0.694796	36.4	1
NODE_88_length_6209_cov_8.324829	1	6209	868206	6209	100	12165.3	36.3	0.994
NODE_96_length_5842_cov_1098.051840	1	5842	6013	5526	94.5909	86.9788	35.6	1.03
NODE_109_length_5407_cov_11252.763079	1	5407	60005	5358	99.0938	959.595	36.1	0.998
NODE_120_length_5084_cov_34199.553390	1	5084	228916	5084	100	3914.58	36.3	0.999
NODE_2_length_172485_cov_32.775068	1	172485	52762	166241	96.38	26.9958	37	0.989
NODE_6_length_61068_cov_9.739465	1	61068	5607	60890	99.7085	8.05512	36.6	1.02
NODE_7_length_58087_cov_6.947994	1	58087	1182	45827	78.8937	1.77659	36.4	0.977
NODE_11_length_41469_cov_25.463877	1	41469	2022	38478	92.7874	4.25373	36.4	1.02
NODE_12_length_40031_cov_3.840454	1	40031	335	16031	40.0465	0.721341	36	37.8
NODE_17_length_37325_cov_319.259539	1	37325	36	2272	6.08707	0.0836169	37.2	1
NODE_19_length_36060_cov_32.684877	1	36060	14509	35844	99.401	34.2425	35.6	0.994
NODE_23_length_32292_cov_5.397959	1	32292	2064	30912	95.7265	5.4664	35.8	0.995
NODE_24_length_31545_cov_5.801683	1	31545	163	9991	31.6722	0.420574	34.6	13.7
NODE_28_length_27475_cov_4.040518	1	27475	115	7663	27.8908	0.355705	35.5	1.07
NODE_30_length_25734_cov_5.275400	1	25734	137	9586	37.2503	0.468408	36.5	0.956
NODE_31_length_25359_cov_5.009406	1	25359	180	11170	44.0475	0.624827	36.8	1
NODE_41_length_22305_cov_25.908899	1	22305	1779	21702	97.2966	6.74468	35.6	2.8
NODE_42_length_22193_cov_5.490695	1	22193	390	15966	71.9416	1.47695	35.4	38
NODE_48_length_18890_cov_3.341333	1	18890	8	540	2.85866	0.0364743	35.4	0.25
NODE_52_length_17580_cov_3.189843	1	17580	35	2647	15.0569	0.171331	35.6	0.943
NODE_214_length_6245_cov_8.318255	1	6245	44	2588	41.4412	0.595196	35.3	1
NODE_217_length_6209_cov_8.798343	1	6209	837135	6209	100	11736.8	36.3	0.996
NODE_258_length_5581_cov_2813.330800	1	5581	2	98	1.75596	0.0326106	37.9	1
NODE_268_length_5407_cov_226.692078	1	5407	69601	5397	99.8151	1115.51	36.1	0.995
NODE_292_length_5084_cov_88208.156095	1	5084	247373	5024	98.8198	4228.7	36.3	0.995
NODE_9_length_43915_cov_6.954241	1	43915	226	15149	34.4962	0.439349	35.6	0.996
NODE_10_length_38461_cov_14.877649	1	38461	6070	38420	99.8934	13.7262	36.3	16.4
NODE_12_length_36623_cov_10.841993	1	36623	720	28635	78.1886	1.70658	36.4	0.99
NODE_16_length_25443_cov_3.831850	1	25443	713	22988	90.351	2.45773	36.5	0.989
NODE_25_length_21201_cov_4.167171	1	21201	639	18304	86.3356	2.59497	36	1.01
NODE_34_length_13780_cov_2.793515	1	13780	393	12206	88.5776	2.44971	35.8	0.99
NODE_39_length_12439_cov_7.203731	1	12439	8565	12439	100	60.6356	36.8	1.26
NODE_72_length_6209_cov_12.989275	1	6209	846156	6209	100	11859	36.3	0.995
NODE_76_length_5842_cov_1509.613790	1	5842	5692	5679	97.2099	82.1121	35.6	1
NODE_89_length_5277_cov_5.447721	1	5277	10074	5276	99.981	163.824	35.9	0.996
NODE_4_length_238892_cov_6.753413	1	238892	1311	70957	29.7025	0.47619	36.1	18.6
NODE_5_length_189738_cov_6.430987	1	189738	1637	81977	43.2054	0.750087	36.1	32.6
NODE_10_length_119230_cov_6.136941	1	119230	782	48797	40.9268	0.563986	36.1	1.17
NODE_12_length_90299_cov_8.811644	1	90299	2967	76703	84.9434	2.9089	37.2	41.6
NODE_13_length_76125_cov_44.994597	1	76125	1918	39231	51.535	2.21471	36.7	0.987
NODE_18_length_62590_cov_137.633981	1	62590	3448	56643	90.4985	4.64013	35.4	37.9
NODE_20_length_55983_cov_7.738449	1	55983	223	14425	25.7668	0.343515	35.9	19.8
NODE_23_length_52152_cov_8.571204	1	52152	4	364	0.69796	0.0069796	38.9	22.5
NODE_24_length_47733_cov_200.310583	1	47733	4926	47408	99.3191	9.08457	36.8	1.14
NODE_32_length_43849_cov_21.327442	1	43849	1147	38080	86.8435	2.28876	36.4	0.988
NODE_34_length_42243_cov_6.125960	1	42243	214	14289	33.8257	0.443198	36.7	0.986
NODE_40_length_37489_cov_12.035128	1	37489	150	10592	28.2536	0.334258	34.9	1
NODE_41_length_37113_cov_5.778240	1	37113	2113	34739	93.6033	4.85843	35.6	0.996
NODE_44_length_36060_cov_186.741564	1	36060	14806	35992	99.8114	35.0096	35.7	0.993
NODE_57_length_28964_cov_3.647964	1	28964	282	15102	52.1406	0.844082	35.8	42
NODE_58_length_28915_cov_2.851594	1	28915	294	16940	58.5855	0.892513	36.3	0.993
NODE_61_length_27709_cov_4.008787	1	27709	431	18304	66.058	1.3173	35.4	1
NODE_63_length_26925_cov_11.515333	1	26925	64	4898	18.1913	0.194318	35.2	2.56
NODE_64_length_26668_cov_4.755420	1	26668	455	17222	64.5793	1.42159	35.1	1.08
NODE_66_length_25532_cov_5.218589	1	25532	1389	23765	93.0793	4.7332	36.4	1.06
NODE_69_length_23559_cov_18.031867	1	23559	271	14253	60.4992	0.980347	35.7	10.6
NODE_71_length_22160_cov_3.786655	1	22160	2937	22094	99.7022	11.5596	36.4	1.13
NODE_86_length_17581_cov_4.636540	1	17581	3	205	1.16603	0.0151868	36.3	0
NODE_94_length_15427_cov_6.269321	1	15427	238	9963	64.5816	1.26687	34.5	41.3
NODE_95_length_15356_cov_3.584733	1	15356	549	13085	85.211	2.9647	34.9	3.67
NODE_113_length_12763_cov_3.351196	1	12763	20	1452	11.3766	0.131395	35.3	21.7
NODE_165_length_6963_cov_2699.768674	1	6963	4515	6848	98.3484	56.9464	36.8	1.11
NODE_180_length_6209_cov_8.318817	1	6209	841980	6209	100	11799.6	36.3	0.996
NODE_194_length_5842_cov_59.714187	1	5842	10645	5791	99.127	155.531	35.8	1.46
NODE_209_length_5407_cov_424.684417	1	5407	74113	5403	99.926	1186.75	36.1	0.998
NODE_212_length_5277_cov_13.385101	1	5277	10482	5277	100	171.009	35.8	1.01
NODE_213_length_5084_cov_56753.835156	1	5084	239647	5084	100	4091.84	36.3	0.998
NODE_3_length_160031_cov_246.186322	1	160031	44846	154951	96.8256	24.7132	37.1	1.02
NODE_4_length_135187_cov_5.588891	1	135187	227	15013	11.1054	0.146604	36.2	0.96
NODE_11_length_82624_cov_5.458404	1	82624	238	16013	19.3806	0.250835	36.3	0.916
NODE_20_length_47234_cov_31.155747	1	47234	3733	44115	93.3967	6.73718	35.8	2.49
NODE_22_length_45867_cov_5.463743	1	45867	225	15268	33.2875	0.417206	35.7	0.987
NODE_25_length_43849_cov_10.709458	1	43849	1237	38929	88.7797	2.45344	36.4	0.995
NODE_27_length_42291_cov_8.031513	1	42291	234	15696	37.1143	0.48774	36.6	0.974
NODE_30_length_41337_cov_7.787607	1	41337	2277	39351	95.1956	4.68996	35.7	0.995
NODE_33_length_39957_cov_24.373239	1	39957	13416	39747	99.4744	28.9797	35.9	1.14
NODE_34_length_38904_cov_21.835774	1	38904	96	4976	12.7905	0.216404	37	1
NODE_37_length_37729_cov_6.620083	1	37729	144	10507	27.8486	0.32691	36.5	1
NODE_38_length_37629_cov_17.014451	1	37629	169	10985	29.1929	0.364852	35	1
NODE_42_length_35867_cov_6.690467	1	35867	166	9737	27.1475	0.378621	35.1	42
NODE_43_length_35817_cov_5.543007	1	35817	149	10215	28.52	0.361756	36.4	9.52
NODE_46_length_35128_cov_9.695264	1	35128	258	3746	10.6639	0.63596	36.1	30.2
NODE_47_length_34443_cov_6.100820	1	34443	70	5823	16.9062	0.180414	37.3	41.4
NODE_49_length_32550_cov_5.505924	1	32550	72	5165	15.8679	0.176836	35	12.4
NODE_72_length_21497_cov_3.547617	1	21497	258	12850	59.7758	1.03638	36	41
NODE_77_length_19576_cov_17.607807	1	19576	250	12461	63.6545	1.08122	35.6	11.2
NODE_210_length_6209_cov_9.798343	1	6209	850744	6209	100	11931.9	36.3	0.994
NODE_243_length_5277_cov_12.775565	1	5277	10140	5274	99.9431	165.297	35.8	0.995
NODE_249_length_5084_cov_78920.386956	1	5084	242202	5084	100	4137.42	36.3	0.997
NODE_1_length_164730_cov_5.305092	1	164730	1142	66981	40.6611	0.59759	36	11.3
NODE_2_length_124404_cov_11.033221	1	124404	5604	114622	92.1369	3.99182	37.3	1.02
NODE_4_length_117427_cov_5.768318	1	117427	230	14409	12.2706	0.168871	36.3	0.965
NODE_8_length_96678_cov_134.288192	1	96678	19722	93990	97.2196	18.0196	37.1	0.988
NODE_28_length_43893_cov_22.428281	1	43893	1232	38785	88.3626	2.45814	36.5	0.993
NODE_29_length_42291_cov_14.926058	1	42291	172	12524	29.6139	0.358942	36.5	1
NODE_33_length_37337_cov_16.555415	1	37337	3264	35548	95.2085	7.45837	35.7	2.19
NODE_34_length_37325_cov_110.555514	1	37325	45	3029	8.1152	0.105399	36.4	0.933
NODE_36_length_36495_cov_5.297722	1	36495	121	9116	24.9788	0.292424	36.2	1
NODE_38_length_36114_cov_4.509720	1	36114	2060	35244	97.591	5.00147	36.5	0.992
NODE_39_length_36060_cov_13.462408	1	36060	14344	35985	99.792	33.8846	35.7	0.994
NODE_48_length_30963_cov_4.644332	1	30963	5748	19050	61.525	16.49	37.5	1.42
NODE_54_length_29179_cov_6.736266	1	29179	621	22870	78.3783	1.82977	36.2	0.989
NODE_66_length_21974_cov_4.464985	1	21974	115	7402	33.6853	0.43647	35.1	1
NODE_181_length_6454_cov_8661.914049	1	6454	1138	2487	38.5342	15.2591	36.4	1.06
NODE_228_length_5277_cov_15.499043	1	5277	10126	5276	99.981	164.977	35.8	0.996
NODE_232_length_5084_cov_53965.325313	1	5084	237280	5084	100	4051.02	36.3	0.996
NODE_2_length_164227_cov_5.664328	1	164227	644	38760	23.6015	0.337904	36.2	0.949
NODE_17_length_61395_cov_5.757956	1	61395	212	13267	21.6093	0.299259	36.2	0.901
NODE_26_length_47746_cov_5.112222	1	47746	5833	33491	70.1441	10.8778	37.6	7.26
NODE_31_length_42291_cov_15.102069	1	42291	191	13514	31.9548	0.399683	36.7	0.979
NODE_44_length_30436_cov_7.486422	1	30436	1	91	0.298988	0.00298988	38	23
NODE_48_length_29632_cov_4.402171	1	29632	155	9789	33.0352	0.43426	35	1
NODE_50_length_28964_cov_4.022381	1	28964	120	8614	29.7404	0.365212	36.5	0.983
NODE_51_length_27921_cov_3.034092	1	27921	150	9464	33.8956	0.454819	35.7	0.987
NODE_55_length_25017_cov_5.657880	1	25017	965	22832	91.2659	3.32302	36	1
NODE_56_length_24833_cov_5.809872	1	24833	559	19073	76.8051	1.94632	36.4	0.986
NODE_97_length_12527_cov_5.050513	1	12527	1100	12011	95.8809	7.79325	37.3	1.23
NODE_184_length_5277_cov_11.715818	1	5277	10283	5277	100	167.811	35.8	0.996
NODE_193_length_5034_cov_15.769632	1	5034	5477	5034	100	93.0544	35.7	8.32
NODE_1_length_114607_cov_10.147007	1	114607	42688	111332	97.1424	32.8511	37	0.989
NODE_4_length_36816_cov_7.960991	1	36816	2166	35186	95.5726	5.01747	35.8	0.994
NODE_5_length_36230_cov_4.885114	1	36230	22	1875	5.17527	0.0536848	36.6	40.5
NODE_10_length_27385_cov_7.189535	1	27385	33	2158	7.88023	0.102684	36.3	1
NODE_11_length_26673_cov_11.045683	1	26673	1204	25109	94.1364	3.83373	35.6	0.985
NODE_20_length_17239_cov_6.178596	1	17239	503	13755	79.79	2.48651	35.4	0.99
NODE_86_length_6209_cov_9.690445	1	6209	854838	6209	100	11989.8	36.3	0.996
NODE_124_length_5277_cov_25.805247	1	5277	10209	5276	99.981	166.441	35.8	0.997
NODE_1_length_167064_cov_31.023334	1	167064	43215	167055	99.9946	22.7383	36.8	0.989
NODE_7_length_61042_cov_7.357896	1	61042	5496	60929	99.8149	7.87111	36.5	1.23
NODE_11_length_50106_cov_8.639548	1	50106	2839	48314	96.4236	4.82012	35.6	1.42
NODE_13_length_47685_cov_12.449024	1	47685	5538	47482	99.5743	10.2251	36.8	1
NODE_14_length_46328_cov_8.666393	1	46328	2188	44528	96.1147	4.02176	35.6	1.29
NODE_26_length_33164_cov_59.471171	1	33164	28196	33148	99.9518	75.6106	37.5	0.984
NODE_27_length_32852_cov_6.310150	1	32852	1145	29956	91.1847	2.99467	36	0.993
NODE_29_length_31681_cov_4.792196	1	31681	1277	29931	94.4762	3.43559	35.4	1.03
NODE_32_length_29822_cov_3.040481	1	29822	1564	28620	95.9694	4.35591	35	10.5
NODE_37_length_23975_cov_6.355811	1	23975	2501	23814	99.3285	8.96125	35.9	0.992
NODE_79_length_8516_cov_194.794823	1	8516	15999	8516	100	167.491	37.6	0.987
NODE_109_length_6469_cov_258.754599	1	6469	9856	6467	99.9691	133.665	36.6	0.995
NODE_117_length_6209_cov_39356.593760	1	6209	838832	6209	100	11750.5	36.3	0.996
NODE_131_length_5556_cov_340.263043	1	5556	12226	5555	99.982	187.395	35.6	0.999
NODE_139_length_5354_cov_334.782412	1	5354	8790	5351	99.944	140.295	35.7	0.994
NODE_147_length_5084_cov_13961.725393	1	5084	341593	5084	100	5849.48	36.4	0.999
NODE_3_length_123329_cov_12.346099	1	123329	5598	111634	90.5172	4.01747	37.2	0.988
NODE_6_length_84822_cov_16.799037	1	84822	8233	84388	99.4883	8.55693	37	1.73
NODE_7_length_82293_cov_17.234271	1	82293	22675	82246	99.9429	23.1457	35.2	0.996
NODE_13_length_50138_cov_17.827646	1	50138	2828	48612	96.9564	4.80207	35.7	1.22
NODE_17_length_47511_cov_6.251033	1	47511	1838	44648	93.974	3.29124	35.4	0.986
NODE_22_length_41227_cov_3.669387	1	41227	993	34148	82.8292	2.11512	36.6	0.99
NODE_24_length_39433_cov_10.753847	1	39433	5172	39308	99.683	11.3	36	22.7
NODE_34_length_29970_cov_6.653919	1	29970	717	24702	82.4224	2.02232	35.8	0.989
NODE_35_length_29279_cov_5.928107	1	29279	578	23798	81.2801	1.75214	37.4	1.27
NODE_36_length_28663_cov_6.412088	1	28663	846	23724	82.7687	2.54276	36	0.995
NODE_39_length_25023_cov_3.154598	1	25023	372	17784	71.0706	1.26707	36	0.989
NODE_41_length_24643_cov_3.795713	1	24643	572	19893	80.7247	1.92708	34.9	0.984
NODE_42_length_24457_cov_5.553315	1	24457	1344	23874	97.6162	4.70863	35.8	0.984
NODE_46_length_21332_cov_3.397377	1	21332	567	18246	85.5335	2.21728	35.4	0.989
NODE_52_length_17163_cov_9.937398	1	17163	488	15002	87.409	2.41986	35.6	0.99
NODE_119_length_6469_cov_423.735111	1	6469	10296	6469	100	139.818	36.6	0.999
NODE_133_length_5840_cov_3038.520311	1	5840	44640	5840	100	662.48	36	3.62
NODE_140_length_5469_cov_7.356114	1	5469	3270	5469	100	47.8029	33.9	41.9
NODE_1_length_157272_cov_245.867635	1	157272	58226	157268	99.9975	32.7236	37.1	1.41
NODE_3_length_116508_cov_7.831949	1	116508	27266	116395	99.903	20.5952	36.8	1.04
NODE_5_length_78818_cov_6.835964	1	78818	2729	67435	85.5579	3.0025	36.1	22.5
NODE_8_length_61519_cov_6.420002	1	61519	500	29643	48.1851	0.698142	35.9	1.01
NODE_11_length_55539_cov_10.359851	1	55539	734	36520	65.7556	1.1336	36.1	5.57
NODE_12_length_54742_cov_5.935359	1	54742	1458	45469	83.0605	2.31751	36.3	15.2
NODE_15_length_49707_cov_409.118646	1	49707	20345	49600	99.7847	35.2109	35.9	4.07
NODE_19_length_46049_cov_20.145976	1	46049	396	23635	51.3258	0.747486	36.4	1
NODE_31_length_37539_cov_17.903879	1	37539	1393	34336	91.4675	3.19236	36	1.19
NODE_32_length_37308_cov_5.588865	1	37308	523	24238	64.9673	1.21191	36.2	2.41
NODE_38_length_34710_cov_5.008022	1	34710	527	22751	65.546	1.28064	35.4	0.994
NODE_39_length_34383_cov_15.503059	1	34383	3859	33938	98.7058	9.67996	36	12.5
NODE_40_length_33198_cov_25.854600	1	33198	1003	28580	86.0895	2.62398	36.3	1.06
NODE_41_length_33019_cov_71.818742	1	33019	2598	31429	95.1846	6.78397	35.9	1.28
NODE_42_length_30783_cov_6.353228	1	30783	3763	30745	99.8766	10.6866	36.4	0.988
NODE_43_length_30206_cov_3.324367	1	30206	313	16939	56.0783	0.897967	36.1	41.7
NODE_51_length_25704_cov_4.962455	1	25704	1245	24337	94.6818	4.12414	35.7	0.994
NODE_60_length_19783_cov_3.659621	1	19783	399	15905	80.3973	1.78552	37.4	0.99
NODE_68_length_16862_cov_6.336764	1	16862	1308	16560	98.209	6.41128	34.9	3.67
NODE_137_length_7399_cov_2.692266	1	7399	29	2135	28.8553	0.349101	36.5	1
NODE_157_length_6469_cov_65.568288	1	6469	9979	6466	99.9536	135.154	36.6	0.995
NODE_164_length_6286_cov_3.027283	1	6286	350	6182	98.3455	4.82692	36.3	41.7
NODE_186_length_5556_cov_469.135975	1	5556	12388	5556	100	190.017	35.6	1.01
NODE_193_length_5407_cov_407.749626	1	5407	124585	5407	100	2000.26	36.1	1.52
NODE_194_length_5354_cov_104.200415	1	5354	8908	5352	99.9626	141.923	35.7	0.993
NODE_196_length_5277_cov_172.009958	1	5277	10223	5274	99.9431	166.829	35.9	0.996
NODE_4_length_95966_cov_30.590652	1	95966	80389	95952	99.9854	72.7933	36.4	3.1
NODE_6_length_82210_cov_5.532554	1	82210	21726	82144	99.9197	22.2461	35.3	1.04
NODE_11_length_50594_cov_377.385821	1	50594	141233	50594	100	242.328	36.1	1.28
NODE_15_length_36350_cov_5.563659	1	36350	3902	36236	99.6864	9.41461	36.7	1.01
NODE_16_length_36268_cov_5.202911	1	36268	862	29562	81.5099	2.07552	36.3	0.992
NODE_17_length_36060_cov_30.766366	1	36060	16410	36058	99.9945	38.8596	35.7	0.993
NODE_22_length_25354_cov_3.861378	1	25354	635	22017	86.8384	2.19311	36.4	0.989
NODE_25_length_22867_cov_5.385543	1	22867	2785	22682	99.191	10.5135	36.1	0.991
NODE_4_length_50595_cov_67.659972	1	50595	137908	50595	100	236.864	36.1	0.991
NODE_9_length_29359_cov_4.137114	1	29359	8202	29355	99.9864	24.1834	36	1.42
NODE_22_length_12612_cov_2.735526	1	12612	707	12031	95.3933	4.57739	34.9	1.28
NODE_3_length_50595_cov_82.409794	1	50595	137890	50594	99.998	236.662	36.1	0.991
NODE_5_length_44363_cov_4.177530	1	44363	18873	44333	99.9324	36.5465	35.9	1.26
NODE_7_length_36147_cov_14.136346	1	36147	16606	36135	99.9668	39.1832	35.7	1.18
NODE_18_length_15213_cov_9.438580	1	15213	65023	15213	100	375.12	36.6	41.7
NODE_47_length_5840_cov_40.463440	1	5840	33972	5838	99.9658	500.983	35.9	1.42
NODE_51_length_5556_cov_13.876568	1	5556	12596	5555	99.982	192.353	35.6	0.995
NODE_57_length_5407_cov_151.267377	1	5407	117643	5407	100	1890.11	36.1	1.06
NODE_62_length_5084_cov_1208.538278	1	5084	354116	5084	100	6069.87	36.3	0.996
NODE_2_length_148288_cov_23.186888	1	148288	330	24441	16.4821	0.195491	37.2	10
NODE_6_length_84805_cov_14.802077	1	84805	7900	84610	99.7701	8.22456	37.1	1.03
NODE_23_length_41397_cov_28.250593	1	41397	106	7717	18.6414	0.227263	37.9	0.896
NODE_24_length_41128_cov_5.105933	1	41128	930	33846	82.2943	1.92202	35.6	1.07
NODE_25_length_41104_cov_10.069039	1	41104	1395	36602	89.0473	2.95037	36.1	1.36
NODE_35_length_36642_cov_6.903080	1	36642	754	28657	78.2081	1.77747	36.3	0.991
NODE_42_length_32103_cov_4.370444	1	32103	787	27189	84.693	2.13728	36.4	41.6
NODE_45_length_29051_cov_4.288419	1	29051	129	9449	32.5256	0.385357	36.6	0.992
NODE_47_length_27680_cov_4.110081	1	27680	502	19724	71.2572	1.51799	35.5	1
NODE_51_length_25928_cov_4.825185	1	25928	485	20471	78.9533	1.66183	37.5	0.981
NODE_54_length_22851_cov_9.800140	1	22851	193	10629	46.5144	0.714411	35.9	0.953
NODE_102_length_12697_cov_5.155751	1	12697	10694	12692	99.9606	73.927	36.7	4.42
NODE_158_length_8436_cov_3.682138	1	8436	16228	8406	99.6444	171.327	37.5	0.99
NODE_209_length_6209_cov_65496.679721	1	6209	845290	6209	100	11848.1	36.3	0.998
NODE_235_length_5556_cov_134.878749	1	5556	12261	5556	100	187.477	35.6	1.02
NODE_249_length_5277_cov_379.647453	1	5277	10239	5275	99.9621	166.798	35.8	0.996
NODE_4_length_133646_cov_16.294571	1	133646	4589	119003	89.0434	2.97993	36.2	16.5
NODE_7_length_115553_cov_35.746429	1	115553	324	21666	18.7498	0.247497	37.2	0.988
NODE_18_length_57319_cov_76.520624	1	57319	234	16142	28.1617	0.350093	35.8	0.944
NODE_24_length_50596_cov_1234.024079	1	50596	136818	50596	100	234.775	36.1	0.991
NODE_35_length_43849_cov_26.763073	1	43849	1270	39278	89.5756	2.5285	36.4	0.998
NODE_38_length_43069_cov_9.555959	1	43069	781	32719	75.9688	1.57865	36.1	1.06
NODE_42_length_41397_cov_33.888709	1	41397	134	9512	22.9775	0.287026	37.9	0.91
NODE_49_length_38057_cov_4.796748	1	38057	368	20777	54.5944	0.85033	36.7	15.3
NODE_51_length_37849_cov_4.749140	1	37849	195	12746	33.6759	0.44984	36.4	0.995
NODE_53_length_36807_cov_5.676671	1	36807	112	7981	21.6834	0.253973	35.1	23
NODE_61_length_31489_cov_8.070020	1	31489	217	13740	43.6343	0.605862	36.6	0.991
NODE_63_length_27891_cov_6.995761	1	27891	341	15828	56.7495	1.06045	36	17.1
NODE_64_length_27677_cov_8.435522	1	27677	854	24453	88.3513	2.59291	35.3	1.11
NODE_69_length_26777_cov_5.823441	1	26777	122	8004	29.8913	0.370542	34.6	1.48
NODE_76_length_25339_cov_4.381387	1	25339	3157	25242	99.6172	10.8868	36.4	0.987
NODE_77_length_25099_cov_4.340960	1	25099	140	9713	38.6988	0.478067	36	6.71
NODE_78_length_24488_cov_6.858102	1	24488	203	11699	47.7744	0.717168	35.9	41.5
NODE_80_length_24274_cov_3.099385	1	24274	747	21601	88.9882	2.60555	35.3	39.5
NODE_86_length_22502_cov_3.552991	1	22502	128	8272	36.7612	0.495289	37	7.66
NODE_101_length_17827_cov_4.586484	1	17827	2544	17515	98.2498	11.8415	34.9	1.05
NODE_110_length_17112_cov_3.368119	1	17112	532	15338	89.633	2.65831	35.6	0.991
NODE_192_length_8422_cov_5.291144	1	8422	16113	8419	99.9644	170.6	37.6	0.987
NODE_229_length_6678_cov_5.842066	1	6678	4287	6676	99.9701	56.2263	36.8	1.27
NODE_261_length_5874_cov_27.383915	1	5874	8693	5832	99.285	126.341	35.6	0.991
NODE_4_length_127150_cov_117.090247	1	127150	5780	116225	91.4078	4.03148	37.3	0.991
NODE_7_length_88941_cov_46.993812	1	88941	306	18447	20.7407	0.306001	37.2	15
NODE_11_length_72839_cov_23.773563	1	72839	9655	71829	98.6134	11.2908	35.6	41.8
NODE_21_length_59130_cov_12.292323	1	59130	1202	46940	79.3844	1.77751	36.6	0.994
NODE_23_length_57177_cov_114.389377	1	57177	206	14292	24.9961	0.310877	35.7	0.937
NODE_28_length_50596_cov_1491.292179	1	50596	138624	50596	100	237.719	36.1	0.99
NODE_30_length_49587_cov_4.531979	1	49587	644	31459	63.442	1.12433	36.2	0.997
NODE_35_length_46803_cov_6.051467	1	46803	652	30633	65.4509	1.20601	36.2	20.2
NODE_36_length_46752_cov_29.126753	1	46752	1027	37652	80.5356	1.85573	35.6	1.19
NODE_39_length_43620_cov_4.962217	1	43620	696	31840	72.994	1.39367	36.4	1.04
NODE_40_length_43084_cov_6.633898	1	43084	9263	43033	99.8816	18.1397	35.3	1.09
NODE_45_length_40665_cov_4.748239	1	40665	119	8497	20.8951	0.252133	36.2	0.966
NODE_50_length_39226_cov_10.101606	1	39226	208	14345	36.5701	0.463596	36.5	41.5
NODE_56_length_37457_cov_9.262072	1	37457	1272	33070	88.2879	2.91163	35.8	1.77
NODE_58_length_37241_cov_46.337493	1	37241	1380	33877	90.9669	3.2157	36.3	1.69
NODE_59_length_37102_cov_7.659028	1	37102	800	29209	78.7262	1.83114	35.6	0.99
NODE_60_length_36992_cov_10.212497	1	36992	279	15270	41.2792	0.65598	36.7	18.4
NODE_64_length_33972_cov_8.070260	1	33972	287	16495	48.5547	0.732515	36.2	41.3
NODE_68_length_32950_cov_15.789907	1	32950	1696	31910	96.8437	4.4041	35.8	1.06
NODE_75_length_29643_cov_5.344836	1	29643	105	7919	26.7146	0.318895	37.6	41
NODE_76_length_29309_cov_5.208553	1	29309	227	14054	47.9511	0.668464	36	13.6
NODE_77_length_28348_cov_7.729650	1	28348	246	14359	50.6526	0.769684	36.9	1.13
NODE_80_length_27821_cov_14.253908	1	27821	282	13840	49.7466	0.868337	35.9	2.07
NODE_90_length_25254_cov_6.697329	1	25254	62	4519	17.8942	0.209195	36.1	0.984
NODE_92_length_24473_cov_5.235728	1	24473	2909	24409	99.7385	10.3606	36.4	0.992
NODE_98_length_23476_cov_4.904359	1	23476	166	10078	42.9289	0.6191	36.8	13.7
NODE_107_length_20703_cov_32.120399	1	20703	798	19073	92.1267	3.28783	35.8	0.991
NODE_119_length_18951_cov_5.567686	1	18951	327	14344	75.6899	1.48193	36.1	0.997
NODE_127_length_17877_cov_5.437717	1	17877	181	10586	59.2158	0.877105	35.6	41.3
NODE_337_length_5407_cov_169.755419	1	5407	112857	5407	100	1815.24	36.2	0.996
NODE_345_length_5277_cov_154.251628	1	5277	10156	5275	99.9621	165.431	35.9	0.998
NODE_17_length_37229_cov_5.527304	1	37229	1916	35915	96.4705	4.51369	36.5	1.07
NODE_35_length_16708_cov_7.810064	1	16708	1008	16398	98.1446	5.00114	35	2.04
NODE_79_length_6268_cov_7.561404	1	6268	57	3429	54.7064	0.771538	35.7	1
NODE_1_length_167064_cov_29.887916	1	167064	43152	167062	99.9988	22.7288	36.8	1
NODE_2_length_128004_cov_9.723710	1	128004	51335	127959	99.9648	35.4319	37.1	0.998
NODE_9_length_50597_cov_221.425567	1	50597	137855	50597	100	236.536	36.2	0.998
NODE_15_length_44579_cov_4.400862	1	44579	5319	44392	99.5805	10.149	35.7	1.3
NODE_25_length_26906_cov_5.574876	1	26906	1454	25938	96.4023	4.60745	35.7	1.06
NODE_66_length_7415_cov_2.395924	1	7415	30	2274	30.6676	0.358867	37.1	1
NODE_81_length_6245_cov_24.756704	1	6245	49	3291	52.6982	0.685829	35.7	1
NODE_98_length_5354_cov_128.256463	1	5354	8694	5351	99.944	138.346	35.7	0.991
NODE_14_length_82374_cov_240.205894	1	82374	22771	82286	99.8932	23.1839	35.2	0.994
NODE_21_length_64073_cov_37.552313	1	64073	6849	62214	97.0986	9.13274	35.8	9.98
NODE_22_length_61496_cov_10.163685	1	61496	523	29906	48.6308	0.730926	36	0.998
NODE_27_length_56163_cov_10.570810	1	56163	1164	43496	77.446	1.80181	36.3	1.21
NODE_29_length_50686_cov_11.681381	1	50686	670	32154	63.4376	1.08675	34.5	0.999
NODE_34_length_49123_cov_12.946462	1	49123	824	33911	69.0328	1.40851	35.3	17.2
NODE_35_length_48678_cov_17.660634	1	48678	1956	46039	94.5787	3.43812	35.5	0.987
NODE_36_length_48286_cov_161.551720	1	48286	44014	48112	99.6396	81.098	37.5	9.45
NODE_41_length_46049_cov_22.527873	1	46049	402	22075	47.9381	0.760646	36.3	1.15
NODE_42_length_46014_cov_7.064688	1	46014	921	35708	77.6025	1.73773	36.1	1.15
NODE_44_length_45313_cov_24.797539	1	45313	1597	41726	92.0839	3.04692	36	1.99
NODE_45_length_44530_cov_6.085261	1	44530	625	27079	60.8107	1.12931	34.4	5.62
NODE_50_length_42455_cov_9.957995	1	42455	786	32315	76.1159	1.57188	35.6	5.28
NODE_54_length_41545_cov_23.951314	1	41545	1935	38093	91.6909	4.101	36.8	1.9
NODE_56_length_41017_cov_5.694693	1	41017	350	19467	47.4608	0.704781	34.8	41.9
NODE_58_length_39387_cov_195.566714	1	39387	15115	39079	99.218	33.1357	35.9	2.43
NODE_66_length_37340_cov_6.786992	1	37340	221	14933	39.992	0.515426	36.8	1.63
NODE_74_length_32607_cov_43.428176	1	32607	2837	31150	95.5316	7.51854	35.9	1.02
NODE_76_length_32402_cov_4.278047	1	32402	793	26481	81.7264	2.1566	36.5	1.66
NODE_85_length_29888_cov_3.843428	1	29888	447	21782	72.8787	1.31247	36.5	0.978
NODE_86_length_29401_cov_5.339501	1	29401	451	19420	66.0522	1.26611	35.1	6.4
NODE_90_length_26510_cov_4.099074	1	26510	385	19056	71.8823	1.25307	36.1	0.995
NODE_91_length_25386_cov_3.813628	1	25386	127	8341	32.8567	0.41838	35.1	0.984
NODE_98_length_23399_cov_4.973441	1	23399	355	16094	68.7807	1.3198	36.2	1.09
NODE_99_length_23338_cov_3.337113	1	23338	208	12198	52.2667	0.783229	36.8	1.18
NODE_100_length_23190_cov_23.457402	1	23190	536	18709	80.677	2.00298	36.3	1.32
NODE_102_length_22820_cov_4.048935	1	22820	338	15269	66.9106	1.26538	36.2	0.985
NODE_103_length_22548_cov_3.955764	1	22548	219	12942	57.3976	0.850098	36.8	3.51
NODE_122_length_18523_cov_15.849144	1	18523	162	9104	49.1497	0.719592	34.7	1
NODE_137_length_15986_cov_191.716590	1	15986	8539	15793	98.7927	47.3211	37	4.37
NODE_142_length_15505_cov_266.883107	1	15505	11072	15492	99.9162	61.5899	36	7.59
NODE_286_length_7396_cov_5.191118	1	7396	24	1860	25.1487	0.28245	36.9	0.917
NODE_394_length_5277_cov_264.588280	1	5277	10344	5277	100	168.368	35.8	1
NODE_2_length_111600_cov_9.640486	1	111600	4748	102968	92.2652	3.76971	37.2	0.992
NODE_9_length_45523_cov_3.740213	1	45523	3689	45108	99.0884	7.13303	36.8	0.994
NODE_11_length_38676_cov_4.256959	1	38676	1207	34883	90.1929	2.71023	36.2	0.992
NODE_12_length_38621_cov_4.452264	1	38621	89	6595	17.0762	0.205769	37.6	0.865
NODE_14_length_36134_cov_22.605782	1	36134	16127	36108	99.928	38.0127	35.7	1.01
NODE_16_length_32623_cov_3.888142	1	32623	3656	32285	98.9639	9.84275	36.8	0.99
NODE_23_length_22286_cov_4.358508	1	22286	681	20407	91.5687	2.6575	36.5	0.996
NODE_25_length_20188_cov_3.698455	1	20188	161	9272	45.9283	0.689618	35.8	0.981
NODE_50_length_10983_cov_6.236914	1	10983	9478	10930	99.5174	74.5179	35.9	1.02
NODE_97_length_5840_cov_82.570614	1	5840	32030	5840	100	472.631	35.8	1.06
NODE_1_length_291783_cov_17.309309	1	291783	192	15885	5.44411	0.0585332	37.4	2.44
NODE_2_length_224719_cov_12.772874	1	224719	155	12907	5.74362	0.0615168	37.7	1.35
NODE_5_length_146551_cov_138.816527	1	146551	106771	146530	99.9857	63.2262	36.3	1.04
NODE_9_length_107083_cov_7.960225	1	107083	5189	100641	93.9841	4.29567	37.3	0.99
NODE_18_length_51491_cov_4.309861	1	51491	142	10893	21.1552	0.240702	36.3	2.11
NODE_23_length_46505_cov_8.013886	1	46505	2181	44501	95.6908	3.98828	35.6	1.04
NODE_28_length_40659_cov_13.346394	1	40659	888	31381	77.1809	1.88453	36.1	1.09
NODE_34_length_37084_cov_5.937697	1	37084	756	29980	80.8435	1.75879	36.1	0.98
NODE_37_length_29802_cov_5.098867	1	29802	819	26127	87.6686	2.37833	36.2	0.994
NODE_39_length_28630_cov_5.069326	1	28630	495	20945	73.1575	1.47876	35.8	0.998
NODE_42_length_27529_cov_6.863980	1	27529	17	1519	5.51782	0.0559773	38.2	39.5
NODE_44_length_27445_cov_5.378131	1	27445	566	21910	79.8324	1.78287	36.2	0.982
NODE_46_length_25582_cov_5.547381	1	25582	480	19207	75.0801	1.60754	35.5	0.983
NODE_48_length_24386_cov_133.440549	1	24386	18988	24248	99.4341	68.1525	36.5	41.7
NODE_60_length_14961_cov_14.778747	1	14961	5	438	2.92761	0.0292761	36.1	9.2
NODE_63_length_14529_cov_5.416955	1	14529	1002	14184	97.6254	5.74375	34.9	3.28
NODE_85_length_9810_cov_429.929062	1	9810	9373	6581	67.0846	83.954	36.6	1.02
NODE_91_length_8647_cov_3.054702	1	8647	2	182	2.10478	0.0210478	36.8	40
NODE_122_length_6209_cov_70622.697433	1	6209	851474	6209	100	11939	36.3	0.996
NODE_136_length_5744_cov_864.749341	1	5744	8837	5693	99.1121	131.572	35.7	1.23
NODE_147_length_5556_cov_89.738411	1	5556	12789	5556	100	195.767	35.5	0.996
NODE_1_length_224519_cov_7.116856	1	224519	143	12399	5.52247	0.0567123	37.7	0.958
NODE_2_length_167110_cov_64.689713	1	167110	43689	167054	99.9665	22.9687	36.8	0.997
NODE_4_length_142877_cov_8.785747	1	142877	89	7381	5.16598	0.0555373	37.2	0.989
NODE_5_length_139191_cov_8.620788	1	139191	100	8023	5.76402	0.0630788	37.4	0.9
NODE_21_length_49714_cov_4.278741	1	49714	145	10867	21.859	0.251378	36.4	0.986
NODE_26_length_46532_cov_8.982421	1	46532	915	37148	79.8332	1.69389	36.2	0.991
NODE_28_length_46427_cov_14.788256	1	46427	2307	44100	94.9878	4.22745	35.6	0.996
NODE_29_length_46367_cov_11.001188	1	46367	996	35702	76.9987	1.80721	35.5	0.986
NODE_30_length_46266_cov_83.710480	1	46266	3852	45853	99.1073	7.35696	37.1	1.46
NODE_31_length_43850_cov_11.756000	1	43850	1326	39211	89.4208	2.64408	36.5	1
NODE_32_length_43436_cov_7.077891	1	43436	1598	39603	91.1755	3.17437	36	1.68
NODE_35_length_40899_cov_23.333831	1	40899	816	29618	72.4174	1.73743	36.1	1.05
NODE_38_length_39875_cov_5.639704	1	39875	612	26621	66.7611	1.24261	34.6	1.06
NODE_46_length_36623_cov_13.706793	1	36623	829	30687	83.7916	1.94875	36.2	0.996
NODE_49_length_32431_cov_3.692241	1	32431	1743	30799	94.9678	4.72647	36.7	0.994
NODE_53_length_30710_cov_4.642636	1	30710	4	362	1.17877	0.0117877	37.9	18
NODE_54_length_30192_cov_5.904702	1	30192	674	24619	81.5415	1.8445	34.9	1.22
NODE_55_length_29701_cov_27.068205	1	29701	5511	24443	82.2969	16.3648	36.8	20.8
NODE_56_length_28912_cov_8.397962	1	28912	762	22854	79.0468	2.19182	35.2	12.2
NODE_58_length_27890_cov_4.360841	1	27890	991	25656	91.99	3.03474	36	1.16
NODE_60_length_25063_cov_6.534149	1	25063	126	8495	33.8946	0.408132	34.7	0.968
NODE_87_length_14015_cov_251.795559	1	14015	1459	13845	98.787	9.23717	37.2	1.8
NODE_101_length_12031_cov_26.306363	1	12031	5	422	3.50761	0.0350761	36.6	1
NODE_153_length_7396_cov_5.593380	1	7396	28	1854	25.0676	0.335857	37.6	1
NODE_173_length_6469_cov_774.838478	1	6469	10017	6469	100	136.093	36.5	0.994
NODE_218_length_5084_cov_12194.464307	1	5084	330098	5084	100	5646.65	36.3	0.998
NODE_4_length_149990_cov_22.694054	1	149990	6963	139763	93.1815	4.11665	37.3	8.31
NODE_11_length_90295_cov_118.359719	1	90295	46036	90290	99.9945	44.1919	36.3	1.04
NODE_14_length_82304_cov_225.187151	1	82304	22836	82277	99.9672	23.2925	35.2	1.01
NODE_17_length_66579_cov_12.543699	1	66579	1234	49421	74.2291	1.61646	36.5	1.36
NODE_28_length_50686_cov_13.389939	1	50686	609	31584	62.3131	0.974016	34.5	1.06
NODE_33_length_48678_cov_22.032392	1	48678	1871	46026	94.552	3.24366	35.4	0.987
NODE_34_length_48295_cov_29.851223	1	48295	1077	39035	80.8262	1.89904	35.5	2.05
NODE_39_length_46496_cov_26.700803	1	46496	2225	44638	96.004	4.08291	35.7	1
NODE_40_length_46294_cov_8.238197	1	46294	786	34272	74.0312	1.45598	35.6	15
NODE_44_length_45871_cov_5.078160	1	45871	285	19319	42.1159	0.526498	35.5	0.979
NODE_49_length_42667_cov_9.849948	1	42667	2688	41972	98.3711	5.54227	36.7	41.7
NODE_52_length_42307_cov_7.097250	1	42307	211	13918	32.8976	0.436807	36.5	0.995
NODE_54_length_41741_cov_10.161829	1	41741	736	30538	73.1607	1.52486	36.1	1.07
NODE_55_length_41584_cov_17.221676	1	41584	2416	40302	96.9171	5.07344	36.5	1.22
NODE_65_length_38961_cov_7.399476	1	38961	213	13910	35.7024	0.482046	36.9	1.95
NODE_66_length_38717_cov_7.546868	1	38717	541	24571	63.4631	1.11907	34.5	1.46
NODE_68_length_38440_cov_54.510460	1	38440	1417	34719	90.32	3.10023	35.3	1.45
NODE_69_length_37272_cov_3.102802	1	37272	169	11399	30.5833	0.381546	35.3	12.7
NODE_76_length_34918_cov_18.678370	1	34918	572	22161	63.4658	1.3794	35.2	6.8
NODE_77_length_34914_cov_4.634499	1	34914	656	25146	72.0227	1.59773	35.8	41.8
NODE_78_length_34810_cov_11.848741	1	34810	694	27687	79.5375	1.77423	37.5	6.13
NODE_82_length_32967_cov_14.811011	1	32967	154	10859	32.939	0.387509	34.9	1
NODE_84_length_32573_cov_4.820715	1	32573	1021	26598	81.6566	2.63289	35.4	41.7
NODE_85_length_32529_cov_5.865646	1	32529	848	28385	87.2606	2.27403	36.6	2.25
NODE_86_length_32364_cov_4.582315	1	32364	431	21344	65.9498	1.14986	36.3	11.6
NODE_87_length_32215_cov_15.592506	1	32215	797	27026	83.8926	2.05873	34.8	2.14
NODE_88_length_32149_cov_48.332741	1	32149	1214	29182	90.7711	3.22946	36.1	1.36
NODE_89_length_31829_cov_62.477403	1	31829	6513	31522	99.0355	17.0282	34.9	24.4
NODE_90_length_31247_cov_3.493845	1	31247	344	18890	60.4538	0.971197	36.6	18.6
NODE_92_length_30284_cov_3.410831	1	30284	488	21050	69.5087	1.41699	36.6	13.4
NODE_94_length_29316_cov_3.978435	1	29316	491	21793	74.3382	1.48325	36.7	40.9
NODE_98_length_27642_cov_3.629318	1	27642	426	18964	68.6057	1.33572	35.9	1.77
NODE_99_length_27136_cov_4.809424	1	27136	439	19434	71.617	1.38771	35.9	2.02
NODE_103_length_25437_cov_4.427586	1	25437	375	16599	65.2553	1.23261	35.3	0.997
NODE_110_length_22758_cov_8.333524	1	22758	178	9797	43.0486	0.6802	36.1	0.871
NODE_114_length_22362_cov_39.010266	1	22362	1581	20362	91.0563	6.0986	36	1.07
NODE_119_length_21232_cov_24.778675	1	21232	730	19285	90.8299	2.97452	36.3	1.02
NODE_120_length_20547_cov_20.156207	1	20547	552	15379	74.8479	2.2725	35.2	41.4
NODE_181_length_12451_cov_62.323975	1	12451	1356	12308	98.8515	9.64975	37.1	0.991
NODE_214_length_10360_cov_3.570597	1	10360	131	6442	62.1815	1.06207	35.1	41.6
NODE_278_length_7396_cov_6.279662	1	7396	32	2095	28.3261	0.381422	36.6	1
NODE_286_length_7275_cov_4.567867	1	7275	630	7236	99.4639	7.61402	36.6	41.7
NODE_309_length_6605_cov_445.087328	1	6605	8878	6592	99.8032	114.937	35.7	1.68
NODE_21_length_46020_cov_7.992255	1	44173	0	0	0	0	0	0
DAS_Check_Bin_07_k119_159765:247-42184	1	41938	0	0	0	0	0	0
NODE_15_length_35381_cov_29.469003	1	35381	0	0	0	0	0	0
NODE_99_length_5721_cov_1061.804977	1	5721	0	0	0	0	0	0
NODE_102_length_5581_cov_15638.208288	1	5581	0	0	0	0	0	0
NODE_104_length_5514_cov_1878.878732	1	5514	0	0	0	0	0	0
NODE_105_length_5492_cov_29.344308	1	5492	0	0	0	0	0	0
NODE_262_length_5514_cov_38.326067	1	5514	0	0	0	0	0	0
NODE_7_length_46020_cov_16.937757	1	46020	0	0	0	0	0	0
NODE_11_length_37351_cov_3.546841	1	37351	0	0	0	0	0	0
NODE_14_length_35381_cov_20.886033	1	35381	0	0	0	0	0	0
NODE_57_length_7439_cov_2.481446	1	7439	0	0	0	0	0	0
NODE_87_length_5402_cov_34.239200	1	5402	0	0	0	0	0	0
NODE_27_length_46064_cov_34.699428	1	46064	0	0	0	0	0	0
NODE_203_length_5535_cov_3.585219	1	5535	0	0	0	0	0	0
NODE_205_length_5514_cov_740.579227	1	5514	0	0	0	0	0	0
NODE_24_length_43860_cov_6.177765	1	43860	0	0	0	0	0	0
NODE_103_length_15861_cov_5.174997	1	15861	0	0	0	0	0	0
NODE_235_length_5514_cov_1351.351346	1	5514	0	0	0	0	0	0
NODE_176_length_5514_cov_454.349698	1	5514	0	0	0	0	0	0
NODE_113_length_5514_cov_54.894486	1	5514	0	0	0	0	0	0
NODE_96_length_11662_cov_7.022019	1	11662	0	0	0	0	0	0
NODE_118_length_18955_cov_3.719365	1	18955	0	0	0	0	0	0
NODE_390_length_5581_cov_3.514839	1	5581	0	0	0	0	0	0
