#rname	startpos	endpos	numreads	covbases	coverage	meandepth	meanbaseq	meanmapq
DAS_Check_Bin_09_k119_41989:3-49450	1	45022	51607	44696	99.2759	99.8799	36.2	41.5
NODE_39_length_37768_cov_25.508657	1	35529	342	20007	56.3117	0.847336	36.9	0.991
NODE_21_length_46020_cov_7.992255	1	44173	2	135	0.305617	0.00412016	38.8	1
NODE_68_length_36781_cov_8.797283	1	22515	2291	22416	99.5603	8.95412	36.5	3.19
NODE_18_length_65286_cov_9.613313	1	61998	5771	61153	98.6371	8.14578	36.5	1
DAS_Check_Bin_01_k119_158026:3-190576	1	190574	7	522	0.273909	0.00299621	36.4	36
DAS_Check_Bin_01_k119_45347:194-20015	1	19822	5	351	1.77076	0.0191202	37.4	25.2
NODE_10_length_44613_cov_10.908120	1	44613	1712	41999	94.1407	3.32668	36.2	0.989
NODE_13_length_36623_cov_12.491687	1	36623	2164	35753	97.6244	5.19698	36.8	0.986
NODE_14_length_36060_cov_13.057825	1	36060	68190	36045	99.9584	164.165	36.2	0.992
NODE_16_length_35370_cov_4.255189	1	35370	5039	35287	99.7653	12.5968	36.9	0.989
NODE_18_length_31157_cov_3.163269	1	31157	36271	31153	99.9872	103.055	37	0.983
NODE_22_length_23860_cov_5.129553	1	23860	1549	23585	98.8474	5.65687	36.2	6.19
NODE_25_length_23308_cov_5.171419	1	23308	145	8537	36.6269	0.543204	36.3	0.993
NODE_28_length_21720_cov_3.485299	1	21720	1555	21601	99.4521	6.04876	35.3	0.992
NODE_38_length_13971_cov_7.375898	1	13971	64845	13966	99.9642	412.517	37.3	0.98
NODE_39_length_13673_cov_7.531429	1	13673	38650	13633	99.7075	252.408	37.5	1.18
NODE_86_length_6245_cov_8.653635	1	6245	73	3747	60	1.02578	36	0.959
NODE_88_length_6209_cov_8.324829	1	6209	1205477	6209	100	17134.5	36.8	0.988
NODE_96_length_5842_cov_1098.051840	1	5842	5505	5626	96.3026	81.5411	36.1	1.04
NODE_99_length_5721_cov_1061.804977	1	5721	45	2863	50.0437	0.64237	34	41.8
NODE_102_length_5581_cov_15638.208288	1	5581	115	4202	75.2912	1.64451	34.2	1.34
NODE_104_length_5514_cov_1878.878732	1	5514	6	443	8.0341	0.0874139	34.7	1
NODE_105_length_5492_cov_29.344308	1	5492	5	381	6.93736	0.0726511	35	0.8
NODE_109_length_5407_cov_11252.763079	1	5407	58243	5407	100	947.178	36.5	0.993
NODE_120_length_5084_cov_34199.553390	1	5084	400618	5084	100	6947.13	36.8	0.992
NODE_2_length_172485_cov_32.775068	1	172485	329035	169934	98.521	170.09	37.5	0.985
NODE_6_length_61068_cov_9.739465	1	61068	69674	61067	99.9984	101.059	37	1.06
NODE_7_length_58087_cov_6.947994	1	58087	7388	57925	99.7211	11.2586	37.1	0.991
NODE_11_length_41469_cov_25.463877	1	41469	6195	41219	99.3971	13.2345	36.9	1.03
NODE_12_length_40031_cov_3.840454	1	40031	3949	23501	58.707	8.66616	36.4	38
NODE_17_length_37325_cov_319.259539	1	37325	150	6419	17.1976	0.358419	37.1	0.967
NODE_19_length_36060_cov_32.684877	1	36060	69192	35991	99.8087	166.594	36.1	0.99
NODE_23_length_32292_cov_5.397959	1	32292	5804	32181	99.6563	15.6409	36.2	0.989
NODE_24_length_31545_cov_5.801683	1	31545	1247	28997	91.9227	3.29529	34.9	17.6
NODE_28_length_27475_cov_4.040518	1	27475	1148	25619	93.2448	3.60379	35.6	1.25
NODE_30_length_25734_cov_5.275400	1	25734	844	23271	90.429	2.91319	37.1	0.989
NODE_31_length_25359_cov_5.009406	1	25359	585	21534	84.9166	2.04267	37.1	0.985
NODE_41_length_22305_cov_25.908899	1	22305	7780	22304	99.9955	30.1215	35.9	2.76
NODE_42_length_22193_cov_5.490695	1	22193	3019	22037	99.2971	11.7454	36	37.6
NODE_48_length_18890_cov_3.341333	1	18890	121	1116	5.90789	0.56289	36.6	0.314
NODE_52_length_17580_cov_3.189843	1	17580	703	15686	89.2264	3.42201	35.5	0.991
NODE_214_length_6245_cov_8.318255	1	6245	97	4691	75.1161	1.37054	36.3	0.969
NODE_217_length_6209_cov_8.798343	1	6209	1176563	6209	100	16729.2	36.8	0.991
NODE_258_length_5581_cov_2813.330800	1	5581	120	4434	79.4481	1.72156	34.4	1.54
NODE_262_length_5514_cov_38.326067	1	5514	7	521	9.44868	0.103736	34.5	0.857
NODE_268_length_5407_cov_226.692078	1	5407	66617	5407	100	1084.25	36.6	0.99
NODE_292_length_5084_cov_88208.156095	1	5084	431024	5036	99.0559	7475.54	36.8	0.991
NODE_7_length_46020_cov_16.937757	1	46020	3	172	0.373751	0.00373751	33.2	0.667
NODE_9_length_43915_cov_6.954241	1	43915	1599	41144	93.6901	3.16033	36.1	0.986
NODE_10_length_38461_cov_14.877649	1	38461	15772	38460	99.9974	36.2568	36.8	15
NODE_11_length_37351_cov_3.546841	1	37351	14	1208	3.23418	0.0330915	38.2	5.86
NODE_12_length_36623_cov_10.841993	1	36623	1974	35761	97.6463	4.72059	36.7	0.988
NODE_16_length_25443_cov_3.831850	1	25443	3363	25310	99.4773	11.7229	36.9	0.989
NODE_25_length_21201_cov_4.167171	1	21201	1355	20834	98.2689	5.58799	36.4	1.07
NODE_34_length_13780_cov_2.793515	1	13780	158	8187	59.4122	1.00762	36.3	0.968
NODE_39_length_12439_cov_7.203731	1	12439	59710	12438	99.992	427.016	37.3	1.22
NODE_72_length_6209_cov_12.989275	1	6209	1182304	6209	100	16803	36.8	0.989
NODE_76_length_5842_cov_1509.613790	1	5842	5360	5597	95.8062	79.4041	36.1	0.986
NODE_87_length_5402_cov_34.239200	1	5402	5	453	8.38578	0.0838578	35.1	0.6
NODE_89_length_5277_cov_5.447721	1	5277	4212	5274	99.9431	69.8789	36.3	1
NODE_4_length_238892_cov_6.753413	1	238892	14959	157552	65.9511	5.51183	36.7	19.2
NODE_5_length_189738_cov_6.430987	1	189738	16794	147401	77.6866	7.7928	36.7	33
NODE_10_length_119230_cov_6.136941	1	119230	8803	109566	91.8947	6.4877	36.5	0.99
NODE_12_length_90299_cov_8.811644	1	90299	5286	83963	92.9833	5.21751	37.6	41.4
NODE_13_length_76125_cov_44.994597	1	76125	7471	44056	57.8732	8.72144	37.1	0.983
NODE_18_length_62590_cov_137.633981	1	62590	23163	62284	99.5111	31.904	35.8	37.9
NODE_20_length_55983_cov_7.738449	1	55983	1656	40511	72.363	2.59161	36.6	19.1
NODE_23_length_52152_cov_8.571204	1	52152	10	717	1.37483	0.0170655	36.6	22.2
NODE_24_length_47733_cov_200.310583	1	47733	15723	47604	99.7297	29.2834	37.2	1.34
NODE_32_length_43849_cov_21.327442	1	43849	6092	43797	99.8814	12.2885	36.9	0.984
NODE_34_length_42243_cov_6.125960	1	42243	1298	37599	89.0065	2.73335	37.1	0.984
NODE_40_length_37489_cov_12.035128	1	37489	2557	37087	98.9277	5.74795	35.2	0.995
NODE_41_length_37113_cov_5.778240	1	37113	6090	37073	99.8922	14.2897	36.2	0.989
NODE_44_length_36060_cov_186.741564	1	36060	68588	36053	99.9806	165.284	36.1	0.988
NODE_57_length_28964_cov_3.647964	1	28964	719	24378	84.1666	2.16638	36.3	41.7
NODE_58_length_28915_cov_2.851594	1	28915	7535	28911	99.9862	22.9647	36.8	0.984
NODE_61_length_27709_cov_4.008787	1	27709	4475	27576	99.52	13.9169	35.9	1.12
NODE_63_length_26925_cov_11.515333	1	26925	1128	25328	94.0687	3.59565	35.4	2.54
NODE_64_length_26668_cov_4.755420	1	26668	8974	26637	99.8838	28.7726	35.5	1.08
NODE_66_length_25532_cov_5.218589	1	25532	4130	25357	99.3146	14.2729	36.9	1.08
NODE_69_length_23559_cov_18.031867	1	23559	1759	23159	98.3021	6.51891	36.3	13.1
NODE_71_length_22160_cov_3.786655	1	22160	7872	22126	99.8466	31.4822	36.9	1.07
NODE_86_length_17581_cov_4.636540	1	17581	43	2224	12.65	0.220465	37.3	5.47
NODE_94_length_15427_cov_6.269321	1	15427	4742	15427	100	25.7541	34.9	41.8
NODE_95_length_15356_cov_3.584733	1	15356	4176	15021	97.8184	23.1261	35.4	3.83
NODE_113_length_12763_cov_3.351196	1	12763	135	5018	39.3168	0.922197	36.3	16.3
NODE_165_length_6963_cov_2699.768674	1	6963	30810	6950	99.8133	392.712	37.2	1.12
NODE_180_length_6209_cov_8.318817	1	6209	1185929	6209	100	16857.9	36.8	0.991
NODE_194_length_5842_cov_59.714187	1	5842	10312	5727	98.0315	154.008	36.3	1.46
NODE_205_length_5514_cov_740.579227	1	5514	14	1103	20.0036	0.213457	35.7	1.71
NODE_209_length_5407_cov_424.684417	1	5407	70634	5406	99.9815	1149.31	36.5	0.991
NODE_212_length_5277_cov_13.385101	1	5277	4252	5274	99.9431	70.5244	36.3	0.995
NODE_213_length_5084_cov_56753.835156	1	5084	416395	5084	100	7214.13	36.8	0.992
NODE_3_length_160031_cov_246.186322	1	160031	277744	158246	98.8846	154.855	37.6	1.02
NODE_4_length_135187_cov_5.588891	1	135187	2495	58144	43.0101	1.6196	36.7	0.975
NODE_11_length_82624_cov_5.458404	1	82624	2819	49410	59.801	3.00669	36.7	0.9
NODE_20_length_47234_cov_31.155747	1	47234	14924	47207	99.9428	27.4637	36.2	4.08
NODE_22_length_45867_cov_5.463743	1	45867	1901	43341	94.4928	3.58308	36.1	0.982
NODE_24_length_43860_cov_6.177765	1	43860	9	754	1.71911	0.0182627	36.3	37.3
NODE_25_length_43849_cov_10.709458	1	43849	6100	43835	99.9681	12.3178	37	0.985
NODE_27_length_42291_cov_8.031513	1	42291	1198	36991	87.4678	2.50607	37	0.976
NODE_30_length_41337_cov_7.787607	1	41337	6599	41228	99.7363	13.8768	36.2	0.99
NODE_33_length_39957_cov_24.373239	1	39957	111568	39929	99.9299	244.789	36.4	1.15
NODE_34_length_38904_cov_21.835774	1	38904	336	7090	18.2243	0.757249	36.8	0.979
NODE_37_length_37729_cov_6.620083	1	37729	382	20999	55.6575	0.888998	36.9	0.982
NODE_38_length_37629_cov_17.014451	1	37629	2697	37047	98.4533	6.05995	35.3	0.994
NODE_42_length_35867_cov_6.690467	1	35867	2116	34642	96.5846	5.01358	35.4	41.6
NODE_43_length_35817_cov_5.543007	1	35817	517	23145	64.6202	1.26133	36.7	12.7
NODE_46_length_35128_cov_9.695264	1	35128	2016	4627	13.1718	5.05773	36.6	28.8
NODE_47_length_34443_cov_6.100820	1	34443	452	22496	65.3137	1.17467	38	41.3
NODE_49_length_32550_cov_5.505924	1	32550	1330	30238	92.8971	3.4945	35.4	9.28
NODE_72_length_21497_cov_3.547617	1	21497	583	18414	85.6585	2.37098	36.5	40.7
NODE_77_length_19576_cov_17.607807	1	19576	1087	18667	95.3566	4.80389	36.2	7.54
NODE_210_length_6209_cov_9.798343	1	6209	1194350	6209	100	16983.9	36.8	0.989
NODE_235_length_5514_cov_1351.351346	1	5514	7	502	9.1041	0.091041	33.4	1
NODE_243_length_5277_cov_12.775565	1	5277	4199	5276	99.981	69.5702	36.4	0.995
NODE_249_length_5084_cov_78920.386956	1	5084	416707	5084	100	7225.11	36.8	0.992
NODE_1_length_164730_cov_5.305092	1	164730	12208	138247	83.9234	6.49781	36.5	10.9
NODE_2_length_124404_cov_11.033221	1	124404	18021	124356	99.9614	12.9603	37.8	1.01
NODE_4_length_117427_cov_5.768318	1	117427	2208	51226	43.6237	1.64797	36.7	0.972
NODE_8_length_96678_cov_134.288192	1	96678	137003	95537	98.8198	126.421	37.6	0.982
NODE_28_length_43893_cov_22.428281	1	43893	6193	43842	99.8838	12.4783	37	1.01
NODE_29_length_42291_cov_14.926058	1	42291	1203	37326	88.2599	2.52907	37.1	0.984
NODE_33_length_37337_cov_16.555415	1	37337	12839	37337	100	29.8278	36.1	1.86
NODE_34_length_37325_cov_110.555514	1	37325	161	6910	18.5131	0.382827	37.2	0.975
NODE_36_length_36495_cov_5.297722	1	36495	403	21646	59.3122	0.976928	37	0.988
NODE_38_length_36114_cov_4.509720	1	36114	7110	36063	99.8588	17.5147	37.1	0.982
NODE_39_length_36060_cov_13.462408	1	36060	69328	36050	99.9723	166.912	36.2	0.989
NODE_48_length_30963_cov_4.644332	1	30963	15086	13815	44.6178	43.7266	38.1	1.06
NODE_54_length_29179_cov_6.736266	1	29179	1688	28383	97.272	5.1144	36.9	0.989
NODE_66_length_21974_cov_4.464985	1	21974	1647	21695	98.7303	6.3191	35.2	0.991
NODE_181_length_6454_cov_8661.914049	1	6454	1770	6370	98.6985	23.7577	36	7.66
NODE_228_length_5277_cov_15.499043	1	5277	4159	5275	99.9621	68.9547	36.3	0.995
NODE_232_length_5084_cov_53965.325313	1	5084	410441	5084	100	7108.77	36.8	0.991
NODE_2_length_164227_cov_5.664328	1	164227	6994	103063	62.7564	3.74778	36.6	0.942
NODE_17_length_61395_cov_5.757956	1	61395	2132	38186	62.1972	3.0553	36.7	0.886
NODE_26_length_47746_cov_5.112222	1	47746	13344	16442	34.4364	25.0984	38.1	1.16
NODE_31_length_42291_cov_15.102069	1	42291	1238	36775	86.957	2.59606	37	0.989
NODE_44_length_30436_cov_7.486422	1	30436	9	819	2.69089	0.0269089	38.3	28.2
NODE_48_length_29632_cov_4.402171	1	29632	2093	29201	98.5455	5.98795	35.2	0.995
NODE_50_length_28964_cov_4.022381	1	28964	307	16965	58.5727	0.936369	36.7	0.98
NODE_51_length_27921_cov_3.034092	1	27921	1100	26651	95.4515	3.42577	36.2	0.977
NODE_55_length_25017_cov_5.657880	1	25017	7226	24895	99.5123	25.2501	36.4	0.991
NODE_56_length_24833_cov_5.809872	1	24833	1530	24343	98.0268	5.44429	36.9	0.986
NODE_97_length_12527_cov_5.050513	1	12527	7278	12472	99.5609	51.9254	37.7	1.25
NODE_176_length_5514_cov_454.349698	1	5514	6	481	8.72325	0.0977512	35.8	1
NODE_184_length_5277_cov_11.715818	1	5277	4316	5271	99.8863	71.4359	36.3	0.991
NODE_193_length_5034_cov_15.769632	1	5034	6046	5031	99.9404	104.622	36.2	6.2
NODE_1_length_114607_cov_10.147007	1	114607	250182	113843	99.3334	194.552	37.5	0.983
NODE_4_length_36816_cov_7.960991	1	36816	6279	36791	99.9321	14.8458	36.1	0.988
NODE_5_length_36230_cov_4.885114	1	36230	10	880	2.42893	0.0242893	37.2	38.1
NODE_10_length_27385_cov_7.189535	1	27385	163	5920	21.6177	0.529487	37.1	0.975
NODE_11_length_26673_cov_11.045683	1	26673	5138	26668	99.9813	16.7115	36	0.978
NODE_20_length_17239_cov_6.178596	1	17239	176	9309	53.9997	0.874123	35.4	0.977
NODE_86_length_6209_cov_9.690445	1	6209	1192291	6209	100	16952.9	36.8	0.989
NODE_113_length_5514_cov_54.894486	1	5514	7	446	8.0885	0.0988393	33.8	1
NODE_124_length_5277_cov_25.805247	1	5277	4178	5276	99.981	69.3212	36.3	0.995
NODE_1_length_167064_cov_31.023334	1	167064	107480	167063	99.9994	57.2412	37.3	0.985
NODE_7_length_61042_cov_7.357896	1	61042	69988	61042	100	101.468	37	1.12
NODE_11_length_50106_cov_8.639548	1	50106	8154	50043	99.8743	14.1406	36.1	1.36
NODE_13_length_47685_cov_12.449024	1	47685	17310	47678	99.9853	32.279	37.2	0.992
NODE_14_length_46328_cov_8.666393	1	46328	5453	46191	99.7043	10.2091	36.1	1.17
NODE_26_length_33164_cov_59.471171	1	33164	76864	33149	99.9548	207.774	38	0.979
NODE_27_length_32852_cov_6.310150	1	32852	8933	32844	99.9756	23.7673	36.5	0.989
NODE_29_length_31681_cov_4.792196	1	31681	4698	31577	99.6717	12.8567	35.8	1
NODE_32_length_29822_cov_3.040481	1	29822	31107	29808	99.9531	88.9775	35.5	13.2
NODE_37_length_23975_cov_6.355811	1	23975	9676	23975	100	35.3534	36.4	0.993
NODE_79_length_8516_cov_194.794823	1	8516	117	5468	64.2085	1.21559	37.9	0.974
NODE_109_length_6469_cov_258.754599	1	6469	7555	6468	99.9845	103.656	37.1	0.991
NODE_117_length_6209_cov_39356.593760	1	6209	1177520	6209	100	16730.3	36.8	0.992
NODE_131_length_5556_cov_340.263043	1	5556	34409	5555	99.982	537.57	36.1	0.992
NODE_139_length_5354_cov_334.782412	1	5354	10288	5354	100	166.977	36.2	0.992
NODE_147_length_5084_cov_13961.725393	1	5084	595883	5084	100	10343.9	36.8	0.992
NODE_3_length_123329_cov_12.346099	1	123329	17917	123281	99.9611	13.0001	37.8	0.984
NODE_6_length_84822_cov_16.799037	1	84822	35671	84813	99.9894	37.5044	37.5	1.81
NODE_7_length_82293_cov_17.234271	1	82293	146271	82289	99.9951	152.839	35.7	0.992
NODE_13_length_50138_cov_17.827646	1	50138	8357	50123	99.9701	14.4644	36.1	1.45
NODE_17_length_47511_cov_6.251033	1	47511	7474	47485	99.9453	13.5789	35.7	0.985
NODE_22_length_41227_cov_3.669387	1	41227	5689	41109	99.7138	12.1985	37	0.985
NODE_24_length_39433_cov_10.753847	1	39433	18035	39433	100	40.109	36.5	20.1
NODE_34_length_29970_cov_6.653919	1	29970	4425	29848	99.5929	12.8681	36.1	0.986
NODE_35_length_29279_cov_5.928107	1	29279	3348	29188	99.6892	10.2636	37.9	1.1
NODE_36_length_28663_cov_6.412088	1	28663	3145	28374	98.9917	9.59777	36.5	0.989
NODE_39_length_25023_cov_3.154598	1	25023	2754	24725	98.8091	9.63809	36.5	0.987
NODE_41_length_24643_cov_3.795713	1	24643	4795	24630	99.9472	16.531	35.3	0.99
NODE_42_length_24457_cov_5.553315	1	24457	4721	24455	99.9918	16.8208	36.3	0.979
NODE_46_length_21332_cov_3.397377	1	21332	270	13538	63.4633	1.08579	35.6	0.993
NODE_52_length_17163_cov_9.937398	1	17163	221	10285	59.9254	1.12614	36.2	0.977
NODE_119_length_6469_cov_423.735111	1	6469	7322	6469	100	100.537	37.1	0.99
NODE_133_length_5840_cov_3038.520311	1	5840	42930	5840	100	647.827	36.5	3.64
NODE_140_length_5469_cov_7.356114	1	5469	10089	5469	100	150.944	34.4	41.9
NODE_1_length_157272_cov_245.867635	1	157272	360799	157272	100	204.782	37.6	1.49
NODE_3_length_116508_cov_7.831949	1	116508	67682	116493	99.9871	51.7132	37.3	1
NODE_5_length_78818_cov_6.835964	1	78818	13008	78376	99.4392	14.4762	36.6	23.6
NODE_8_length_61519_cov_6.420002	1	61519	6612	61225	99.5221	9.37582	36.4	1
NODE_11_length_55539_cov_10.359851	1	55539	5474	55355	99.6687	8.64463	36.6	5.08
NODE_12_length_54742_cov_5.935359	1	54742	3974	53780	98.2427	6.39332	36.7	13.8
NODE_15_length_49707_cov_409.118646	1	49707	422560	49706	99.998	743.253	36.4	5.11
NODE_19_length_46049_cov_20.145976	1	46049	11780	46040	99.9805	22.5579	36.8	0.988
NODE_31_length_37539_cov_17.903879	1	37539	9894	37470	99.8162	22.9954	36.4	1.23
NODE_32_length_37308_cov_5.588865	1	37308	1335	34366	92.1143	3.18012	36.9	2.34
NODE_38_length_34710_cov_5.008022	1	34710	5878	34650	99.8271	14.5471	35.8	0.992
NODE_39_length_34383_cov_15.503059	1	34383	4009	33929	98.6796	10.2006	36.4	15.6
NODE_40_length_33198_cov_25.854600	1	33198	7162	33161	99.8885	19.0458	36.8	1.12
NODE_41_length_33019_cov_71.818742	1	33019	16502	32844	99.47	43.832	36.4	1.19
NODE_42_length_30783_cov_6.353228	1	30783	10005	30752	99.8993	28.7823	36.9	0.983
NODE_43_length_30206_cov_3.324367	1	30206	3416	30173	99.8908	9.93521	36.5	41.5
NODE_51_length_25704_cov_4.962455	1	25704	2847	25383	98.7512	9.64546	36.1	0.989
NODE_60_length_19783_cov_3.659621	1	19783	2356	19764	99.904	10.6738	37.9	0.985
NODE_68_length_16862_cov_6.336764	1	16862	8655	16848	99.917	43.9196	35.5	3.54
NODE_137_length_7399_cov_2.692266	1	7399	218	6593	89.1066	2.60927	37.3	0.982
NODE_157_length_6469_cov_65.568288	1	6469	7819	6467	99.9691	107.523	37	0.99
NODE_164_length_6286_cov_3.027283	1	6286	158	5407	86.0165	2.21524	37	41.8
NODE_186_length_5556_cov_469.135975	1	5556	33940	5556	100	529.839	36	0.992
NODE_193_length_5407_cov_407.749626	1	5407	119880	5407	100	1954.17	36.6	1.53
NODE_194_length_5354_cov_104.200415	1	5354	10411	5353	99.9813	169.27	36.1	0.989
NODE_196_length_5277_cov_172.009958	1	5277	4404	5276	99.981	73.1116	36.3	0.992
NODE_4_length_95966_cov_30.590652	1	95966	232240	95956	99.9896	213.339	36.8	3.35
NODE_6_length_82210_cov_5.532554	1	82210	140196	82198	99.9854	146.71	35.7	1.02
NODE_11_length_50594_cov_377.385821	1	50594	242781	50593	99.998	422.433	36.6	1.29
NODE_15_length_36350_cov_5.563659	1	36350	11574	36323	99.9257	28.3302	37.2	0.999
NODE_16_length_36268_cov_5.202911	1	36268	2020	35154	96.9284	4.90885	36.8	0.986
NODE_17_length_36060_cov_30.766366	1	36060	77492	36060	100	186.871	36.2	0.988
NODE_22_length_25354_cov_3.861378	1	25354	3286	25311	99.8304	11.443	36.9	0.988
NODE_25_length_22867_cov_5.385543	1	22867	2630	22798	99.6983	10.0719	36.5	0.998
NODE_4_length_50595_cov_67.659972	1	50595	237904	50595	100	414.066	36.6	0.986
NODE_9_length_29359_cov_4.137114	1	29359	145066	29359	100	432.797	36.5	1.66
NODE_22_length_12612_cov_2.735526	1	12612	4631	12580	99.7463	31.1689	35.4	1.22
NODE_3_length_50595_cov_82.409794	1	50595	238041	50595	100	414.246	36.6	0.986
NODE_5_length_44363_cov_4.177530	1	44363	378197	44362	99.9977	745.325	36.4	1.35
NODE_7_length_36147_cov_14.136346	1	36147	79747	36145	99.9945	191.708	36.2	1.21
NODE_18_length_15213_cov_9.438580	1	15213	225090	15213	100	1313.88	37.1	41.5
NODE_47_length_5840_cov_40.463440	1	5840	31836	5834	99.8973	477.998	36.3	1.39
NODE_51_length_5556_cov_13.876568	1	5556	34380	5555	99.982	536.345	36	0.992
NODE_57_length_5407_cov_151.267377	1	5407	111629	5407	100	1820.96	36.6	1.04
NODE_62_length_5084_cov_1208.538278	1	5084	608591	5084	100	10568.7	36.8	0.991
NODE_2_length_148288_cov_23.186888	1	148288	2100	99403	67.0337	1.26562	37.8	12
NODE_6_length_84805_cov_14.802077	1	84805	34128	84800	99.9941	35.9039	37.5	1
NODE_23_length_41397_cov_28.250593	1	41397	72	5252	12.6869	0.15692	38.2	0.944
NODE_24_length_41128_cov_5.105933	1	41128	5964	41061	99.8371	12.6244	36.1	1.06
NODE_25_length_41104_cov_10.069039	1	41104	9645	40934	99.5864	20.6237	36.7	1.13
NODE_35_length_36642_cov_6.903080	1	36642	2052	35528	96.9598	4.96441	36.9	0.988
NODE_42_length_32103_cov_4.370444	1	32103	8148	32054	99.8474	22.4058	36.8	41.3
NODE_45_length_29051_cov_4.288419	1	29051	987	27026	93.0295	3.02251	37	0.99
NODE_47_length_27680_cov_4.110081	1	27680	3364	27400	98.9884	10.5726	36	0.992
NODE_51_length_25928_cov_4.825185	1	25928	3117	25864	99.7532	10.7804	37.9	0.978
NODE_54_length_22851_cov_9.800140	1	22851	1043	20743	90.775	3.97287	36.3	1
NODE_102_length_12697_cov_5.155751	1	12697	72118	12697	100	505.135	37.3	3.98
NODE_158_length_8436_cov_3.682138	1	8436	104	5395	63.9521	1.11095	38.2	0.981
NODE_209_length_6209_cov_65496.679721	1	6209	1177090	6209	100	16731.5	36.8	0.993
NODE_235_length_5556_cov_134.878749	1	5556	34184	5556	100	533.77	36	0.993
NODE_249_length_5277_cov_379.647453	1	5277	4106	5276	99.981	68.2619	36.3	0.996
NODE_4_length_133646_cov_16.294571	1	133646	50757	133623	99.9828	33.4995	36.6	16.2
NODE_7_length_115553_cov_35.746429	1	115553	1615	73469	63.5803	1.2503	37.8	0.981
NODE_18_length_57319_cov_76.520624	1	57319	1324	40802	71.1841	2.02561	36.4	0.944
NODE_24_length_50596_cov_1234.024079	1	50596	236952	50596	100	412.194	36.6	0.986
NODE_35_length_43849_cov_26.763073	1	43849	5907	43827	99.9498	11.9397	37	0.987
NODE_38_length_43069_cov_9.555959	1	43069	3334	42469	98.6069	6.80629	36.6	1.04
NODE_42_length_41397_cov_33.888709	1	41397	59	4338	10.479	0.128125	38.2	0.932
NODE_49_length_38057_cov_4.796748	1	38057	3349	37774	99.2564	7.81562	37.2	13.2
NODE_51_length_37849_cov_4.749140	1	37849	1167	33837	89.4	2.73209	37	0.991
NODE_53_length_36807_cov_5.676671	1	36807	400	19569	53.1665	0.936778	35.7	22
NODE_61_length_31489_cov_8.070020	1	31489	771	25331	80.444	2.17416	37.2	0.987
NODE_63_length_27891_cov_6.995761	1	27891	3260	27576	98.8706	10.292	36.6	14.4
NODE_64_length_27677_cov_8.435522	1	27677	18944	27647	99.8916	58.58	35.6	1.03
NODE_69_length_26777_cov_5.823441	1	26777	2090	26312	98.2634	6.5836	35.2	1.73
NODE_76_length_25339_cov_4.381387	1	25339	8470	25288	99.7987	29.5664	36.8	0.984
NODE_77_length_25099_cov_4.340960	1	25099	1291	23752	94.6333	4.46161	36.2	6.28
NODE_78_length_24488_cov_6.858102	1	24488	542	17147	70.0221	1.92731	36.2	41.2
NODE_80_length_24274_cov_3.099385	1	24274	282	12420	51.1659	0.999506	35.4	38
NODE_86_length_22502_cov_3.552991	1	22502	788	20788	92.3829	3.11635	37.4	10.7
NODE_101_length_17827_cov_4.586484	1	17827	13018	17808	99.8934	62.211	35.3	1.11
NODE_110_length_17112_cov_3.368119	1	17112	199	10717	62.6286	1.00982	36.2	0.955
NODE_192_length_8422_cov_5.291144	1	8422	101	5144	61.0781	1.07825	38.2	0.96
NODE_229_length_6678_cov_5.842066	1	6678	31401	6678	100	418.214	37.3	1.27
NODE_261_length_5874_cov_27.383915	1	5874	10635	5860	99.7617	157.31	36.1	0.989
NODE_4_length_127150_cov_117.090247	1	127150	18140	126836	99.753	12.7613	37.8	0.983
NODE_7_length_88941_cov_46.993812	1	88941	1230	55977	62.9372	1.23987	37.7	18.1
NODE_11_length_72839_cov_23.773563	1	72839	14172	72538	99.5868	16.8337	36	41.7
NODE_21_length_59130_cov_12.292323	1	59130	6744	58807	99.4537	10.1208	37	0.987
NODE_23_length_57177_cov_114.389377	1	57177	1401	42725	74.7241	2.15081	36.6	0.956
NODE_28_length_50596_cov_1491.292179	1	50596	238880	50596	100	415.567	36.6	0.984
NODE_30_length_49587_cov_4.531979	1	49587	4904	49174	99.1671	8.66487	36.6	0.985
NODE_35_length_46803_cov_6.051467	1	46803	6910	46729	99.8419	12.9894	36.6	20.5
NODE_36_length_46752_cov_29.126753	1	46752	6311	46653	99.7882	11.7148	36	1.17
NODE_39_length_43620_cov_4.962217	1	43620	1511	40271	92.3223	3.05502	36.8	0.985
NODE_40_length_43084_cov_6.633898	1	43084	59043	43078	99.9861	118.223	35.8	1.1
NODE_45_length_40665_cov_4.748239	1	40665	422	22355	54.9736	0.919956	36.8	0.986
NODE_50_length_39226_cov_10.101606	1	39226	878	31385	80.0107	1.98621	37.1	41.5
NODE_56_length_37457_cov_9.262072	1	37457	9480	37431	99.9306	22.1506	36.5	2.46
NODE_58_length_37241_cov_46.337493	1	37241	9301	37230	99.9705	22.0034	36.8	1.7
NODE_59_length_37102_cov_7.659028	1	37102	4858	37062	99.8922	11.3257	36	0.992
NODE_60_length_36992_cov_10.212497	1	36992	1204	32876	88.8733	2.88654	37	20.1
NODE_64_length_33972_cov_8.070260	1	33972	1045	30105	88.6171	2.70214	36.8	40.5
NODE_68_length_32950_cov_15.789907	1	32950	4087	32831	99.6388	10.7334	36.1	1.04
NODE_75_length_29643_cov_5.344836	1	29643	255	14960	50.4672	0.775731	38	40.7
NODE_76_length_29309_cov_5.208553	1	29309	1583	28736	98.045	4.6975	36.3	10.3
NODE_77_length_28348_cov_7.729650	1	28348	2295	27949	98.5925	7.17574	37.2	0.983
NODE_80_length_27821_cov_14.253908	1	27821	1766	25712	92.4194	5.52198	36.3	2.65
NODE_90_length_25254_cov_6.697329	1	25254	140	8997	35.626	0.483646	36.1	0.993
NODE_92_length_24473_cov_5.235728	1	24473	7930	24462	99.9551	28.6672	36.8	0.987
NODE_98_length_23476_cov_4.904359	1	23476	995	22142	94.3176	3.74574	37.1	13.8
NODE_107_length_20703_cov_32.120399	1	20703	3250	20654	99.7633	13.5867	36	0.973
NODE_119_length_18951_cov_5.567686	1	18951	809	17840	94.1375	3.75954	36.7	1.03
NODE_127_length_17877_cov_5.437717	1	17877	437	15424	86.2785	2.13274	36.5	41.3
NODE_337_length_5407_cov_169.755419	1	5407	107991	5407	100	1762.87	36.6	0.99
NODE_345_length_5277_cov_154.251628	1	5277	4412	5273	99.9242	73.3784	36.3	0.993
NODE_17_length_37229_cov_5.527304	1	37229	5684	37121	99.7099	13.5243	37	1.08
NODE_35_length_16708_cov_7.810064	1	16708	6351	16702	99.9641	32.3749	35.4	1.74
NODE_79_length_6268_cov_7.561404	1	6268	106	4856	77.4729	1.48086	36.3	0.943
NODE_1_length_167064_cov_29.887916	1	167064	106275	167064	100	56.574	37.3	0.996
NODE_2_length_128004_cov_9.723710	1	128004	298176	128003	99.9992	207.914	37.6	0.992
NODE_9_length_50597_cov_221.425567	1	50597	239388	50597	100	416.505	36.6	0.993
NODE_15_length_44579_cov_4.400862	1	44579	32486	44564	99.9664	63.3583	36.2	1.2
NODE_25_length_26906_cov_5.574876	1	26906	3250	26820	99.6804	10.4684	36.1	1.13
NODE_66_length_7415_cov_2.395924	1	7415	241	6630	89.4134	2.89238	37.1	1.1
NODE_81_length_6245_cov_24.756704	1	6245	72	3830	61.3291	0.998879	36	1
NODE_98_length_5354_cov_128.256463	1	5354	10299	5354	100	167.436	36.1	0.99
NODE_14_length_82374_cov_240.205894	1	82374	146024	82374	100	152.421	35.7	0.992
NODE_21_length_64073_cov_37.552313	1	64073	42688	64073	100	57.9731	36.2	10.5
NODE_22_length_61496_cov_10.163685	1	61496	6919	61274	99.639	9.83464	36.4	0.992
NODE_27_length_56163_cov_10.570810	1	56163	5761	55834	99.4142	9.03775	36.6	1.49
NODE_29_length_50686_cov_11.681381	1	50686	7549	50660	99.9487	12.5026	35	0.988
NODE_34_length_49123_cov_12.946462	1	49123	10092	49121	99.9959	17.6904	35.9	18.1
NODE_35_length_48678_cov_17.660634	1	48678	7612	48655	99.9528	13.5457	35.8	0.986
NODE_36_length_48286_cov_161.551720	1	48286	120701	48286	100	224.236	38	8.8
NODE_41_length_46049_cov_22.527873	1	46049	11938	46024	99.9457	22.8689	36.8	1.24
NODE_42_length_46014_cov_7.064688	1	46014	2681	45137	98.0941	5.13813	36.6	2.02
NODE_44_length_45313_cov_24.797539	1	45313	17352	45310	99.9934	33.5174	36.4	2.15
NODE_45_length_44530_cov_6.085261	1	44530	4822	44409	99.7283	8.99587	34.9	4.61
NODE_50_length_42455_cov_9.957995	1	42455	5129	42409	99.8916	10.4523	36	5.97
NODE_54_length_41545_cov_23.951314	1	41545	7660	41447	99.7641	16.3831	37.1	2.21
NODE_56_length_41017_cov_5.694693	1	41017	7798	41017	100	16.158	35.3	41.6
NODE_58_length_39387_cov_195.566714	1	39387	124119	39387	100	276.571	36.4	2.2
NODE_66_length_37340_cov_6.786992	1	37340	3690	36771	98.4762	8.8083	37.4	1.65
NODE_74_length_32607_cov_43.428176	1	32607	17328	32488	99.635	46.5586	36.4	1.09
NODE_76_length_32402_cov_4.278047	1	32402	2067	31768	98.0433	5.66795	37.1	1.35
NODE_85_length_29888_cov_3.843428	1	29888	1015	27851	93.1846	3.0089	37	0.99
NODE_86_length_29401_cov_5.339501	1	29401	2786	29401	100	8.05483	35.5	6.16
NODE_90_length_26510_cov_4.099074	1	26510	1677	26208	98.8608	5.53221	36.4	1.02
NODE_91_length_25386_cov_3.813628	1	25386	1112	24283	95.6551	3.76842	35.7	1.09
NODE_98_length_23399_cov_4.973441	1	23399	1754	23340	99.7479	6.62456	36.9	0.99
NODE_99_length_23338_cov_3.337113	1	23338	611	20412	87.4625	2.31849	37.2	1.17
NODE_100_length_23190_cov_23.457402	1	23190	4123	23094	99.586	15.6838	36.7	1.14
NODE_102_length_22820_cov_4.048935	1	22820	1014	21990	96.3628	3.90188	36.6	0.989
NODE_103_length_22548_cov_3.955764	1	22548	1304	22107	98.0442	5.1472	37.2	2.94
NODE_122_length_18523_cov_15.849144	1	18523	3468	18400	99.336	15.9841	35.5	1.06
NODE_137_length_15986_cov_191.716590	1	15986	50515	15982	99.975	282.576	37.5	4.73
NODE_142_length_15505_cov_266.883107	1	15505	69181	15505	100	391.326	36.4	7.74
NODE_286_length_7396_cov_5.191118	1	7396	249	6966	94.186	3.00379	37.4	0.996
NODE_394_length_5277_cov_264.588280	1	5277	4219	5275	99.9621	70.0352	36.3	0.988
NODE_2_length_111600_cov_9.640486	1	111600	15736	111365	99.7894	12.6202	37.8	0.982
NODE_9_length_45523_cov_3.740213	1	45523	21060	45501	99.9517	41.1593	37.4	0.991
NODE_11_length_38676_cov_4.256959	1	38676	13631	38651	99.9354	31.1015	36.7	0.987
NODE_12_length_38621_cov_4.452264	1	38621	68	4841	12.5346	0.15678	38	0.809
NODE_14_length_36134_cov_22.605782	1	36134	77969	36112	99.9391	187.641	36.2	1.01
NODE_16_length_32623_cov_3.888142	1	32623	10437	32558	99.8008	28.4215	37.2	0.983
NODE_23_length_22286_cov_4.358508	1	22286	3103	22239	99.7891	12.3136	36.9	0.981
NODE_25_length_20188_cov_3.698455	1	20188	1034	18688	92.5698	4.44551	36.1	0.985
NODE_50_length_10983_cov_6.236914	1	10983	57283	10983	100	456.874	36.4	1
NODE_97_length_5840_cov_82.570614	1	5840	30128	5840	100	452.318	36.3	1.06
NODE_1_length_291783_cov_17.309309	1	291783	2318	138250	47.3811	0.711662	37.9	1.74
NODE_2_length_224719_cov_12.772874	1	224719	1533	90017	40.0576	0.612877	38	1.18
NODE_5_length_146551_cov_138.816527	1	146551	322709	146545	99.9959	193.821	36.8	1.03
NODE_9_length_107083_cov_7.960225	1	107083	16423	106931	99.8581	13.7293	37.8	0.983
NODE_18_length_51491_cov_4.309861	1	51491	487	27034	52.5024	0.839603	36.9	1.53
NODE_23_length_46505_cov_8.013886	1	46505	5522	46330	99.6237	10.3123	36.1	1.01
NODE_28_length_40659_cov_13.346394	1	40659	4027	40337	99.208	8.678	36.5	1.01
NODE_34_length_37084_cov_5.937697	1	37084	2248	36213	97.6513	5.31852	36.5	0.964
NODE_37_length_29802_cov_5.098867	1	29802	3636	29743	99.802	10.7897	36.9	0.988
NODE_39_length_28630_cov_5.069326	1	28630	4057	28465	99.4237	12.2943	36.1	1.03
NODE_42_length_27529_cov_6.863980	1	27529	243	14686	53.3474	0.793636	38.1	40.3
NODE_44_length_27445_cov_5.378131	1	27445	1618	26072	94.9973	5.20783	36.8	0.988
NODE_46_length_25582_cov_5.547381	1	25582	2999	25519	99.7537	10.1915	36	0.981
NODE_48_length_24386_cov_133.440549	1	24386	63175	24307	99.676	229.694	37	41.5
NODE_60_length_14961_cov_14.778747	1	14961	536	13859	92.6342	3.1937	37.2	18.9
NODE_63_length_14529_cov_5.416955	1	14529	7140	14513	99.8899	41.8023	35.3	3.26
NODE_85_length_9810_cov_429.929062	1	9810	7782	9808	99.9796	70.3526	37	1.29
NODE_91_length_8647_cov_3.054702	1	8647	290	7719	89.268	2.91731	36.3	39.5
NODE_122_length_6209_cov_70622.697433	1	6209	1190368	6209	100	16925.7	36.8	0.991
NODE_136_length_5744_cov_864.749341	1	5744	10803	5737	99.8781	163.327	36.1	1.14
NODE_147_length_5556_cov_89.738411	1	5556	34519	5556	100	538.644	36	0.991
NODE_1_length_224519_cov_7.116856	1	224519	1481	91101	40.5761	0.592088	38	0.982
NODE_2_length_167110_cov_64.689713	1	167110	105970	167110	100	56.402	37.3	1
NODE_4_length_142877_cov_8.785747	1	142877	1191	69600	48.7132	0.749358	38.1	0.975
NODE_5_length_139191_cov_8.620788	1	139191	1092	64025	45.9979	0.700857	37.9	0.961
NODE_21_length_49714_cov_4.278741	1	49714	441	25810	51.917	0.784548	36.8	0.966
NODE_26_length_46532_cov_8.982421	1	46532	2856	45735	98.2872	5.41457	36.7	0.979
NODE_28_length_46427_cov_14.788256	1	46427	5593	46312	99.7523	10.4804	36.1	1
NODE_29_length_46367_cov_11.001188	1	46367	6324	46081	99.3832	11.844	36.1	0.986
NODE_30_length_46266_cov_83.710480	1	46266	15790	46253	99.9719	30.4472	37.5	1.58
NODE_31_length_43850_cov_11.756000	1	43850	6367	43835	99.9658	12.841	36.9	0.991
NODE_32_length_43436_cov_7.077891	1	43436	17118	43424	99.9724	34.5178	36.4	1.5
NODE_35_length_40899_cov_23.333831	1	40899	3440	40201	98.2934	7.40189	36.6	1.2
NODE_38_length_39875_cov_5.639704	1	39875	5892	39831	99.8897	12.4355	35	1.15
NODE_46_length_36623_cov_13.706793	1	36623	2057	35316	96.4312	4.94162	36.7	0.984
NODE_49_length_32431_cov_3.692241	1	32431	6592	32393	99.8828	18.0914	37.2	0.986
NODE_53_length_30710_cov_4.642636	1	30710	55	4472	14.562	0.15985	37.9	30.6
NODE_54_length_30192_cov_5.904702	1	30192	5048	30120	99.7615	14.2713	35.3	1.18
NODE_55_length_29701_cov_27.068205	1	29701	127229	28669	96.5254	381.992	37.3	20.9
NODE_56_length_28912_cov_8.397962	1	28912	303	16507	57.0939	0.899972	35.4	13.5
NODE_58_length_27890_cov_4.360841	1	27890	7433	27851	99.8602	23.2486	36.4	1.2
NODE_60_length_25063_cov_6.534149	1	25063	1908	24806	98.9746	6.45206	35.2	0.995
NODE_87_length_14015_cov_251.795559	1	14015	9716	13940	99.4649	61.9905	37.7	1.79
NODE_101_length_12031_cov_26.306363	1	12031	524	11649	96.8249	3.87973	37.2	16.1
NODE_153_length_7396_cov_5.593380	1	7396	177	6520	88.1558	2.1344	37.2	1.02
NODE_173_length_6469_cov_774.838478	1	6469	7800	6469	100	106.973	37	0.987
NODE_218_length_5084_cov_12194.464307	1	5084	563735	5084	100	9777.36	36.8	0.993
NODE_4_length_149990_cov_22.694054	1	149990	23009	149961	99.9807	13.7297	37.8	8.39
NODE_11_length_90295_cov_118.359719	1	90295	158462	90295	100	154.19	36.8	1.03
NODE_14_length_82304_cov_225.187151	1	82304	146316	82301	99.9964	152.854	35.7	1.02
NODE_17_length_66579_cov_12.543699	1	66579	7695	66472	99.8393	10.2408	37	1.36
NODE_28_length_50686_cov_13.389939	1	50686	6930	50663	99.9546	11.493	35	1
NODE_33_length_48678_cov_22.032392	1	48678	7544	48673	99.9897	13.4271	35.8	0.988
NODE_34_length_48295_cov_29.851223	1	48295	6703	48164	99.7288	12.0648	36.1	2.68
NODE_39_length_46496_cov_26.700803	1	46496	5422	46417	99.8301	10.0931	36.1	1.07
NODE_40_length_46294_cov_8.238197	1	46294	6677	46155	99.6997	12.5205	36.2	17.6
NODE_44_length_45871_cov_5.078160	1	45871	1837	43170	94.1117	3.47843	36.2	0.985
NODE_49_length_42667_cov_9.849948	1	42667	12966	42666	99.9977	27.0007	37.1	41.5
NODE_52_length_42307_cov_7.097250	1	42307	1230	37256	88.0611	2.57433	37.1	0.992
NODE_54_length_41741_cov_10.161829	1	41741	3095	41535	99.5065	6.52862	36.6	1.02
NODE_55_length_41584_cov_17.221676	1	41584	6332	41394	99.5431	13.4683	37	1.26
NODE_65_length_38961_cov_7.399476	1	38961	3909	38656	99.2172	8.92598	37.3	2.66
NODE_66_length_38717_cov_7.546868	1	38717	4040	38258	98.8145	8.6602	34.9	1.17
NODE_68_length_38440_cov_54.510460	1	38440	31003	38425	99.961	69.0085	35.6	1.42
NODE_69_length_37272_cov_3.102802	1	37272	1825	36142	96.9682	4.20525	35.6	15.1
NODE_76_length_34918_cov_18.678370	1	34918	10918	34818	99.7136	26.8062	35.5	4.78
NODE_77_length_34914_cov_4.634499	1	34914	4486	34720	99.4443	11.1965	36.2	41.7
NODE_78_length_34810_cov_11.848741	1	34810	3703	34563	99.2904	9.53476	37.9	5.8
NODE_82_length_32967_cov_14.811011	1	32967	2475	32742	99.3175	6.34832	35.2	1.37
NODE_84_length_32573_cov_4.820715	1	32573	4732	32462	99.6592	12.4242	35.6	41.8
NODE_85_length_32529_cov_5.865646	1	32529	2042	32343	99.4282	5.56602	37.1	1.52
NODE_86_length_32364_cov_4.582315	1	32364	2632	32234	99.5983	7.16083	36.7	14.9
NODE_87_length_32215_cov_15.592506	1	32215	5657	32103	99.6523	14.9312	35.3	2.8
NODE_88_length_32149_cov_48.332741	1	32149	8444	32132	99.9471	22.9458	36.5	1.7
NODE_89_length_31829_cov_62.477403	1	31829	42052	31697	99.5853	112.774	35.3	27.7
NODE_90_length_31247_cov_3.493845	1	31247	2211	30803	98.5791	6.25183	37.1	16.9
NODE_92_length_30284_cov_3.410831	1	30284	1166	28317	93.5048	3.41289	37	13.6
NODE_94_length_29316_cov_3.978435	1	29316	3120	29214	99.6521	9.47466	37.3	41.2
NODE_98_length_27642_cov_3.629318	1	27642	1304	26917	97.3772	4.14666	36.6	2.09
NODE_99_length_27136_cov_4.809424	1	27136	1707	26963	99.3625	5.49709	36.4	1.94
NODE_103_length_25437_cov_4.427586	1	25437	2437	25307	99.4889	8.1591	35.5	0.995
NODE_110_length_22758_cov_8.333524	1	22758	2331	22720	99.833	8.98871	36.6	0.927
NODE_114_length_22362_cov_39.010266	1	22362	9183	22057	98.6361	36.0824	36.4	1.01
NODE_119_length_21232_cov_24.778675	1	21232	5139	21209	99.8917	21.2753	36.7	0.998
NODE_120_length_20547_cov_20.156207	1	20547	12024	20536	99.9465	49.9821	35.5	41.6
NODE_181_length_12451_cov_62.323975	1	12451	8689	12438	99.8956	62.4334	37.7	0.983
NODE_214_length_10360_cov_3.570597	1	10360	657	10168	98.1467	5.40956	35.4	40.8
NODE_278_length_7396_cov_6.279662	1	7396	241	6987	94.47	2.90833	37.2	0.988
NODE_286_length_7275_cov_4.567867	1	7275	723	7268	99.9038	8.8345	36.9	41.6
NODE_309_length_6605_cov_445.087328	1	6605	10415	6604	99.9849	136.974	36.1	1.49
NODE_390_length_5581_cov_3.514839	1	5581	81	3646	65.3288	1.18473	34.8	1.12
DAS_Check_Bin_07_k119_159765:247-42184	1	41938	0	0	0	0	0	0
NODE_15_length_35381_cov_29.469003	1	35381	0	0	0	0	0	0
NODE_14_length_35381_cov_20.886033	1	35381	0	0	0	0	0	0
NODE_57_length_7439_cov_2.481446	1	7439	0	0	0	0	0	0
NODE_27_length_46064_cov_34.699428	1	46064	0	0	0	0	0	0
NODE_203_length_5535_cov_3.585219	1	5535	0	0	0	0	0	0
NODE_103_length_15861_cov_5.174997	1	15861	0	0	0	0	0	0
NODE_96_length_11662_cov_7.022019	1	11662	0	0	0	0	0	0
NODE_118_length_18955_cov_3.719365	1	18955	0	0	0	0	0	0
