#rname	startpos	endpos	numreads	covbases	coverage	meandepth	meanbaseq	meanmapq
DAS_Check_Bin_09_k119_41989:3-49450	1	45022	1583	40287	89.4829	3.01339	35.8	41.8
NODE_39_length_37768_cov_25.508657	1	35529	6	544	1.53114	0.0153114	36.7	1
NODE_68_length_36781_cov_8.797283	1	22515	114	7667	34.0529	0.442638	36.2	4.62
NODE_18_length_65286_cov_9.613313	1	61998	32	2459	3.96626	0.0452434	36.2	1
DAS_Check_Bin_01_k119_158026:3-190576	1	190574	2	182	0.095501	0.00095501	34.5	42
NODE_10_length_44613_cov_10.908120	1	44613	20	1684	3.77468	0.0380607	35.9	1
NODE_13_length_36623_cov_12.491687	1	36623	32	2723	7.43522	0.0784207	36.9	0.938
NODE_14_length_36060_cov_13.057825	1	36060	1875	33348	92.4792	4.40729	35.7	0.997
NODE_16_length_35370_cov_4.255189	1	35370	91	6593	18.6401	0.22307	36.6	1
NODE_18_length_31157_cov_3.163269	1	31157	318	17538	56.2891	0.895112	36.4	1
NODE_22_length_23860_cov_5.129553	1	23860	54	4246	17.7955	0.191115	35.6	7.41
NODE_25_length_23308_cov_5.171419	1	23308	24	1983	8.50781	0.0888965	35.4	1
NODE_28_length_21720_cov_3.485299	1	21720	11	845	3.89042	0.0424494	35.3	1
NODE_38_length_13971_cov_7.375898	1	13971	41	3247	23.241	0.257677	36.9	1
NODE_39_length_13673_cov_7.531429	1	13673	922	13163	96.27	5.99568	37.1	1.31
NODE_88_length_6209_cov_8.324829	1	6209	1692934	6209	100	23743.4	36.3	0.994
NODE_96_length_5842_cov_1098.051840	1	5842	196	4136	70.7977	2.8343	35.7	0.99
NODE_109_length_5407_cov_11252.763079	1	5407	2354	5158	95.3949	37.518	36	0.996
NODE_120_length_5084_cov_34199.553390	1	5084	19459	5083	99.9803	332.613	36.3	0.995
NODE_2_length_172485_cov_32.775068	1	172485	145	12008	6.96176	0.0738731	37	1.04
NODE_6_length_61068_cov_9.739465	1	61068	590	33664	55.1254	0.84627	36.5	1.18
NODE_7_length_58087_cov_6.947994	1	58087	189	14454	24.8834	0.287603	36.6	0.963
NODE_11_length_41469_cov_25.463877	1	41469	587	27330	65.9047	1.23244	36.5	0.991
NODE_12_length_40031_cov_3.840454	1	40031	180	10705	26.7418	0.3872	35.8	37.1
NODE_17_length_37325_cov_319.259539	1	37325	40	3316	8.88413	0.0931547	36.8	1
NODE_19_length_36060_cov_32.684877	1	36060	1954	34316	95.1636	4.61603	35.7	0.993
NODE_23_length_32292_cov_5.397959	1	32292	95	6733	20.8504	0.251332	35.4	1
NODE_24_length_31545_cov_5.801683	1	31545	2	129	0.40894	0.0040894	31.6	1
NODE_28_length_27475_cov_4.040518	1	27475	77	5675	20.6551	0.236724	35.4	1.08
NODE_30_length_25734_cov_5.275400	1	25734	49	3901	15.1589	0.166744	36.7	1
NODE_31_length_25359_cov_5.009406	1	25359	106	7795	30.7386	0.366497	37	0.991
NODE_41_length_22305_cov_25.908899	1	22305	193	10454	46.8684	0.741134	35.6	4.14
NODE_42_length_22193_cov_5.490695	1	22193	14	1085	4.88893	0.0523138	35.1	28.9
NODE_48_length_18890_cov_3.341333	1	18890	6	348	1.84224	0.0267337	35.8	0.333
NODE_52_length_17580_cov_3.189843	1	17580	17	1384	7.87258	0.0787258	35.1	1
NODE_214_length_6245_cov_8.318255	1	6245	4	329	5.26821	0.0526821	36.8	1
NODE_217_length_6209_cov_8.798343	1	6209	1630940	6209	100	22880.1	36.3	0.995
NODE_268_length_5407_cov_226.692078	1	5407	2602	5280	97.6512	41.82	36.1	0.995
NODE_292_length_5084_cov_88208.156095	1	5084	21430	4971	97.7773	366.664	36.3	0.995
NODE_9_length_43915_cov_6.954241	1	43915	8	574	1.30707	0.0130707	35.2	1
NODE_10_length_38461_cov_14.877649	1	38461	43	3327	8.65032	0.0985414	36.3	21
NODE_12_length_36623_cov_10.841993	1	36623	56	4622	12.6205	0.135079	35.8	1
NODE_16_length_25443_cov_3.831850	1	25443	28	2344	9.21275	0.0979051	36	1
NODE_25_length_21201_cov_4.167171	1	21201	32	2671	12.5985	0.130466	35.2	1.62
NODE_34_length_13780_cov_2.793515	1	13780	17	1516	11.0015	0.110015	36.6	1
NODE_39_length_12439_cov_7.203731	1	12439	26	2084	16.7538	0.189002	36	1
NODE_57_length_7439_cov_2.481446	1	7439	2	182	2.44657	0.0244657	33	42
NODE_72_length_6209_cov_12.989275	1	6209	1650713	6209	100	23149.5	36.3	0.994
NODE_76_length_5842_cov_1509.613790	1	5842	185	3762	64.3958	2.66809	35.5	1
NODE_89_length_5277_cov_5.447721	1	5277	2385	5271	99.8863	38.9098	35.8	0.998
NODE_4_length_238892_cov_6.753413	1	238892	707	46669	19.5356	0.258401	36.2	19.5
NODE_5_length_189738_cov_6.430987	1	189738	894	54912	28.941	0.41229	36.2	32.5
NODE_10_length_119230_cov_6.136941	1	119230	415	29682	24.8947	0.301225	36.2	1.25
NODE_12_length_90299_cov_8.811644	1	90299	31	2685	2.97345	0.0305873	37.4	42
NODE_13_length_76125_cov_44.994597	1	76125	215	16028	21.0548	0.249182	36.7	0.972
NODE_18_length_62590_cov_137.633981	1	62590	1004	42383	67.7153	1.35747	35.4	35
NODE_20_length_55983_cov_7.738449	1	55983	361	16563	29.5858	0.557258	36	1.02
NODE_24_length_47733_cov_200.310583	1	47733	909	37561	78.6898	1.67718	36.7	1.11
NODE_32_length_43849_cov_21.327442	1	43849	87	6895	15.7244	0.172843	36.3	0.989
NODE_34_length_42243_cov_6.125960	1	42243	62	4994	11.8221	0.129347	36.7	1
NODE_40_length_37489_cov_12.035128	1	37489	31	2386	6.36453	0.0657793	34.9	1
NODE_41_length_37113_cov_5.778240	1	37113	112	7839	21.122	0.258966	35.9	0.982
NODE_44_length_36060_cov_186.741564	1	36060	1950	33424	92.69	4.58089	35.7	0.991
NODE_57_length_28964_cov_3.647964	1	28964	2	182	0.628366	0.00628366	36.8	42
NODE_61_length_27709_cov_4.008787	1	27709	20	1302	4.69883	0.059764	35.1	1
NODE_63_length_26925_cov_11.515333	1	26925	33	2532	9.4039	0.10143	34.5	1.3
NODE_64_length_26668_cov_4.755420	1	26668	2	159	0.59622	0.0059622	34.6	1
NODE_66_length_25532_cov_5.218589	1	25532	422	17150	67.1706	1.43404	36.3	0.995
NODE_69_length_23559_cov_18.031867	1	23559	342	12453	52.8588	1.21949	35.6	13.1
NODE_71_length_22160_cov_3.786655	1	22160	18	1449	6.53881	0.0698556	36.3	1
NODE_94_length_15427_cov_6.269321	1	15427	53	3664	23.7506	0.282751	34.9	42
NODE_95_length_15356_cov_3.584733	1	15356	119	7264	47.304	0.621581	34.6	2.55
NODE_165_length_6963_cov_2699.768674	1	6963	22	1738	24.9605	0.276605	36.4	0.909
NODE_180_length_6209_cov_8.318817	1	6209	1648531	6209	100	23119.3	36.3	0.995
NODE_194_length_5842_cov_59.714187	1	5842	330	4816	82.4375	4.77439	35.8	1.38
NODE_203_length_5535_cov_3.585219	1	5535	6	503	9.08762	0.0937669	36.8	38.7
NODE_209_length_5407_cov_424.684417	1	5407	2758	5334	98.6499	44.1665	36	0.997
NODE_212_length_5277_cov_13.385101	1	5277	2362	5273	99.9242	38.5437	35.9	0.997
NODE_213_length_5084_cov_56753.835156	1	5084	20629	5082	99.9607	352.408	36.3	0.995
NODE_3_length_160031_cov_246.186322	1	160031	167	14140	8.83579	0.0925321	37.2	0.994
NODE_4_length_135187_cov_5.588891	1	135187	105	7986	5.90737	0.0662712	36.1	0.981
NODE_11_length_82624_cov_5.458404	1	82624	136	10128	12.2579	0.14307	36.1	0.934
NODE_20_length_47234_cov_31.155747	1	47234	454	21156	44.7898	0.822522	35.6	2.31
NODE_22_length_45867_cov_5.463743	1	45867	21	1835	4.0007	0.0410099	36	1
NODE_25_length_43849_cov_10.709458	1	43849	97	7669	17.4896	0.196538	36.7	0.99
NODE_27_length_42291_cov_8.031513	1	42291	95	7638	18.0606	0.198364	36.5	1
NODE_30_length_41337_cov_7.787607	1	41337	93	7075	17.1154	0.192249	35.7	1
NODE_33_length_39957_cov_24.373239	1	39957	6167	38690	96.8291	13.3658	35.9	1.06
NODE_34_length_38904_cov_21.835774	1	38904	42	3616	9.29467	0.0956971	37	1
NODE_37_length_37729_cov_6.620083	1	37729	4	362	0.959474	0.00959474	37.4	1
NODE_38_length_37629_cov_17.014451	1	37629	25	1794	4.7676	0.0527253	34.4	1
NODE_42_length_35867_cov_6.690467	1	35867	18	1406	3.92004	0.0403435	34.7	42
NODE_43_length_35817_cov_5.543007	1	35817	32	2575	7.18932	0.0765558	36.1	8.69
NODE_46_length_35128_cov_9.695264	1	35128	72	2437	6.93749	0.175074	36.1	31.7
NODE_47_length_34443_cov_6.100820	1	34443	10	831	2.41268	0.026043	38.6	33.6
NODE_49_length_32550_cov_5.505924	1	32550	47	3456	10.6175	0.123779	35.4	16.7
NODE_72_length_21497_cov_3.547617	1	21497	2	154	0.716379	0.00716379	35.8	42
NODE_77_length_19576_cov_17.607807	1	19576	126	6848	34.9816	0.548835	36	3.7
NODE_210_length_6209_cov_9.798343	1	6209	1663774	6209	100	23352.4	36.3	0.994
NODE_243_length_5277_cov_12.775565	1	5277	2404	5272	99.9052	39.1109	35.8	0.994
NODE_249_length_5084_cov_78920.386956	1	5084	20865	5081	99.941	357.125	36.3	0.996
NODE_1_length_164730_cov_5.305092	1	164730	619	41217	25.0209	0.324683	36.2	9.74
NODE_2_length_124404_cov_11.033221	1	124404	4774	117453	94.4126	3.40039	37.3	1.02
NODE_4_length_117427_cov_5.768318	1	117427	124	8528	7.26238	0.0900645	36.2	0.952
NODE_8_length_96678_cov_134.288192	1	96678	88	7030	7.27156	0.0808457	37.3	1
NODE_28_length_43893_cov_22.428281	1	43893	104	7902	18.0029	0.207573	36.3	1
NODE_29_length_42291_cov_14.926058	1	42291	62	5257	12.4305	0.131021	37.3	1
NODE_33_length_37337_cov_16.555415	1	37337	414	17696	47.3953	0.937622	35.6	2.4
NODE_34_length_37325_cov_110.555514	1	37325	35	2990	8.01072	0.0834025	37.1	1
NODE_36_length_36495_cov_5.297722	1	36495	4	360	0.986436	0.00986436	36.1	1
NODE_38_length_36114_cov_4.509720	1	36114	133	9962	27.5849	0.323476	36.9	0.985
NODE_39_length_36060_cov_13.462408	1	36060	1798	32357	89.731	4.24606	35.6	0.992
NODE_48_length_30963_cov_4.644332	1	30963	510	7746	25.017	1.46478	37.7	0.99
NODE_54_length_29179_cov_6.736266	1	29179	34	2610	8.94479	0.101306	36	1
NODE_66_length_21974_cov_4.464985	1	21974	14	1068	4.86029	0.0511514	34.5	1
NODE_181_length_6454_cov_8661.914049	1	6454	246	2148	33.2817	3.30524	36.5	1.29
NODE_228_length_5277_cov_15.499043	1	5277	2334	5265	99.7726	38.1008	35.8	0.997
NODE_232_length_5084_cov_53965.325313	1	5084	20008	5082	99.9607	341.317	36.3	0.996
NODE_2_length_164227_cov_5.664328	1	164227	339	24439	14.8812	0.179544	36.2	0.953
NODE_17_length_61395_cov_5.757956	1	61395	97	6913	11.2599	0.136624	36.2	0.887
NODE_26_length_47746_cov_5.112222	1	47746	440	6800	14.242	0.823315	37.7	1.17
NODE_31_length_42291_cov_15.102069	1	42291	70	5183	12.2556	0.147005	36.9	0.986
NODE_48_length_29632_cov_4.402171	1	29632	8	662	2.23407	0.0223407	34.7	1
NODE_50_length_28964_cov_4.022381	1	28964	4	332	1.14625	0.0114625	34.1	1
NODE_51_length_27921_cov_3.034092	1	27921	9	802	2.87239	0.0287239	36.7	1
NODE_55_length_25017_cov_5.657880	1	25017	14	1173	4.68881	0.0495663	37	1
NODE_56_length_24833_cov_5.809872	1	24833	25	2011	8.0981	0.0879475	36.6	1
NODE_97_length_12527_cov_5.050513	1	12527	71	4522	36.098	0.496049	37	1.44
NODE_184_length_5277_cov_11.715818	1	5277	2327	5258	99.6399	37.8783	35.9	0.997
NODE_193_length_5034_cov_15.769632	1	5034	213	4213	83.6909	3.61104	35.6	19.8
NODE_1_length_114607_cov_10.147007	1	114607	154	12216	10.659	0.116633	36.7	0.994
NODE_4_length_36816_cov_7.960991	1	36816	103	7497	20.3634	0.241362	35.9	1
NODE_5_length_36230_cov_4.885114	1	36230	12	1036	2.85951	0.0295335	36.6	42
NODE_10_length_27385_cov_7.189535	1	27385	37	3052	11.1448	0.122074	37	0.973
NODE_11_length_26673_cov_11.045683	1	26673	132	8949	33.5508	0.41214	35.7	0.977
NODE_20_length_17239_cov_6.178596	1	17239	70	4977	28.8706	0.341493	35.5	1
NODE_86_length_6209_cov_9.690445	1	6209	1669004	6209	100	23419.1	36.3	0.994
NODE_124_length_5277_cov_25.805247	1	5277	2343	5273	99.9242	38.1126	35.9	0.996
NODE_1_length_167064_cov_31.023334	1	167064	333	25734	15.4037	0.17434	36.7	1
NODE_7_length_61042_cov_7.357896	1	61042	639	35433	58.0469	0.915026	36.4	1.01
NODE_11_length_50106_cov_8.639548	1	50106	126	9333	18.6265	0.215144	35.7	1.27
NODE_13_length_47685_cov_12.449024	1	47685	1099	40006	83.8964	2.02527	36.7	1.02
NODE_14_length_46328_cov_8.666393	1	46328	47	3865	8.34269	0.0865783	36.1	1
NODE_26_length_33164_cov_59.471171	1	33164	2895	32750	98.7517	7.74261	37.5	0.989
NODE_27_length_32852_cov_6.310150	1	32852	9	760	2.31341	0.0231341	34.8	1
NODE_29_length_31681_cov_4.792196	1	31681	10	839	2.64827	0.0278085	35.6	1
NODE_32_length_29822_cov_3.040481	1	29822	38	2878	9.65059	0.106733	34.9	11.9
NODE_37_length_23975_cov_6.355811	1	23975	444	17675	73.7226	1.60067	36.1	0.995
NODE_79_length_8516_cov_194.794823	1	8516	6	505	5.93001	0.0593001	35	1
NODE_109_length_6469_cov_258.754599	1	6469	2330	6449	99.6908	31.5896	36.6	0.995
NODE_117_length_6209_cov_39356.593760	1	6209	1638190	6209	100	22960.2	36.3	0.995
NODE_131_length_5556_cov_340.263043	1	5556	376	5418	97.5162	5.7419	35.6	0.997
NODE_139_length_5354_cov_334.782412	1	5354	54	3146	58.7598	0.86384	35.7	1
NODE_147_length_5084_cov_13961.725393	1	5084	29359	5084	100	503.784	36.3	0.996
NODE_3_length_123329_cov_12.346099	1	123329	4974	117694	95.4309	3.57547	37.2	0.991
NODE_6_length_84822_cov_16.799037	1	84822	1826	66077	77.9008	1.89774	36.9	1.57
NODE_7_length_82293_cov_17.234271	1	82293	302	21336	25.9269	0.305287	35.3	0.997
NODE_13_length_50138_cov_17.827646	1	50138	107	8038	16.0318	0.186406	36	1
NODE_17_length_47511_cov_6.251033	1	47511	19	1574	3.31292	0.0331292	34.9	0.895
NODE_22_length_41227_cov_3.669387	1	41227	141	10609	25.7331	0.302326	36.5	1
NODE_24_length_39433_cov_10.753847	1	39433	1215	33005	83.6989	2.66457	35.9	24.8
NODE_34_length_29970_cov_6.653919	1	29970	52	4170	13.9139	0.146513	36	1
NODE_36_length_28663_cov_6.412088	1	28663	47	3846	13.418	0.143216	36.1	1
NODE_39_length_25023_cov_3.154598	1	25023	46	3436	13.7314	0.161811	35.6	0.913
NODE_41_length_24643_cov_3.795713	1	24643	24	2021	8.20111	0.0836749	35.9	1
NODE_42_length_24457_cov_5.553315	1	24457	141	8046	32.8986	0.499448	36.1	0.986
NODE_46_length_21332_cov_3.397377	1	21332	79	5058	23.7109	0.319567	35.3	1
NODE_52_length_17163_cov_9.937398	1	17163	22	1601	9.32821	0.108023	35.5	1
NODE_119_length_6469_cov_423.735111	1	6469	2330	6467	99.9691	31.5976	36.5	0.994
NODE_133_length_5840_cov_3038.520311	1	5840	1368	5827	99.7774	20.2767	35.9	2.62
NODE_140_length_5469_cov_7.356114	1	5469	3500	5469	100	51.7091	34.1	41.9
NODE_1_length_157272_cov_245.867635	1	157272	154	13106	8.33333	0.0867605	36.8	1.05
NODE_3_length_116508_cov_7.831949	1	116508	164	13245	11.3683	0.124343	37	0.994
NODE_5_length_78818_cov_6.835964	1	78818	679	35293	44.7778	0.751288	36.1	25
NODE_8_length_61519_cov_6.420002	1	61519	33	2574	4.18407	0.0440189	35.4	0.97
NODE_11_length_55539_cov_10.359851	1	55539	65	4914	8.84784	0.0979852	35.7	4.49
NODE_12_length_54742_cov_5.935359	1	54742	361	21489	39.2551	0.57645	36.4	17.2
NODE_15_length_49707_cov_409.118646	1	49707	3057	48266	97.101	5.28163	35.9	4.08
NODE_19_length_46049_cov_20.145976	1	46049	2	181	0.39306	0.0039306	37.6	1
NODE_31_length_37539_cov_17.903879	1	37539	15	1198	3.19135	0.0335118	34.8	1
NODE_32_length_37308_cov_5.588865	1	37308	74	6200	16.6184	0.173555	36.6	2.11
NODE_38_length_34710_cov_5.008022	1	34710	10	723	2.08297	0.0224143	35.6	1
NODE_39_length_34383_cov_15.503059	1	34383	36	2980	8.66707	0.0877178	35.7	11
NODE_40_length_33198_cov_25.854600	1	33198	195	12127	36.5293	0.517019	36.5	1.04
NODE_41_length_33019_cov_71.818742	1	33019	15	1195	3.61913	0.0374633	35.8	1
NODE_42_length_30783_cov_6.353228	1	30783	18	1408	4.57395	0.0523016	36.6	1
NODE_43_length_30206_cov_3.324367	1	30206	19	1577	5.22082	0.0527379	35.7	42
NODE_51_length_25704_cov_4.962455	1	25704	40	3184	12.3872	0.132314	36.2	1
NODE_68_length_16862_cov_6.336764	1	16862	282	11809	70.0332	1.36449	35.1	4.85
NODE_137_length_7399_cov_2.692266	1	7399	2	182	2.45979	0.0245979	38.2	1
NODE_157_length_6469_cov_65.568288	1	6469	2249	6456	99.799	30.5939	36.6	0.996
NODE_164_length_6286_cov_3.027283	1	6286	4	343	5.45657	0.0579065	37.8	42
NODE_186_length_5556_cov_469.135975	1	5556	374	5382	96.8683	5.64795	35.5	1
NODE_193_length_5407_cov_407.749626	1	5407	4537	5403	99.926	72.9044	36.1	1.38
NODE_194_length_5354_cov_104.200415	1	5354	68	3279	61.2439	1.1059	35.7	1
NODE_196_length_5277_cov_172.009958	1	5277	2411	5270	99.8673	39.501	35.8	0.996
NODE_4_length_95966_cov_30.590652	1	95966	6014	92258	96.1361	5.42777	36.4	3.49
NODE_6_length_82210_cov_5.532554	1	82210	316	21377	26.0029	0.321932	35	1
NODE_11_length_50594_cov_377.385821	1	50594	18008	50589	99.9901	30.9445	36.1	1.17
NODE_15_length_36350_cov_5.563659	1	36350	807	30184	83.0371	1.96019	36.7	0.996
NODE_16_length_36268_cov_5.202911	1	36268	38	3178	8.76255	0.0922301	36.3	0.947
NODE_17_length_36060_cov_30.766366	1	36060	2130	34849	96.6417	5.05333	35.7	0.994
NODE_22_length_25354_cov_3.861378	1	25354	57	4605	18.1628	0.19141	35.7	1
NODE_25_length_22867_cov_5.385543	1	22867	25	2030	8.87742	0.0887742	36.5	1
NODE_4_length_50595_cov_67.659972	1	50595	17669	50591	99.9921	30.3453	36.2	0.992
NODE_9_length_29359_cov_4.137114	1	29359	1319	28592	97.3875	3.85466	35.9	1.5
NODE_22_length_12612_cov_2.735526	1	12612	393	10828	85.8547	2.61846	35.1	1.78
NODE_3_length_50595_cov_82.409794	1	50595	17663	50591	99.9921	30.3307	36.2	0.993
NODE_5_length_44363_cov_4.177530	1	44363	2800	43306	97.6174	5.43951	35.9	1.3
NODE_7_length_36147_cov_14.136346	1	36147	2178	35067	97.0122	5.14593	35.8	1.16
NODE_18_length_15213_cov_9.438580	1	15213	7181	15204	99.9408	41.4365	36.7	41.7
NODE_47_length_5840_cov_40.463440	1	5840	1434	5832	99.863	21.1719	35.9	1.17
NODE_51_length_5556_cov_13.876568	1	5556	417	5514	99.2441	6.39975	35.5	0.995
NODE_57_length_5407_cov_151.267377	1	5407	4718	5403	99.926	75.916	36.1	1.15
NODE_62_length_5084_cov_1208.538278	1	5084	30908	5084	100	530.078	36.3	0.996
NODE_2_length_148288_cov_23.186888	1	148288	1658	89303	60.2227	0.991017	37.2	13.9
NODE_6_length_84805_cov_14.802077	1	84805	1805	65305	77.0061	1.87359	36.9	1.07
NODE_24_length_41128_cov_5.105933	1	41128	57	4417	10.7396	0.119797	36.1	2.02
NODE_25_length_41104_cov_10.069039	1	41104	223	15179	36.9283	0.479394	36.4	1.12
NODE_35_length_36642_cov_6.903080	1	36642	25	2091	5.70657	0.0603952	35.8	1
NODE_42_length_32103_cov_4.370444	1	32103	455	21514	67.0155	1.23708	36.4	41.1
NODE_45_length_29051_cov_4.288419	1	29051	37	2813	9.68297	0.112389	36.8	1
NODE_47_length_27680_cov_4.110081	1	27680	132	8464	30.578	0.405311	35.4	1
NODE_54_length_22851_cov_9.800140	1	22851	645	19828	86.7708	2.4241	35.9	1.06
NODE_102_length_12697_cov_5.155751	1	12697	46	3371	26.5496	0.319524	36.6	7.96
NODE_158_length_8436_cov_3.682138	1	8436	2	181	2.14557	0.0214557	37.3	1
NODE_209_length_6209_cov_65496.679721	1	6209	1712417	6209	100	24018.4	36.3	1.19
NODE_235_length_5556_cov_134.878749	1	5556	373	5500	98.9921	5.70122	35.5	0.987
NODE_249_length_5277_cov_379.647453	1	5277	2473	5271	99.8863	40.2935	35.9	0.998
NODE_4_length_133646_cov_16.294571	1	133646	2290	95299	71.307	1.48825	36.2	16.4
NODE_7_length_115553_cov_35.746429	1	115553	1111	64932	56.1924	0.851488	37.2	0.991
NODE_18_length_57319_cov_76.520624	1	57319	1301	44956	78.4312	1.95485	35.9	0.994
NODE_24_length_50596_cov_1234.024079	1	50596	17996	50591	99.9901	30.9392	36.2	0.992
NODE_35_length_43849_cov_26.763073	1	43849	109	8430	19.2251	0.218888	36.5	0.991
NODE_38_length_43069_cov_9.555959	1	43069	133	10058	23.3532	0.269521	36	1
NODE_42_length_41397_cov_33.888709	1	41397	5	446	1.07737	0.0107737	35.3	1
NODE_49_length_38057_cov_4.796748	1	38057	189	12706	33.3868	0.437528	36.8	12
NODE_51_length_37849_cov_4.749140	1	37849	69	5334	14.0928	0.156517	36.2	0.986
NODE_53_length_36807_cov_5.676671	1	36807	43	3062	8.31907	0.0959872	34.7	22.9
NODE_61_length_31489_cov_8.070020	1	31489	161	10526	33.4275	0.450665	36.7	0.981
NODE_63_length_27891_cov_6.995761	1	27891	173	10708	38.3923	0.54082	36.3	18.6
NODE_64_length_27677_cov_8.435522	1	27677	22	1629	5.88575	0.063663	34.4	0.955
NODE_69_length_26777_cov_5.823441	1	26777	20	1656	6.18441	0.0623296	34.4	1
NODE_76_length_25339_cov_4.381387	1	25339	22	1829	7.21812	0.0754963	36.3	1
NODE_77_length_25099_cov_4.340960	1	25099	56	3822	15.2277	0.193474	35.8	2.46
NODE_78_length_24488_cov_6.858102	1	24488	121	8060	32.9141	0.429843	36.2	41.7
NODE_80_length_24274_cov_3.099385	1	24274	20	761	3.13504	0.0662437	35.6	33.4
NODE_86_length_22502_cov_3.552991	1	22502	11	967	4.2974	0.0444405	37.3	8.82
NODE_101_length_17827_cov_4.586484	1	17827	136	7781	43.6473	0.646267	34.9	3.65
NODE_110_length_17112_cov_3.368119	1	17112	23	1767	10.3261	0.111618	35.7	1
NODE_192_length_8422_cov_5.291144	1	8422	2	122	1.44859	0.0216101	36.3	1
NODE_229_length_6678_cov_5.842066	1	6678	22	1720	25.7562	0.298443	36.8	1.45
NODE_261_length_5874_cov_27.383915	1	5874	98	4175	71.0759	1.38049	35.2	0.949
NODE_4_length_127150_cov_117.090247	1	127150	5320	121686	95.7027	3.71187	37.3	1.2
NODE_7_length_88941_cov_46.993812	1	88941	840	48212	54.2067	0.836869	37.2	20.3
NODE_11_length_72839_cov_23.773563	1	72839	373	21952	30.1377	0.441755	35.8	41.9
NODE_21_length_59130_cov_12.292323	1	59130	174	12686	21.4544	0.257703	36.5	1
NODE_23_length_57177_cov_114.389377	1	57177	1331	45048	78.7869	1.99339	35.8	1.05
NODE_28_length_50596_cov_1491.292179	1	50596	18042	50586	99.9802	30.9796	36.1	0.99
NODE_30_length_49587_cov_4.531979	1	49587	74	5830	11.7571	0.130498	35.9	0.892
NODE_35_length_46803_cov_6.051467	1	46803	265	17049	36.4272	0.483281	35.9	19
NODE_36_length_46752_cov_29.126753	1	46752	61	5044	10.7888	0.112487	35.6	1.66
NODE_39_length_43620_cov_4.962217	1	43620	106	7882	18.0697	0.209033	36.1	1
NODE_40_length_43084_cov_6.633898	1	43084	125	9090	21.0983	0.246774	35.5	1.08
NODE_45_length_40665_cov_4.748239	1	40665	32	2669	6.56338	0.0690766	36.6	1
NODE_50_length_39226_cov_10.101606	1	39226	2405	37845	96.4794	5.36333	36.5	41.6
NODE_56_length_37457_cov_9.262072	1	37457	4	344	0.918386	0.00918386	36.9	1
NODE_58_length_37241_cov_46.337493	1	37241	262	16641	44.6846	0.611611	36.4	1.42
NODE_59_length_37102_cov_7.659028	1	37102	175	11915	32.1142	0.397903	35.4	1
NODE_60_length_36992_cov_10.212497	1	36992	262	14969	40.4655	0.627649	36.7	23.2
NODE_64_length_33972_cov_8.070260	1	33972	55	4444	13.0814	0.139497	36	42
NODE_68_length_32950_cov_15.789907	1	32950	39	3092	9.38392	0.101123	35.8	1
NODE_75_length_29643_cov_5.344836	1	29643	247	14298	48.234	0.744021	37.5	41.5
NODE_76_length_29309_cov_5.208553	1	29309	58	4231	14.4358	0.163909	35.7	8.05
NODE_77_length_28348_cov_7.729650	1	28348	148	10578	37.3148	0.453612	36.6	0.986
NODE_80_length_27821_cov_14.253908	1	27821	962	24509	88.0953	2.96855	35.9	3.14
NODE_90_length_25254_cov_6.697329	1	25254	44	3311	13.1108	0.145363	35.7	1
NODE_92_length_24473_cov_5.235728	1	24473	26	2085	8.51959	0.0898133	36.1	1
NODE_98_length_23476_cov_4.904359	1	23476	6	542	2.30874	0.0230874	37.6	1
NODE_107_length_20703_cov_32.120399	1	20703	110	7405	35.7678	0.446264	35.4	0.982
NODE_118_length_18955_cov_3.719365	1	18955	6	514	2.71169	0.0271169	35.3	42
NODE_119_length_18951_cov_5.567686	1	18951	9	700	3.69374	0.039523	36.3	1
NODE_337_length_5407_cov_169.755419	1	5407	4292	5404	99.9445	69.1775	36.2	0.994
NODE_345_length_5277_cov_154.251628	1	5277	2389	5274	99.9431	38.8719	35.9	0.999
NODE_17_length_37229_cov_5.527304	1	37229	578	27122	72.8518	1.35771	36.4	1.12
NODE_35_length_16708_cov_7.810064	1	16708	472	14662	87.7544	2.33415	35	2.56
NODE_79_length_6268_cov_7.561404	1	6268	4	325	5.18507	0.0580728	36.1	1
NODE_1_length_167064_cov_29.887916	1	167064	287	22926	13.7229	0.151738	36.7	1.11
NODE_2_length_128004_cov_9.723710	1	128004	143	11495	8.98019	0.0986063	36.9	0.965
NODE_9_length_50597_cov_221.425567	1	50597	17805	50596	99.998	30.5536	36.1	1.01
NODE_15_length_44579_cov_4.400862	1	44579	14	1195	2.68063	0.0268063	35	1
NODE_25_length_26906_cov_5.574876	1	26906	41	3243	12.0531	0.129116	35.9	1.51
NODE_81_length_6245_cov_24.756704	1	6245	5	424	6.78943	0.0678943	35.3	1
NODE_98_length_5354_cov_128.256463	1	5354	84	3771	70.4333	1.31845	35.5	0.94
NODE_14_length_82374_cov_240.205894	1	82374	306	20891	25.3612	0.315051	35.4	1
NODE_21_length_64073_cov_37.552313	1	64073	8	712	1.11123	0.0111904	36.7	11.2
NODE_22_length_61496_cov_10.163685	1	61496	30	2478	4.02953	0.0410433	35.5	0.933
NODE_27_length_56163_cov_10.570810	1	56163	300	19788	35.2332	0.47193	36.2	1.06
NODE_29_length_50686_cov_11.681381	1	50686	237	15948	31.4643	0.38705	34.6	1
NODE_34_length_49123_cov_12.946462	1	49123	22	1860	3.78641	0.0378641	35.1	19.6
NODE_35_length_48678_cov_17.660634	1	48678	10	850	1.74617	0.0174617	36	0.9
NODE_36_length_48286_cov_161.551720	1	48286	4932	47429	98.2252	9.07242	37.5	10.4
NODE_41_length_46049_cov_22.527873	1	46049	2	147	0.319225	0.00319225	31	1
NODE_42_length_46014_cov_7.064688	1	46014	161	11390	24.7533	0.298496	35.9	1.98
NODE_44_length_45313_cov_24.797539	1	45313	15	1208	2.6659	0.0294838	37	1
NODE_45_length_44530_cov_6.085261	1	44530	8	643	1.44397	0.0145744	33.6	1
NODE_50_length_42455_cov_9.957995	1	42455	168	11639	27.4149	0.335767	35.5	3.92
NODE_54_length_41545_cov_23.951314	1	41545	192	13124	31.5898	0.408497	36.8	1.42
NODE_56_length_41017_cov_5.694693	1	41017	58	4479	10.9199	0.115196	34.9	42
NODE_58_length_39387_cov_195.566714	1	39387	7017	38891	98.7407	15.4271	35.9	2.37
NODE_66_length_37340_cov_6.786992	1	37340	4	327	0.875736	0.00875736	35	1
NODE_74_length_32607_cov_43.428176	1	32607	15	1186	3.63726	0.0380593	34.7	1
NODE_76_length_32402_cov_4.278047	1	32402	33	2817	8.69391	0.0890994	36.4	1
NODE_85_length_29888_cov_3.843428	1	29888	97	7395	24.7424	0.281217	36.4	0.99
NODE_86_length_29401_cov_5.339501	1	29401	22	1721	5.85354	0.0614265	34.6	7.82
NODE_90_length_26510_cov_4.099074	1	26510	4	357	1.34666	0.0134666	36.6	1
NODE_91_length_25386_cov_3.813628	1	25386	86	6382	25.1398	0.288387	35.6	0.988
NODE_98_length_23399_cov_4.973441	1	23399	14	1137	4.85918	0.0541049	37.1	1
NODE_99_length_23338_cov_3.337113	1	23338	90	6644	28.4686	0.342189	37.1	1.44
NODE_100_length_23190_cov_23.457402	1	23190	90	6500	28.0293	0.336223	36.1	1.27
NODE_102_length_22820_cov_4.048935	1	22820	20	1741	7.62927	0.0763804	36.2	1
NODE_137_length_15986_cov_191.716590	1	15986	1159	15199	95.0769	6.43338	37.1	3.68
NODE_142_length_15505_cov_266.883107	1	15505	490	13226	85.3015	2.74208	36.1	9.86
NODE_394_length_5277_cov_264.588280	1	5277	2399	5268	99.8294	39.0254	35.7	0.998
NODE_2_length_111600_cov_9.640486	1	111600	4285	105990	94.9731	3.39615	37.2	0.989
NODE_9_length_45523_cov_3.740213	1	45523	732	34433	75.6387	1.42401	36.8	1.02
NODE_11_length_38676_cov_4.256959	1	38676	554	25795	66.6951	1.24811	36.1	0.989
NODE_12_length_38621_cov_4.452264	1	38621	1	91	0.235623	0.00235623	38	1
NODE_14_length_36134_cov_22.605782	1	36134	2165	34897	96.5766	5.11607	35.7	1.02
NODE_16_length_32623_cov_3.888142	1	32623	636	25790	79.0547	1.70696	36.6	0.991
NODE_23_length_22286_cov_4.358508	1	22286	40	3175	14.2466	0.154716	36.6	1
NODE_25_length_20188_cov_3.698455	1	20188	593	17677	87.5619	2.50045	35.7	0.993
NODE_50_length_10983_cov_6.236914	1	10983	373	9707	88.382	2.92661	35.8	1.05
NODE_97_length_5840_cov_82.570614	1	5840	1547	5823	99.7089	22.8853	35.9	1.44
NODE_1_length_291783_cov_17.309309	1	291783	13	903	0.309477	0.00352659	34.4	0.154
NODE_2_length_224719_cov_12.772874	1	224719	1	51	0.022695	0.00022695	34	0
NODE_5_length_146551_cov_138.816527	1	146551	8090	138568	94.5527	4.79698	36.3	1.01
NODE_9_length_107083_cov_7.960225	1	107083	4391	101974	95.2289	3.63966	37.3	0.989
NODE_18_length_51491_cov_4.309861	1	51491	29	2490	4.8358	0.048358	36.2	0.966
NODE_23_length_46505_cov_8.013886	1	46505	55	4378	9.41404	0.102333	35.7	1
NODE_28_length_40659_cov_13.346394	1	40659	60	4714	11.594	0.125286	36	1
NODE_34_length_37084_cov_5.937697	1	37084	136	9697	26.1487	0.316363	35.8	1
NODE_37_length_29802_cov_5.098867	1	29802	45	3623	12.1569	0.131065	36.4	0.956
NODE_39_length_28630_cov_5.069326	1	28630	626	22791	79.6053	1.8708	35.6	1.02
NODE_44_length_27445_cov_5.378131	1	27445	20	1811	6.59865	0.0659865	37.3	1
NODE_46_length_25582_cov_5.547381	1	25582	24	2031	7.93918	0.0815417	35.9	1
NODE_48_length_24386_cov_133.440549	1	24386	1172	21433	87.8906	4.22205	36.5	41.7
NODE_63_length_14529_cov_5.416955	1	14529	253	10392	71.5259	1.4129	34.8	1.65
NODE_85_length_9810_cov_429.929062	1	9810	2267	6392	65.158	20.3415	36.6	1.01
NODE_122_length_6209_cov_70622.697433	1	6209	1659869	6209	100	23290.6	36.3	0.995
NODE_136_length_5744_cov_864.749341	1	5744	113	4570	79.5613	1.67218	35.8	5.05
NODE_147_length_5556_cov_89.738411	1	5556	360	5498	98.9561	5.53402	35.5	0.989
NODE_2_length_167110_cov_64.689713	1	167110	324	25807	15.4431	0.17066	36.9	0.985
NODE_5_length_139191_cov_8.620788	1	139191	4	272	0.195415	0.00245706	35.4	0.25
NODE_21_length_49714_cov_4.278741	1	49714	33	2849	5.73078	0.0581124	36.7	1
NODE_26_length_46532_cov_8.982421	1	46532	209	15487	33.2825	0.391687	36.4	0.981
NODE_28_length_46427_cov_14.788256	1	46427	73	5811	12.5164	0.134965	35.7	1
NODE_29_length_46367_cov_11.001188	1	46367	51	4235	9.13365	0.095046	35.6	0.902
NODE_30_length_46266_cov_83.710480	1	46266	851	35240	76.1682	1.62729	37.1	0.993
NODE_31_length_43850_cov_11.756000	1	43850	78	6043	13.7811	0.155621	36.7	1
NODE_32_length_43436_cov_7.077891	1	43436	10	831	1.91316	0.0191316	34.8	0.9
NODE_35_length_40899_cov_23.333831	1	40899	51	3945	9.64571	0.107753	36.1	1
NODE_38_length_39875_cov_5.639704	1	39875	191	12210	30.6207	0.390219	34.5	0.99
NODE_46_length_36623_cov_13.706793	1	36623	44	3548	9.6879	0.104934	36.3	0.955
NODE_49_length_32431_cov_3.692241	1	32431	177	11461	35.3396	0.473528	36.7	1
NODE_54_length_30192_cov_5.904702	1	30192	9	795	2.63315	0.0263315	35.9	1
NODE_55_length_29701_cov_27.068205	1	29701	13	1096	3.69011	0.0369011	35.3	17.5
NODE_56_length_28912_cov_8.397962	1	28912	81	5785	20.009	0.232499	35	12.1
NODE_58_length_27890_cov_4.360841	1	27890	10	800	2.86841	0.0313015	35.9	1
NODE_60_length_25063_cov_6.534149	1	25063	14	1091	4.35303	0.0457248	34.1	1
NODE_87_length_14015_cov_251.795559	1	14015	66	4609	32.8862	0.418766	37.3	1.2
NODE_153_length_7396_cov_5.593380	1	7396	3	272	3.67766	0.0367766	37.3	1
NODE_173_length_6469_cov_774.838478	1	6469	2565	6458	99.83	34.6819	36.5	0.992
NODE_218_length_5084_cov_12194.464307	1	5084	28498	5084	100	487.272	36.3	0.997
NODE_4_length_149990_cov_22.694054	1	149990	6433	142883	95.2617	3.79665	37.2	9.45
NODE_11_length_90295_cov_118.359719	1	90295	3617	83577	92.5599	3.46928	36.4	1.07
NODE_14_length_82304_cov_225.187151	1	82304	348	24207	29.4117	0.349874	35.2	1.02
NODE_17_length_66579_cov_12.543699	1	66579	190	14456	21.7126	0.249613	36.6	1.65
NODE_28_length_50686_cov_13.389939	1	50686	253	16265	32.0897	0.403109	34.5	1
NODE_33_length_48678_cov_22.032392	1	48678	8	666	1.36817	0.0136817	36.8	1
NODE_34_length_48295_cov_29.851223	1	48295	70	5562	11.5167	0.121524	35.5	1.71
NODE_39_length_46496_cov_26.700803	1	46496	44	3599	7.74045	0.0838137	36.2	1
NODE_40_length_46294_cov_8.238197	1	46294	972	36669	79.209	1.78647	35.7	16.2
NODE_44_length_45871_cov_5.078160	1	45871	14	1135	2.47433	0.0259859	36	1
NODE_49_length_42667_cov_9.849948	1	42667	37	3184	7.46244	0.0772963	37.5	42
NODE_52_length_42307_cov_7.097250	1	42307	75	5855	13.8393	0.157137	37.1	0.987
NODE_54_length_41741_cov_10.161829	1	41741	114	8971	21.4921	0.236841	36.4	1
NODE_55_length_41584_cov_17.221676	1	41584	621	27438	65.9821	1.29439	36.4	1.19
NODE_65_length_38961_cov_7.399476	1	38961	10	883	2.26637	0.0233054	36.7	1
NODE_66_length_38717_cov_7.546868	1	38717	22	1437	3.71155	0.0461038	34.2	1
NODE_68_length_38440_cov_54.510460	1	38440	54	3843	9.9974	0.11371	34.9	1.02
NODE_69_length_37272_cov_3.102802	1	37272	123	9281	24.9007	0.275086	35.3	14.4
NODE_76_length_34918_cov_18.678370	1	34918	2	182	0.521221	0.00521221	35.5	1
NODE_77_length_34914_cov_4.634499	1	34914	18	1309	3.74921	0.0457696	35.9	42
NODE_82_length_32967_cov_14.811011	1	32967	13	1089	3.3033	0.033033	34.8	1
NODE_84_length_32573_cov_4.820715	1	32573	24	1862	5.71639	0.0619532	35.6	42
NODE_85_length_32529_cov_5.865646	1	32529	38	3213	9.87734	0.0997571	35.7	1.53
NODE_86_length_32364_cov_4.582315	1	32364	12	998	3.08367	0.0318564	35.3	14.7
NODE_87_length_32215_cov_15.592506	1	32215	16	1142	3.54493	0.0394226	34.6	0.875
NODE_88_length_32149_cov_48.332741	1	32149	8	726	2.25824	0.0225824	36	1
NODE_89_length_31829_cov_62.477403	1	31829	336	15693	49.3041	0.888592	34.8	25.2
NODE_90_length_31247_cov_3.493845	1	31247	2	162	0.51845	0.0051845	33.8	42
NODE_92_length_30284_cov_3.410831	1	30284	80	6018	19.8719	0.231872	36.6	13.8
NODE_98_length_27642_cov_3.629318	1	27642	28	2276	8.23385	0.0838579	36.1	1
NODE_99_length_27136_cov_4.809424	1	27136	10	833	3.06972	0.0326872	35.9	17.4
NODE_103_length_25437_cov_4.427586	1	25437	24	1874	7.36722	0.0786256	35.2	1
NODE_110_length_22758_cov_8.333524	1	22758	126	8251	36.2554	0.478074	36.2	0.976
NODE_114_length_22362_cov_39.010266	1	22362	16	1222	5.46463	0.0587157	35.7	1
NODE_119_length_21232_cov_24.778675	1	21232	146	9430	44.4141	0.602063	36.2	0.979
NODE_120_length_20547_cov_20.156207	1	20547	630	16466	80.1382	2.56806	35.1	41.5
NODE_181_length_12451_cov_62.323975	1	12451	58	4027	32.3428	0.400369	36.8	0.966
NODE_214_length_10360_cov_3.570597	1	10360	13	1056	10.1931	0.107915	35.6	37.6
NODE_286_length_7275_cov_4.567867	1	7275	2	180	2.47423	0.0247423	37.9	42
NODE_309_length_6605_cov_445.087328	1	6605	110	4744	71.8244	1.40984	35.8	10.7
NODE_21_length_46020_cov_7.992255	1	44173	0	0	0	0	0	0
DAS_Check_Bin_01_k119_45347:194-20015	1	19822	0	0	0	0	0	0
DAS_Check_Bin_07_k119_159765:247-42184	1	41938	0	0	0	0	0	0
NODE_15_length_35381_cov_29.469003	1	35381	0	0	0	0	0	0
NODE_86_length_6245_cov_8.653635	1	6245	0	0	0	0	0	0
NODE_99_length_5721_cov_1061.804977	1	5721	0	0	0	0	0	0
NODE_102_length_5581_cov_15638.208288	1	5581	0	0	0	0	0	0
NODE_104_length_5514_cov_1878.878732	1	5514	0	0	0	0	0	0
NODE_105_length_5492_cov_29.344308	1	5492	0	0	0	0	0	0
NODE_258_length_5581_cov_2813.330800	1	5581	0	0	0	0	0	0
NODE_262_length_5514_cov_38.326067	1	5514	0	0	0	0	0	0
NODE_7_length_46020_cov_16.937757	1	46020	0	0	0	0	0	0
NODE_11_length_37351_cov_3.546841	1	37351	0	0	0	0	0	0
NODE_14_length_35381_cov_20.886033	1	35381	0	0	0	0	0	0
NODE_87_length_5402_cov_34.239200	1	5402	0	0	0	0	0	0
NODE_23_length_52152_cov_8.571204	1	52152	0	0	0	0	0	0
NODE_27_length_46064_cov_34.699428	1	46064	0	0	0	0	0	0
NODE_58_length_28915_cov_2.851594	1	28915	0	0	0	0	0	0
NODE_86_length_17581_cov_4.636540	1	17581	0	0	0	0	0	0
NODE_113_length_12763_cov_3.351196	1	12763	0	0	0	0	0	0
NODE_205_length_5514_cov_740.579227	1	5514	0	0	0	0	0	0
NODE_24_length_43860_cov_6.177765	1	43860	0	0	0	0	0	0
NODE_103_length_15861_cov_5.174997	1	15861	0	0	0	0	0	0
NODE_235_length_5514_cov_1351.351346	1	5514	0	0	0	0	0	0
NODE_44_length_30436_cov_7.486422	1	30436	0	0	0	0	0	0
NODE_176_length_5514_cov_454.349698	1	5514	0	0	0	0	0	0
NODE_113_length_5514_cov_54.894486	1	5514	0	0	0	0	0	0
NODE_35_length_29279_cov_5.928107	1	29279	0	0	0	0	0	0
NODE_60_length_19783_cov_3.659621	1	19783	0	0	0	0	0	0
NODE_96_length_11662_cov_7.022019	1	11662	0	0	0	0	0	0
NODE_23_length_41397_cov_28.250593	1	41397	0	0	0	0	0	0
NODE_51_length_25928_cov_4.825185	1	25928	0	0	0	0	0	0
NODE_127_length_17877_cov_5.437717	1	17877	0	0	0	0	0	0
NODE_66_length_7415_cov_2.395924	1	7415	0	0	0	0	0	0
NODE_103_length_22548_cov_3.955764	1	22548	0	0	0	0	0	0
NODE_122_length_18523_cov_15.849144	1	18523	0	0	0	0	0	0
NODE_286_length_7396_cov_5.191118	1	7396	0	0	0	0	0	0
NODE_42_length_27529_cov_6.863980	1	27529	0	0	0	0	0	0
NODE_60_length_14961_cov_14.778747	1	14961	0	0	0	0	0	0
NODE_91_length_8647_cov_3.054702	1	8647	0	0	0	0	0	0
NODE_1_length_224519_cov_7.116856	1	224519	0	0	0	0	0	0
NODE_4_length_142877_cov_8.785747	1	142877	0	0	0	0	0	0
NODE_53_length_30710_cov_4.642636	1	30710	0	0	0	0	0	0
NODE_101_length_12031_cov_26.306363	1	12031	0	0	0	0	0	0
NODE_78_length_34810_cov_11.848741	1	34810	0	0	0	0	0	0
NODE_94_length_29316_cov_3.978435	1	29316	0	0	0	0	0	0
NODE_278_length_7396_cov_6.279662	1	7396	0	0	0	0	0	0
NODE_390_length_5581_cov_3.514839	1	5581	0	0	0	0	0	0
