#rname	startpos	endpos	numreads	covbases	coverage	meandepth	meanbaseq	meanmapq
DAS_Check_Bin_09_k119_41989:3-49450	1	45022	267	14520	32.2509	0.521789	36.3	41.7
NODE_39_length_37768_cov_25.508657	1	35529	10	817	2.29953	0.0244589	37.6	1
NODE_21_length_46020_cov_7.992255	1	44173	28	2250	5.09361	0.0550789	36.3	1
NODE_18_length_65286_cov_9.613313	1	61998	3	272	0.438724	0.00438724	36.8	0.667
NODE_10_length_44613_cov_10.908120	1	44613	20	1582	3.54605	0.0395176	35.8	1
NODE_13_length_36623_cov_12.491687	1	36623	148	9954	27.1796	0.357726	36.6	0.986
NODE_14_length_36060_cov_13.057825	1	36060	3605	35663	98.8991	8.64401	36.1	1
NODE_16_length_35370_cov_4.255189	1	35370	79	5929	16.7628	0.196805	36.9	1
NODE_18_length_31157_cov_3.163269	1	31157	13	1109	3.55939	0.0375197	36.1	1
NODE_22_length_23860_cov_5.129553	1	23860	245	12440	52.1375	0.901718	36.5	7.02
NODE_28_length_21720_cov_3.485299	1	21720	57	4371	20.1243	0.222053	35.4	1
NODE_38_length_13971_cov_7.375898	1	13971	2771	13773	98.5828	17.5347	37.2	0.987
NODE_39_length_13673_cov_7.531429	1	13673	333	11120	81.3282	2.17765	37.4	2.13
NODE_88_length_6209_cov_8.324829	1	6209	238	5486	88.3556	3.31793	35.5	0.983
NODE_96_length_5842_cov_1098.051840	1	5842	3072	5817	99.5721	45.7157	36.2	1.08
NODE_99_length_5721_cov_1061.804977	1	5721	102955	5721	100	1558.9	36.1	41.6
NODE_102_length_5581_cov_15638.208288	1	5581	536027	5581	100	8366.16	36.4	0.989
NODE_104_length_5514_cov_1878.878732	1	5514	1358	5421	98.3134	21.3633	36.2	0.985
NODE_109_length_5407_cov_11252.763079	1	5407	1177	5389	99.6671	18.9349	36.3	1.47
NODE_120_length_5084_cov_34199.553390	1	5084	1240705	5084	100	21449	36.7	1.02
NODE_2_length_172485_cov_32.775068	1	172485	7556	151548	87.8616	3.88714	37.3	1.11
NODE_6_length_61068_cov_9.739465	1	61068	34	2874	4.70623	0.0496496	36.2	1
NODE_7_length_58087_cov_6.947994	1	58087	155	12107	20.8429	0.235388	36.6	0.987
NODE_11_length_41469_cov_25.463877	1	41469	343	20717	49.9578	0.726133	36.8	1.29
NODE_12_length_40031_cov_3.840454	1	40031	749	27779	69.3937	1.66733	37.1	41.3
NODE_17_length_37325_cov_319.259539	1	37325	1263	31635	84.7555	3.00064	37.2	0.991
NODE_19_length_36060_cov_32.684877	1	36060	3575	35772	99.2013	8.56021	36.1	0.993
NODE_23_length_32292_cov_5.397959	1	32292	1390	30086	93.1686	3.73275	36.1	0.986
NODE_24_length_31545_cov_5.801683	1	31545	162	10483	33.2319	0.427738	34.9	22.9
NODE_28_length_27475_cov_4.040518	1	27475	82	5795	21.0919	0.257179	35.7	1
NODE_30_length_25734_cov_5.275400	1	25734	23	1890	7.34437	0.0802829	36.6	1
NODE_41_length_22305_cov_25.908899	1	22305	2733	22216	99.601	10.5594	36	1.51
NODE_42_length_22193_cov_5.490695	1	22193	187	10862	48.9434	0.72248	35.7	42
NODE_48_length_18890_cov_3.341333	1	18890	111	7573	40.09	0.516146	36.9	0.964
NODE_52_length_17580_cov_3.189843	1	17580	3	273	1.5529	0.015529	35.2	0.667
NODE_217_length_6209_cov_8.798343	1	6209	220	5614	90.4171	3.08439	35.5	0.995
NODE_258_length_5581_cov_2813.330800	1	5581	669993	5581	100	10473.5	36.4	2.03
NODE_262_length_5514_cov_38.326067	1	5514	1831	5512	99.9637	28.6231	36.1	1.02
NODE_268_length_5407_cov_226.692078	1	5407	1362	5386	99.6116	22.0971	36.4	0.992
NODE_292_length_5084_cov_88208.156095	1	5084	1251097	5084	100	21626.9	36.7	1.04
NODE_7_length_46020_cov_16.937757	1	46020	21	1708	3.71143	0.0406562	36.9	0.952
NODE_9_length_43915_cov_6.954241	1	43915	47	3552	8.08835	0.0911534	36.2	0.979
NODE_10_length_38461_cov_14.877649	1	38461	8	647	1.68222	0.0172642	34.8	11.2
NODE_12_length_36623_cov_10.841993	1	36623	136	9703	26.4943	0.325642	36.8	1
NODE_14_length_35381_cov_20.886033	1	35381	2	181	0.511574	0.00511574	33.5	1
NODE_16_length_25443_cov_3.831850	1	25443	80	5788	22.7489	0.276107	36.8	1
NODE_25_length_21201_cov_4.167171	1	21201	169	9354	44.1206	0.697703	36.5	1.18
NODE_34_length_13780_cov_2.793515	1	13780	3	264	1.91582	0.0191582	34.5	1
NODE_39_length_12439_cov_7.203731	1	12439	2763	12434	99.9598	19.6374	37.2	3.6
NODE_72_length_6209_cov_12.989275	1	6209	226	5795	93.3323	3.09502	35.6	0.991
NODE_76_length_5842_cov_1509.613790	1	5842	2857	5834	99.8631	42.5084	36.3	1.02
NODE_87_length_5402_cov_34.239200	1	5402	3	236	4.36875	0.0436875	34.9	1
NODE_89_length_5277_cov_5.447721	1	5277	411	5262	99.7157	6.78984	36.2	1
NODE_4_length_238892_cov_6.753413	1	238892	916	61489	25.7392	0.334536	36.6	17.7
NODE_5_length_189738_cov_6.430987	1	189738	1257	71236	37.5444	0.582983	36.5	33
NODE_10_length_119230_cov_6.136941	1	119230	403	29350	24.6163	0.294246	36.5	1.35
NODE_12_length_90299_cov_8.811644	1	90299	316	20827	23.0645	0.31048	37.6	41.4
NODE_13_length_76125_cov_44.994597	1	76125	1409	36812	48.3573	1.65039	37.4	0.977
NODE_18_length_62590_cov_137.633981	1	62590	2007	53421	85.3507	2.75389	35.8	40.2
NODE_20_length_55983_cov_7.738449	1	55983	75	5761	10.2906	0.119554	36.3	27.8
NODE_24_length_47733_cov_200.310583	1	47733	1059	39217	82.1591	1.96648	37	1.78
NODE_27_length_46064_cov_34.699428	1	46064	19	1595	3.46257	0.0356461	36.7	1
NODE_32_length_43849_cov_21.327442	1	43849	109	8117	18.5113	0.219116	37	0.991
NODE_34_length_42243_cov_6.125960	1	42243	26	2109	4.99254	0.0526241	36.8	1
NODE_40_length_37489_cov_12.035128	1	37489	129	9088	24.2418	0.287498	35.3	1
NODE_41_length_37113_cov_5.778240	1	37113	1607	34437	92.7896	3.73891	36	0.988
NODE_44_length_36060_cov_186.741564	1	36060	3816	35954	99.706	9.10721	36.1	0.995
NODE_57_length_28964_cov_3.647964	1	28964	8	602	2.07844	0.0233048	35.8	42
NODE_58_length_28915_cov_2.851594	1	28915	119	8217	28.4178	0.362753	36.7	0.983
NODE_61_length_27709_cov_4.008787	1	27709	198	11641	42.0116	0.613808	36	1.17
NODE_63_length_26925_cov_11.515333	1	26925	6	514	1.90901	0.0190901	36.2	14.7
NODE_64_length_26668_cov_4.755420	1	26668	4	340	1.27494	0.0127494	35.9	1
NODE_66_length_25532_cov_5.218589	1	25532	196	11703	45.8366	0.675584	36.9	1.37
NODE_69_length_23559_cov_18.031867	1	23559	40	3023	12.8316	0.147035	36	15
NODE_71_length_22160_cov_3.786655	1	22160	3	254	1.14621	0.0114621	35.5	1
NODE_86_length_17581_cov_4.636540	1	17581	426	15074	85.7403	2.14937	37	39
NODE_94_length_15427_cov_6.269321	1	15427	439	13219	85.6874	2.3619	35	41.9
NODE_95_length_15356_cov_3.584733	1	15356	192	9174	59.7421	1.08186	35.7	15
NODE_165_length_6963_cov_2699.768674	1	6963	1308	6950	99.8133	16.5467	37.1	1
NODE_180_length_6209_cov_8.318817	1	6209	203	5729	92.2693	2.76727	35.1	0.995
NODE_194_length_5842_cov_59.714187	1	5842	6286	5837	99.9144	94.3667	36.4	5.61
NODE_205_length_5514_cov_740.579227	1	5514	1264	5460	99.0207	19.9071	36.2	1.16
NODE_209_length_5407_cov_424.684417	1	5407	1398	5382	99.5376	22.7997	36.5	0.995
NODE_212_length_5277_cov_13.385101	1	5277	441	5205	98.6356	7.27118	36.3	0.993
NODE_213_length_5084_cov_56753.835156	1	5084	1334271	5084	100	23034.4	36.7	0.995
NODE_3_length_160031_cov_246.186322	1	160031	5048	138656	86.6432	2.80593	37.3	1.01
NODE_4_length_135187_cov_5.588891	1	135187	309	23267	17.211	0.198229	36.4	1.2
NODE_11_length_82624_cov_5.458404	1	82624	285	20668	25.0145	0.303423	36.5	0.993
NODE_20_length_47234_cov_31.155747	1	47234	5317	45033	95.3402	9.72323	36.1	2
NODE_22_length_45867_cov_5.463743	1	45867	49	3950	8.61186	0.0945342	36.3	1.63
NODE_24_length_43860_cov_6.177765	1	43860	148	9699	22.1135	0.291541	36.1	42
NODE_25_length_43849_cov_10.709458	1	43849	93	7403	16.8829	0.187233	36.7	1
NODE_27_length_42291_cov_8.031513	1	42291	42	3270	7.73214	0.0888605	37	1
NODE_30_length_41337_cov_7.787607	1	41337	1674	37600	90.9597	3.5302	36.1	0.989
NODE_33_length_39957_cov_24.373239	1	39957	615	27375	68.5111	1.34214	36.4	3.65
NODE_34_length_38904_cov_21.835774	1	38904	1342	33165	85.2483	3.06619	37.4	0.987
NODE_37_length_37729_cov_6.620083	1	37729	6	545	1.44451	0.0144451	36.6	1
NODE_38_length_37629_cov_17.014451	1	37629	157	10773	28.6295	0.342236	35	1
NODE_42_length_35867_cov_6.690467	1	35867	96	6751	18.8223	0.232331	35.7	42
NODE_43_length_35817_cov_5.543007	1	35817	426	21784	60.8203	1.04696	36.6	10.9
NODE_46_length_35128_cov_9.695264	1	35128	562	23022	65.5375	1.40119	36.7	30.4
NODE_47_length_34443_cov_6.100820	1	34443	20	1459	4.23598	0.049444	37.3	42
NODE_49_length_32550_cov_5.505924	1	32550	8	617	1.89555	0.0189555	33.6	11.1
NODE_72_length_21497_cov_3.547617	1	21497	321	14657	68.1816	1.31037	36.5	41.6
NODE_77_length_19576_cov_17.607807	1	19576	26	2086	10.6559	0.11366	36.4	9.46
NODE_103_length_15861_cov_5.174997	1	15861	34	2594	16.3546	0.189017	37.6	42
NODE_210_length_6209_cov_9.798343	1	6209	223	5671	91.3352	3.03479	35.4	0.991
NODE_235_length_5514_cov_1351.351346	1	5514	1413	5418	98.259	22.2898	36.3	1.07
NODE_243_length_5277_cov_12.775565	1	5277	427	5166	97.8965	7.02445	36.3	0.984
NODE_249_length_5084_cov_78920.386956	1	5084	1335032	5084	100	23057.2	36.7	0.996
NODE_1_length_164730_cov_5.305092	1	164730	977	59203	35.9394	0.51925	36.7	21.7
NODE_2_length_124404_cov_11.033221	1	124404	1334	69078	55.5272	0.956633	37.6	1.85
NODE_4_length_117427_cov_5.768318	1	117427	242	19099	16.2646	0.182513	36.8	1.02
NODE_8_length_96678_cov_134.288192	1	96678	1940	77325	79.982	1.78366	37.4	0.982
NODE_28_length_43893_cov_22.428281	1	43893	137	10417	23.7327	0.272526	36.9	0.993
NODE_29_length_42291_cov_14.926058	1	42291	19	1592	3.76439	0.0392519	35.5	1
NODE_33_length_37337_cov_16.555415	1	37337	5149	36584	97.9832	11.8987	36	2.41
NODE_34_length_37325_cov_110.555514	1	37325	1219	31832	85.2833	2.91625	37.3	0.987
NODE_36_length_36495_cov_5.297722	1	36495	8	702	1.92355	0.0192355	37.1	1
NODE_38_length_36114_cov_4.509720	1	36114	30	2456	6.80069	0.0722435	36.7	1
NODE_39_length_36060_cov_13.462408	1	36060	3914	35620	98.7798	9.35577	36.1	1.04
NODE_48_length_30963_cov_4.644332	1	30963	26	2103	6.79198	0.0757356	37.8	1.19
NODE_54_length_29179_cov_6.736266	1	29179	132	9225	31.6152	0.394359	36.8	0.992
NODE_66_length_21974_cov_4.464985	1	21974	100	6359	28.9387	0.376081	35.2	1
NODE_181_length_6454_cov_8661.914049	1	6454	3903953	6454	100	53458.4	36.9	12.9
NODE_228_length_5277_cov_15.499043	1	5277	455	5266	99.7915	7.48967	36.2	0.998
NODE_232_length_5084_cov_53965.325313	1	5084	1315988	5084	100	22715.4	36.7	0.996
NODE_2_length_164227_cov_5.664328	1	164227	440	32356	19.702	0.234773	36.5	0.98
NODE_17_length_61395_cov_5.757956	1	61395	181	14097	22.9612	0.26095	36.7	1.14
NODE_26_length_47746_cov_5.112222	1	47746	69	5355	11.2156	0.13044	37.8	27.2
NODE_31_length_42291_cov_15.102069	1	42291	38	3291	7.7818	0.0806555	36.9	1
NODE_44_length_30436_cov_7.486422	1	30436	6	541	1.7775	0.017775	37.8	42
NODE_48_length_29632_cov_4.402171	1	29632	95	7064	23.8391	0.270653	35.4	1
NODE_50_length_28964_cov_4.022381	1	28964	12	1006	3.47328	0.0367698	36.5	1
NODE_51_length_27921_cov_3.034092	1	27921	16	1322	4.73479	0.0512517	36.8	1
NODE_55_length_25017_cov_5.657880	1	25017	79	5704	22.8005	0.277451	36.2	1.32
NODE_56_length_24833_cov_5.809872	1	24833	129	8871	35.7226	0.457657	36.9	0.977
NODE_97_length_12527_cov_5.050513	1	12527	10	772	6.16269	0.0708869	38.6	3
NODE_176_length_5514_cov_454.349698	1	5514	1460	5499	99.728	23.202	36.2	1.09
NODE_184_length_5277_cov_11.715818	1	5277	417	5228	99.0714	6.89293	36.1	0.99
NODE_193_length_5034_cov_15.769632	1	5034	8095	5031	99.9404	138.547	36	23
NODE_1_length_114607_cov_10.147007	1	114607	6422	106947	93.3163	4.97547	37.3	0.984
NODE_4_length_36816_cov_7.960991	1	36816	1573	34799	94.5214	3.70274	36.1	0.988
NODE_5_length_36230_cov_4.885114	1	36230	5330	36230	100	12.9783	36.9	41.5
NODE_10_length_27385_cov_7.189535	1	27385	1197	25724	93.9346	3.87245	37.2	1.02
NODE_11_length_26673_cov_11.045683	1	26673	1930	26307	98.6278	6.25164	36	0.987
NODE_20_length_17239_cov_6.178596	1	17239	1103	16587	96.2179	5.50983	35.7	1.03
NODE_86_length_6209_cov_9.690445	1	6209	249	5707	91.915	3.44532	35.3	0.984
NODE_113_length_5514_cov_54.894486	1	5514	2106	5496	99.6736	33.0239	36	1.37
NODE_124_length_5277_cov_25.805247	1	5277	396	5248	99.4504	6.5524	36.3	0.997
NODE_1_length_167064_cov_31.023334	1	167064	24	1930	1.15525	0.0122887	35.2	1
NODE_7_length_61042_cov_7.357896	1	61042	40	3359	5.50277	0.0573703	35.7	0.975
NODE_11_length_50106_cov_8.639548	1	50106	1906	45969	91.7435	3.28102	36	1.28
NODE_13_length_47685_cov_12.449024	1	47685	1122	38949	81.6798	2.08867	37.2	1.03
NODE_26_length_33164_cov_59.471171	1	33164	12	1004	3.02738	0.0310276	36.1	0.75
NODE_27_length_32852_cov_6.310150	1	32852	70	5339	16.2517	0.186412	36.6	1
NODE_32_length_29822_cov_3.040481	1	29822	4	351	1.17698	0.0120716	36.6	1
NODE_37_length_23975_cov_6.355811	1	23975	2	170	0.709072	0.00709072	34.8	1
NODE_109_length_6469_cov_258.754599	1	6469	331504	6469	100	4519.11	36.9	0.968
NODE_117_length_6209_cov_39356.593760	1	6209	177	5571	89.7246	2.41746	35.4	0.994
NODE_131_length_5556_cov_340.263043	1	5556	1081	5533	99.586	16.6904	35.9	0.923
NODE_139_length_5354_cov_334.782412	1	5354	1910	5341	99.7572	30.9707	36.1	0.964
NODE_147_length_5084_cov_13961.725393	1	5084	1107216	5084	100	19098.7	36.7	0.994
NODE_3_length_123329_cov_12.346099	1	123329	1215	66650	54.0424	0.882453	37.8	0.984
NODE_6_length_84822_cov_16.799037	1	84822	6	545	0.642522	0.00642522	35.9	1
NODE_7_length_82293_cov_17.234271	1	82293	26	2131	2.58953	0.0258953	35	1
NODE_13_length_50138_cov_17.827646	1	50138	1897	45908	91.5633	3.25683	36	1.34
NODE_22_length_41227_cov_3.669387	1	41227	142	10749	26.0727	0.309191	37.2	0.986
NODE_34_length_29970_cov_6.653919	1	29970	2	148	0.493827	0.00607274	37.3	6
NODE_35_length_29279_cov_5.928107	1	29279	12	1042	3.55886	0.0365108	37.6	0.417
NODE_36_length_28663_cov_6.412088	1	28663	15	1220	4.25636	0.0448662	36.4	0.933
NODE_41_length_24643_cov_3.795713	1	24643	1	91	0.369273	0.00369273	36.8	1
NODE_42_length_24457_cov_5.553315	1	24457	1647	24053	98.3481	5.83518	36.2	0.984
NODE_46_length_21332_cov_3.397377	1	21332	1357	20509	96.1419	5.44281	35.7	0.988
NODE_52_length_17163_cov_9.937398	1	17163	4	359	2.09171	0.0211501	36.3	1
NODE_119_length_6469_cov_423.735111	1	6469	329401	6469	100	4490.1	36.9	0.968
NODE_133_length_5840_cov_3038.520311	1	5840	1042	5540	94.863	15.4214	36.2	1.12
NODE_140_length_5469_cov_7.356114	1	5469	9518	5469	100	144.267	34.7	41.9
NODE_1_length_157272_cov_245.867635	1	157272	4148	129873	82.5786	2.34806	37.4	0.992
NODE_3_length_116508_cov_7.831949	1	116508	15	1313	1.12696	0.0112696	35.9	1
NODE_5_length_78818_cov_6.835964	1	78818	101	6509	8.25827	0.109264	36.1	35.7
NODE_12_length_54742_cov_5.935359	1	54742	88	6812	12.4438	0.139399	36.4	6.2
NODE_15_length_49707_cov_409.118646	1	49707	27	2045	4.11411	0.0454463	35.1	2.44
NODE_19_length_46049_cov_20.145976	1	46049	167	11817	25.6618	0.317814	36.7	0.994
NODE_31_length_37539_cov_17.903879	1	37539	112	7804	20.789	0.261088	36.1	1.18
NODE_32_length_37308_cov_5.588865	1	37308	68	5166	13.8469	0.163209	37	1.6
NODE_38_length_34710_cov_5.008022	1	34710	266	14722	42.4143	0.65255	35.7	1
NODE_40_length_33198_cov_25.854600	1	33198	2	158	0.475932	0.00475932	35	1
NODE_41_length_33019_cov_71.818742	1	33019	2	181	0.548169	0.00548169	35.4	1
NODE_42_length_30783_cov_6.353228	1	30783	7	635	2.06283	0.0206283	35.7	1
NODE_43_length_30206_cov_3.324367	1	30206	2	180	0.595908	0.00595908	36	42
NODE_51_length_25704_cov_4.962455	1	25704	2	181	0.704171	0.00704171	37.4	1
NODE_60_length_19783_cov_3.659621	1	19783	6	444	2.24435	0.0275995	38.5	1
NODE_68_length_16862_cov_6.336764	1	16862	42	2892	17.151	0.20994	35.3	1.74
NODE_157_length_6469_cov_65.568288	1	6469	331085	6469	100	4513.39	36.9	0.968
NODE_186_length_5556_cov_469.135975	1	5556	1103	5508	99.1361	17.1551	36	0.921
NODE_193_length_5407_cov_407.749626	1	5407	794	5334	98.6499	12.7409	36.3	1.05
NODE_194_length_5354_cov_104.200415	1	5354	1866	5342	99.7759	30.0342	36	0.929
NODE_196_length_5277_cov_172.009958	1	5277	402	5230	99.1093	6.69054	36.3	0.998
NODE_4_length_95966_cov_30.590652	1	95966	5809	90882	94.7023	5.31911	36.7	3.53
NODE_6_length_82210_cov_5.532554	1	82210	18	1436	1.74675	0.0182338	35	1
NODE_11_length_50594_cov_377.385821	1	50594	53	4169	8.24011	0.0913349	36.5	1
NODE_15_length_36350_cov_5.563659	1	36350	731	28729	79.0344	1.78572	37.1	1.09
NODE_16_length_36268_cov_5.202911	1	36268	148	10585	29.1855	0.358967	37	0.98
NODE_17_length_36060_cov_30.766366	1	36060	3457	35151	97.4792	8.25721	36.1	0.992
NODE_22_length_25354_cov_3.861378	1	25354	68	5095	20.0954	0.233533	36.6	0.971
NODE_4_length_50595_cov_67.659972	1	50595	60	4757	9.40211	0.103824	35.6	1
NODE_9_length_29359_cov_4.137114	1	29359	16	1248	4.25083	0.0458803	35.2	2.88
NODE_22_length_12612_cov_2.735526	1	12612	22	1579	12.5198	0.1451	35.2	0.909
NODE_3_length_50595_cov_82.409794	1	50595	48	3880	7.66874	0.0819053	35.5	0.979
NODE_5_length_44363_cov_4.177530	1	44363	27	2228	5.0222	0.050222	34.8	1.26
NODE_7_length_36147_cov_14.136346	1	36147	3443	35204	97.3912	8.22212	36	1.21
NODE_18_length_15213_cov_9.438580	1	15213	22	1596	10.491	0.122658	34.6	42
NODE_47_length_5840_cov_40.463440	1	5840	885	5418	92.774	12.9411	35.9	0.997
NODE_51_length_5556_cov_13.876568	1	5556	1121	5517	99.2981	17.3078	36	0.938
NODE_57_length_5407_cov_151.267377	1	5407	768	5325	98.4834	12.401	36.4	0.986
NODE_62_length_5084_cov_1208.538278	1	5084	1102517	5084	100	19025.4	36.7	0.993
NODE_2_length_148288_cov_23.186888	1	148288	9	740	0.499029	0.00551629	38	0.556
NODE_6_length_84805_cov_14.802077	1	84805	6	534	0.62968	0.0062968	37.2	1
NODE_24_length_41128_cov_5.105933	1	41128	8	637	1.54882	0.0171416	36.3	1
NODE_35_length_36642_cov_6.903080	1	36642	156	10706	29.2178	0.37094	36.7	1
NODE_42_length_32103_cov_4.370444	1	32103	22	1266	3.94356	0.0592156	36.5	34.4
NODE_45_length_29051_cov_4.288419	1	29051	18	1634	5.62459	0.0562459	37.8	1
NODE_51_length_25928_cov_4.825185	1	25928	20	1616	6.23264	0.0699244	38.3	2.25
NODE_54_length_22851_cov_9.800140	1	22851	15	1316	5.75905	0.0575905	36.6	1
NODE_102_length_12697_cov_5.155751	1	12697	2770	12692	99.9606	19.272	37.1	2.4
NODE_209_length_6209_cov_65496.679721	1	6209	220	5795	93.3323	3.02512	35.3	0.986
NODE_235_length_5556_cov_134.878749	1	5556	1025	5540	99.712	15.8258	35.8	0.958
NODE_249_length_5277_cov_379.647453	1	5277	429	5224	98.9956	6.99166	35.9	0.995
NODE_4_length_133646_cov_16.294571	1	133646	59	4934	3.69184	0.0387816	36.9	2.2
NODE_7_length_115553_cov_35.746429	1	115553	19	1218	1.05406	0.0145128	37	0.947
NODE_18_length_57319_cov_76.520624	1	57319	9	801	1.39744	0.0139744	35.8	1
NODE_24_length_50596_cov_1234.024079	1	50596	52	4030	7.96506	0.0838801	34.8	0.981
NODE_35_length_43849_cov_26.763073	1	43849	118	8842	20.1647	0.235718	36.8	1
NODE_38_length_43069_cov_9.555959	1	43069	18	1566	3.63603	0.0364299	36.4	1
NODE_49_length_38057_cov_4.796748	1	38057	255	13046	34.2802	0.592953	36.9	17
NODE_51_length_37849_cov_4.749140	1	37849	36	2898	7.65674	0.0852334	37.3	1
NODE_53_length_36807_cov_5.676671	1	36807	1	81	0.220067	0.00220067	34.6	42
NODE_69_length_26777_cov_5.823441	1	26777	93	7103	26.5265	0.292901	35.4	1
NODE_76_length_25339_cov_4.381387	1	25339	3	209	0.824816	0.00824816	34	1
NODE_80_length_24274_cov_3.099385	1	24274	1906	24053	99.0896	6.76922	35.7	41.6
NODE_86_length_22502_cov_3.552991	1	22502	4	363	1.61319	0.0161319	38.3	11.5
NODE_101_length_17827_cov_4.586484	1	17827	21	1577	8.84613	0.097773	35	2.33
NODE_110_length_17112_cov_3.368119	1	17112	6	412	2.40767	0.0317321	37.2	1
NODE_229_length_6678_cov_5.842066	1	6678	1179	6672	99.9102	15.5693	37.1	1.12
NODE_261_length_5874_cov_27.383915	1	5874	2127	5829	99.2339	31.2635	36	0.937
NODE_4_length_127150_cov_117.090247	1	127150	1296	69632	54.7637	0.908022	37.6	0.991
NODE_7_length_88941_cov_46.993812	1	88941	17	1092	1.22778	0.0161006	37.8	1
NODE_11_length_72839_cov_23.773563	1	72839	1385	51749	71.0457	1.63367	35.8	41.7
NODE_21_length_59130_cov_12.292323	1	59130	149	11614	19.6415	0.219077	36.9	0.96
NODE_23_length_57177_cov_114.389377	1	57177	9	724	1.26624	0.0133445	35.9	0.778
NODE_28_length_50596_cov_1491.292179	1	50596	39	3233	6.38983	0.0662701	35.1	1
NODE_35_length_46803_cov_6.051467	1	46803	19	1587	3.39081	0.0356815	36.6	1
NODE_36_length_46752_cov_29.126753	1	46752	25	1839	3.93352	0.0443403	35.3	1
NODE_39_length_43620_cov_4.962217	1	43620	46	3839	8.80101	0.0906465	36.9	0.978
NODE_40_length_43084_cov_6.633898	1	43084	8	591	1.37174	0.0151564	34.7	1
NODE_45_length_40665_cov_4.748239	1	40665	367	21832	53.6874	0.799016	36.8	1.33
NODE_50_length_39226_cov_10.101606	1	39226	64	4619	11.7754	0.142966	36.9	41.7
NODE_56_length_37457_cov_9.262072	1	37457	96	7000	18.6881	0.218037	36.2	2.7
NODE_60_length_36992_cov_10.212497	1	36992	4	290	0.783953	0.00948854	35.3	21.5
NODE_64_length_33972_cov_8.070260	1	33972	20	1505	4.43012	0.0509243	36.6	37.5
NODE_75_length_29643_cov_5.344836	1	29643	140	8892	29.997	0.420268	37.9	40.8
NODE_77_length_28348_cov_7.729650	1	28348	150	8317	29.3389	0.466382	36.9	1.04
NODE_80_length_27821_cov_14.253908	1	27821	23	1898	6.82218	0.0689767	36	6.04
NODE_92_length_24473_cov_5.235728	1	24473	2	182	0.743677	0.00743677	36.3	1
NODE_98_length_23476_cov_4.904359	1	23476	2	182	0.77526	0.0077526	38.1	0
NODE_107_length_20703_cov_32.120399	1	20703	1144	20312	98.1114	4.768	36	0.982
NODE_127_length_17877_cov_5.437717	1	17877	216	10385	58.0914	1.07037	36.7	41.8
NODE_337_length_5407_cov_169.755419	1	5407	824	5230	96.7265	13.317	36.4	0.99
NODE_345_length_5277_cov_154.251628	1	5277	414	5210	98.7303	6.87303	36.3	0.995
NODE_17_length_37229_cov_5.527304	1	37229	270	16086	43.2083	0.641489	37	1.03
NODE_35_length_16708_cov_7.810064	1	16708	29	2128	12.7364	0.148911	35.3	1
NODE_1_length_167064_cov_29.887916	1	167064	14	1213	0.726069	0.00726069	35.9	1
NODE_2_length_128004_cov_9.723710	1	128004	3430	109287	85.3778	2.38013	37.4	0.981
NODE_9_length_50597_cov_221.425567	1	50597	43	3409	6.73755	0.0726328	35.8	1
NODE_15_length_44579_cov_4.400862	1	44579	6	475	1.06552	0.0106552	34.5	1
NODE_98_length_5354_cov_128.256463	1	5354	1996	5337	99.6825	32.2635	36.1	0.939
NODE_14_length_82374_cov_240.205894	1	82374	11	782	0.949329	0.0105616	34	1
NODE_21_length_64073_cov_37.552313	1	64073	12	1035	1.61534	0.0167309	36.1	7.83
NODE_22_length_61496_cov_10.163685	1	61496	9	789	1.28301	0.0128301	36.1	1
NODE_27_length_56163_cov_10.570810	1	56163	12	1080	1.92297	0.0193188	37.5	1
NODE_34_length_49123_cov_12.946462	1	49123	378	21875	44.5311	0.663742	35.8	15.1
NODE_36_length_48286_cov_161.551720	1	48286	24	1976	4.09228	0.0427867	37.3	7.83
NODE_41_length_46049_cov_22.527873	1	46049	127	9719	21.1058	0.243024	36.9	0.984
NODE_42_length_46014_cov_7.064688	1	46014	42	3588	7.79763	0.0817577	36.5	0.571
NODE_45_length_44530_cov_6.085261	1	44530	37	2876	6.45857	0.0698855	34.7	11.1
NODE_54_length_41545_cov_23.951314	1	41545	70	4650	11.1927	0.150632	36.9	3.89
NODE_56_length_41017_cov_5.694693	1	41017	4	214	0.521735	0.00804544	35.1	42
NODE_58_length_39387_cov_195.566714	1	39387	587	26786	68.0072	1.2951	36.2	1.01
NODE_66_length_37340_cov_6.786992	1	37340	91	6894	18.4628	0.217434	37.3	3.01
NODE_74_length_32607_cov_43.428176	1	32607	6	462	1.41687	0.0141687	34.8	1
NODE_85_length_29888_cov_3.843428	1	29888	36	3163	10.5828	0.108271	36.9	1
NODE_86_length_29401_cov_5.339501	1	29401	20	1628	5.53723	0.0588075	35.4	1
NODE_90_length_26510_cov_4.099074	1	26510	33	2657	10.0226	0.111279	36.5	1
NODE_91_length_25386_cov_3.813628	1	25386	87	5994	23.6114	0.282794	35.4	0.977
NODE_137_length_15986_cov_191.716590	1	15986	290	11127	69.6047	1.61241	37.4	4.09
NODE_142_length_15505_cov_266.883107	1	15505	219	10093	65.0951	1.19955	36	9.1
NODE_394_length_5277_cov_264.588280	1	5277	407	5206	98.6545	6.72617	36	0.995
NODE_2_length_111600_cov_9.640486	1	111600	1075	61823	55.397	0.863432	37.7	0.981
NODE_9_length_45523_cov_3.740213	1	45523	8	683	1.50034	0.0154867	35	1
NODE_11_length_38676_cov_4.256959	1	38676	7	531	1.37294	0.0137294	35.5	0.857
NODE_14_length_36134_cov_22.605782	1	36134	3484	35419	98.0213	8.28356	36	0.991
NODE_16_length_32623_cov_3.888142	1	32623	645	25826	79.165	1.74493	37	0.988
NODE_23_length_22286_cov_4.358508	1	22286	48	3862	17.3293	0.190299	36.4	1
NODE_25_length_20188_cov_3.698455	1	20188	16	1304	6.45928	0.0659798	36.1	1
NODE_50_length_10983_cov_6.236914	1	10983	181	8100	73.7503	1.414	35.9	0.994
NODE_97_length_5840_cov_82.570614	1	5840	996	5510	94.3493	14.7408	35.9	0.994
NODE_1_length_291783_cov_17.309309	1	291783	376	26667	9.13933	0.1138	37.7	1.42
NODE_2_length_224719_cov_12.772874	1	224719	219	17385	7.73633	0.0873491	38.1	0.968
NODE_5_length_146551_cov_138.816527	1	146551	7829	136082	92.8564	4.67049	36.6	1.06
NODE_9_length_107083_cov_7.960225	1	107083	1204	61998	57.8971	1.00325	37.7	0.975
NODE_18_length_51491_cov_4.309861	1	51491	452	26575	51.611	0.767765	36.5	2.69
NODE_28_length_40659_cov_13.346394	1	40659	25	1992	4.89928	0.0530756	36.5	1
NODE_34_length_37084_cov_5.937697	1	37084	32	2403	6.47988	0.074938	36.3	0.656
NODE_37_length_29802_cov_5.098867	1	29802	76	5690	19.0927	0.22569	36.9	1
NODE_39_length_28630_cov_5.069326	1	28630	11	935	3.26581	0.033636	35.8	0.909
NODE_42_length_27529_cov_6.863980	1	27529	12	1030	3.74151	0.039304	38.2	38.5
NODE_44_length_27445_cov_5.378131	1	27445	117	8549	31.1496	0.372636	36.7	1
NODE_46_length_25582_cov_5.547381	1	25582	17	1328	5.19115	0.0548823	35.3	0.706
NODE_48_length_24386_cov_133.440549	1	24386	6421	24134	98.9666	23.272	36.8	41.5
NODE_60_length_14961_cov_14.778747	1	14961	2	182	1.2165	0.012165	36.9	37
NODE_63_length_14529_cov_5.416955	1	14529	27	1807	12.4372	0.148462	35.1	1.37
NODE_85_length_9810_cov_429.929062	1	9810	1895190	9810	100	17067.7	36.9	5.23
NODE_122_length_6209_cov_70622.697433	1	6209	203	5542	89.2575	2.77452	35.5	0.99
NODE_136_length_5744_cov_864.749341	1	5744	1995	5725	99.6692	30.1805	36.1	2.9
NODE_147_length_5556_cov_89.738411	1	5556	1025	5531	99.55	16.0326	36.1	0.947
NODE_1_length_224519_cov_7.116856	1	224519	209	17123	7.62653	0.0831867	37.6	0.967
NODE_2_length_167110_cov_64.689713	1	167110	27	2309	1.38172	0.0138651	34.8	0.963
NODE_4_length_142877_cov_8.785747	1	142877	214	14917	10.4404	0.134647	37.9	0.953
NODE_5_length_139191_cov_8.620788	1	139191	99	7808	5.60956	0.0632512	37.3	0.899
NODE_21_length_49714_cov_4.278741	1	49714	498	29936	60.2164	0.888281	36.7	1.15
NODE_26_length_46532_cov_8.982421	1	46532	49	3825	8.22015	0.0909911	36	0.796
NODE_28_length_46427_cov_14.788256	1	46427	4	333	0.717255	0.00743102	34.8	1
NODE_29_length_46367_cov_11.001188	1	46367	11	938	2.02299	0.0204887	35.1	1
NODE_30_length_46266_cov_83.710480	1	46266	6	475	1.02667	0.0112177	33.4	1
NODE_31_length_43850_cov_11.756000	1	43850	116	8755	19.9658	0.23366	36.7	0.983
NODE_35_length_40899_cov_23.333831	1	40899	23	1952	4.77273	0.0499279	36.6	1
NODE_46_length_36623_cov_13.706793	1	36623	175	11403	31.1362	0.41676	36.8	0.989
NODE_49_length_32431_cov_3.692241	1	32431	55	3872	11.9392	0.150072	36.4	0.945
NODE_55_length_29701_cov_27.068205	1	29701	1131	20271	68.2502	3.39985	37.4	20.7
NODE_56_length_28912_cov_8.397962	1	28912	1757	28098	97.1846	5.18197	35.5	11
NODE_58_length_27890_cov_4.360841	1	27890	51	4223	15.1416	0.159304	36.4	1.04
NODE_60_length_25063_cov_6.534149	1	25063	86	5967	23.808	0.284962	35.2	1
NODE_87_length_14015_cov_251.795559	1	14015	14	1224	8.7335	0.0907599	38	1
NODE_173_length_6469_cov_774.838478	1	6469	331555	6469	100	4518.29	36.9	0.971
NODE_218_length_5084_cov_12194.464307	1	5084	1109495	5084	100	19136.4	36.7	0.998
NODE_4_length_149990_cov_22.694054	1	149990	1471	80786	53.8609	0.876538	37.6	5.85
NODE_11_length_90295_cov_118.359719	1	90295	3305	79523	88.0702	3.19446	36.7	1.03
NODE_14_length_82304_cov_225.187151	1	82304	24	1925	2.33889	0.0247983	35.6	0.958
NODE_17_length_66579_cov_12.543699	1	66579	198	14721	22.1106	0.260728	37.1	1.4
NODE_34_length_48295_cov_29.851223	1	48295	17	1355	2.80567	0.0313283	36.5	0.647
NODE_40_length_46294_cov_8.238197	1	46294	26	2053	4.4347	0.0465071	35.9	28
NODE_44_length_45871_cov_5.078160	1	45871	54	4115	8.97081	0.0990168	35.9	1.19
NODE_49_length_42667_cov_9.849948	1	42667	82	6402	15.0046	0.171467	37.2	41.5
NODE_52_length_42307_cov_7.097250	1	42307	36	3105	7.33921	0.0763467	36.8	0.917
NODE_54_length_41741_cov_10.161829	1	41741	15	1320	3.16236	0.0321986	37.4	1
NODE_55_length_41584_cov_17.221676	1	41584	385	21581	51.8974	0.817911	36.8	0.99
NODE_65_length_38961_cov_7.399476	1	38961	111	7999	20.5308	0.253587	37.7	1.72
NODE_66_length_38717_cov_7.546868	1	38717	37	2977	7.68913	0.0792675	34.8	0.946
NODE_68_length_38440_cov_54.510460	1	38440	4	335	0.871488	0.00871488	33.9	1
NODE_69_length_37272_cov_3.102802	1	37272	120	8299	22.266	0.274039	35.7	9.88
NODE_76_length_34918_cov_18.678370	1	34918	4	308	0.882067	0.00896386	33.7	1
NODE_78_length_34810_cov_11.848741	1	34810	23	1777	5.10485	0.0598391	38.6	0.261
NODE_82_length_32967_cov_14.811011	1	32967	104	7132	21.6338	0.260351	35.3	1
NODE_84_length_32573_cov_4.820715	1	32573	12	984	3.02091	0.0316827	35.9	42
NODE_87_length_32215_cov_15.592506	1	32215	4	287	0.890889	0.0103989	33.9	1
NODE_88_length_32149_cov_48.332741	1	32149	97	7280	22.6446	0.259915	36.3	2.25
NODE_89_length_31829_cov_62.477403	1	31829	51	3676	11.5492	0.1334	35.3	31.7
NODE_92_length_30284_cov_3.410831	1	30284	36	2792	9.21939	0.104577	36.8	6.64
NODE_99_length_27136_cov_4.809424	1	27136	28	2454	9.04334	0.0913547	36.7	0.964
NODE_103_length_25437_cov_4.427586	1	25437	22	1633	6.41978	0.0765027	36.2	1
NODE_120_length_20547_cov_20.156207	1	20547	22	1745	8.49272	0.0917409	35.1	40.1
NODE_181_length_12451_cov_62.323975	1	12451	6	492	3.95149	0.0437716	37.8	1
NODE_214_length_10360_cov_3.570597	1	10360	11	902	8.70656	0.0916023	35.6	42
NODE_309_length_6605_cov_445.087328	1	6605	2610	6579	99.6064	34.1447	36.2	7.76
NODE_390_length_5581_cov_3.514839	1	5581	542365	5581	100	8474.05	36.4	1.06
NODE_68_length_36781_cov_8.797283	1	22515	0	0	0	0	0	0
DAS_Check_Bin_01_k119_158026:3-190576	1	190574	0	0	0	0	0	0
DAS_Check_Bin_01_k119_45347:194-20015	1	19822	0	0	0	0	0	0
DAS_Check_Bin_07_k119_159765:247-42184	1	41938	0	0	0	0	0	0
NODE_15_length_35381_cov_29.469003	1	35381	0	0	0	0	0	0
NODE_25_length_23308_cov_5.171419	1	23308	0	0	0	0	0	0
NODE_86_length_6245_cov_8.653635	1	6245	0	0	0	0	0	0
NODE_105_length_5492_cov_29.344308	1	5492	0	0	0	0	0	0
NODE_31_length_25359_cov_5.009406	1	25359	0	0	0	0	0	0
NODE_214_length_6245_cov_8.318255	1	6245	0	0	0	0	0	0
NODE_11_length_37351_cov_3.546841	1	37351	0	0	0	0	0	0
NODE_57_length_7439_cov_2.481446	1	7439	0	0	0	0	0	0
NODE_23_length_52152_cov_8.571204	1	52152	0	0	0	0	0	0
NODE_113_length_12763_cov_3.351196	1	12763	0	0	0	0	0	0
NODE_203_length_5535_cov_3.585219	1	5535	0	0	0	0	0	0
NODE_14_length_46328_cov_8.666393	1	46328	0	0	0	0	0	0
NODE_29_length_31681_cov_4.792196	1	31681	0	0	0	0	0	0
NODE_79_length_8516_cov_194.794823	1	8516	0	0	0	0	0	0
NODE_17_length_47511_cov_6.251033	1	47511	0	0	0	0	0	0
NODE_24_length_39433_cov_10.753847	1	39433	0	0	0	0	0	0
NODE_39_length_25023_cov_3.154598	1	25023	0	0	0	0	0	0
NODE_8_length_61519_cov_6.420002	1	61519	0	0	0	0	0	0
NODE_11_length_55539_cov_10.359851	1	55539	0	0	0	0	0	0
NODE_39_length_34383_cov_15.503059	1	34383	0	0	0	0	0	0
NODE_96_length_11662_cov_7.022019	1	11662	0	0	0	0	0	0
NODE_137_length_7399_cov_2.692266	1	7399	0	0	0	0	0	0
NODE_164_length_6286_cov_3.027283	1	6286	0	0	0	0	0	0
NODE_25_length_22867_cov_5.385543	1	22867	0	0	0	0	0	0
NODE_23_length_41397_cov_28.250593	1	41397	0	0	0	0	0	0
NODE_25_length_41104_cov_10.069039	1	41104	0	0	0	0	0	0
NODE_47_length_27680_cov_4.110081	1	27680	0	0	0	0	0	0
NODE_158_length_8436_cov_3.682138	1	8436	0	0	0	0	0	0
NODE_42_length_41397_cov_33.888709	1	41397	0	0	0	0	0	0
NODE_61_length_31489_cov_8.070020	1	31489	0	0	0	0	0	0
NODE_63_length_27891_cov_6.995761	1	27891	0	0	0	0	0	0
NODE_64_length_27677_cov_8.435522	1	27677	0	0	0	0	0	0
NODE_77_length_25099_cov_4.340960	1	25099	0	0	0	0	0	0
NODE_78_length_24488_cov_6.858102	1	24488	0	0	0	0	0	0
NODE_192_length_8422_cov_5.291144	1	8422	0	0	0	0	0	0
NODE_30_length_49587_cov_4.531979	1	49587	0	0	0	0	0	0
NODE_58_length_37241_cov_46.337493	1	37241	0	0	0	0	0	0
NODE_59_length_37102_cov_7.659028	1	37102	0	0	0	0	0	0
NODE_68_length_32950_cov_15.789907	1	32950	0	0	0	0	0	0
NODE_76_length_29309_cov_5.208553	1	29309	0	0	0	0	0	0
NODE_90_length_25254_cov_6.697329	1	25254	0	0	0	0	0	0
NODE_118_length_18955_cov_3.719365	1	18955	0	0	0	0	0	0
NODE_119_length_18951_cov_5.567686	1	18951	0	0	0	0	0	0
NODE_79_length_6268_cov_7.561404	1	6268	0	0	0	0	0	0
NODE_25_length_26906_cov_5.574876	1	26906	0	0	0	0	0	0
NODE_66_length_7415_cov_2.395924	1	7415	0	0	0	0	0	0
NODE_81_length_6245_cov_24.756704	1	6245	0	0	0	0	0	0
NODE_29_length_50686_cov_11.681381	1	50686	0	0	0	0	0	0
NODE_35_length_48678_cov_17.660634	1	48678	0	0	0	0	0	0
NODE_44_length_45313_cov_24.797539	1	45313	0	0	0	0	0	0
NODE_50_length_42455_cov_9.957995	1	42455	0	0	0	0	0	0
NODE_76_length_32402_cov_4.278047	1	32402	0	0	0	0	0	0
NODE_98_length_23399_cov_4.973441	1	23399	0	0	0	0	0	0
NODE_99_length_23338_cov_3.337113	1	23338	0	0	0	0	0	0
NODE_100_length_23190_cov_23.457402	1	23190	0	0	0	0	0	0
NODE_102_length_22820_cov_4.048935	1	22820	0	0	0	0	0	0
NODE_103_length_22548_cov_3.955764	1	22548	0	0	0	0	0	0
NODE_122_length_18523_cov_15.849144	1	18523	0	0	0	0	0	0
NODE_286_length_7396_cov_5.191118	1	7396	0	0	0	0	0	0
NODE_12_length_38621_cov_4.452264	1	38621	0	0	0	0	0	0
NODE_23_length_46505_cov_8.013886	1	46505	0	0	0	0	0	0
NODE_91_length_8647_cov_3.054702	1	8647	0	0	0	0	0	0
NODE_32_length_43436_cov_7.077891	1	43436	0	0	0	0	0	0
NODE_38_length_39875_cov_5.639704	1	39875	0	0	0	0	0	0
NODE_53_length_30710_cov_4.642636	1	30710	0	0	0	0	0	0
NODE_54_length_30192_cov_5.904702	1	30192	0	0	0	0	0	0
NODE_101_length_12031_cov_26.306363	1	12031	0	0	0	0	0	0
NODE_153_length_7396_cov_5.593380	1	7396	0	0	0	0	0	0
NODE_28_length_50686_cov_13.389939	1	50686	0	0	0	0	0	0
NODE_33_length_48678_cov_22.032392	1	48678	0	0	0	0	0	0
NODE_39_length_46496_cov_26.700803	1	46496	0	0	0	0	0	0
NODE_77_length_34914_cov_4.634499	1	34914	0	0	0	0	0	0
NODE_85_length_32529_cov_5.865646	1	32529	0	0	0	0	0	0
NODE_86_length_32364_cov_4.582315	1	32364	0	0	0	0	0	0
NODE_90_length_31247_cov_3.493845	1	31247	0	0	0	0	0	0
NODE_94_length_29316_cov_3.978435	1	29316	0	0	0	0	0	0
NODE_98_length_27642_cov_3.629318	1	27642	0	0	0	0	0	0
NODE_110_length_22758_cov_8.333524	1	22758	0	0	0	0	0	0
NODE_114_length_22362_cov_39.010266	1	22362	0	0	0	0	0	0
NODE_119_length_21232_cov_24.778675	1	21232	0	0	0	0	0	0
NODE_278_length_7396_cov_6.279662	1	7396	0	0	0	0	0	0
NODE_286_length_7275_cov_4.567867	1	7275	0	0	0	0	0	0
