#rname	startpos	endpos	numreads	covbases	coverage	meandepth	meanbaseq	meanmapq
DAS_Check_Bin_09_k119_41989:3-49450	1	45022	15384	44595	99.0516	29.3867	35.9	41.8
NODE_39_length_37768_cov_25.508657	1	35529	6	525	1.47767	0.0153677	38.4	1
NODE_68_length_36781_cov_8.797283	1	22515	332	15326	68.0702	1.28652	36.4	4
NODE_18_length_65286_cov_9.613313	1	61998	74	5888	9.49708	0.102858	36.1	0.973
DAS_Check_Bin_01_k119_158026:3-190576	1	190574	2	182	0.095501	0.00095501	36.4	42
NODE_10_length_44613_cov_10.908120	1	44613	59	4485	10.0531	0.111918	35	1
NODE_13_length_36623_cov_12.491687	1	36623	234	15277	41.7142	0.558065	36.2	1
NODE_14_length_36060_cov_13.057825	1	36060	3519	35232	97.7038	8.36966	35.8	0.993
NODE_16_length_35370_cov_4.255189	1	35370	499	24603	69.5589	1.22954	36.4	0.984
NODE_18_length_31157_cov_3.163269	1	31157	734	26386	84.6872	2.05543	36.5	0.985
NODE_22_length_23860_cov_5.129553	1	23860	181	10738	45.0042	0.64606	35.4	4.61
NODE_25_length_23308_cov_5.171419	1	23308	136	8453	36.2665	0.499442	35.6	1
NODE_28_length_21720_cov_3.485299	1	21720	38	2780	12.7993	0.13895	34.9	1
NODE_38_length_13971_cov_7.375898	1	13971	72	4562	32.6534	0.442273	36.9	1
NODE_39_length_13673_cov_7.531429	1	13673	2923	13575	99.2833	18.9897	37.2	1.11
NODE_86_length_6245_cov_8.653635	1	6245	156	5155	82.546	2.17646	36.1	0.981
NODE_88_length_6209_cov_8.324829	1	6209	1879461	6209	100	26441.4	36.4	0.995
NODE_96_length_5842_cov_1098.051840	1	5842	588	5020	85.9295	8.51695	35.6	0.991
NODE_105_length_5492_cov_29.344308	1	5492	1	91	1.65696	0.0165696	33.5	1
NODE_109_length_5407_cov_11252.763079	1	5407	4345	5236	96.8374	69.9282	36.1	0.995
NODE_120_length_5084_cov_34199.553390	1	5084	34296	5083	99.9803	588.594	36.4	0.997
NODE_2_length_172485_cov_32.775068	1	172485	503	37606	21.8025	0.256753	37.1	1.03
NODE_6_length_61068_cov_9.739465	1	61068	1651	54039	88.4899	2.38339	36.6	1.05
NODE_7_length_58087_cov_6.947994	1	58087	428	26862	46.2444	0.644361	36.7	0.993
NODE_11_length_41469_cov_25.463877	1	41469	557	25345	61.1179	1.17977	36.7	1.06
NODE_12_length_40031_cov_3.840454	1	40031	617	20349	50.8331	1.34316	36.2	38.1
NODE_17_length_37325_cov_319.259539	1	37325	28	2292	6.14066	0.0661219	37	0.964
NODE_19_length_36060_cov_32.684877	1	36060	3618	35599	98.7216	8.59648	35.8	0.994
NODE_23_length_32292_cov_5.397959	1	32292	471	22192	68.7229	1.24328	35.6	0.985
NODE_24_length_31545_cov_5.801683	1	31545	8	717	2.27294	0.0227294	35.1	11.2
NODE_28_length_27475_cov_4.040518	1	27475	209	13306	48.4295	0.64899	35.3	1
NODE_30_length_25734_cov_5.275400	1	25734	63	4890	19.0021	0.214813	36.7	0.984
NODE_31_length_25359_cov_5.009406	1	25359	195	12562	49.5367	0.674869	37	0.995
NODE_41_length_22305_cov_25.908899	1	22305	842	19644	88.0699	3.19404	35.6	2.5
NODE_42_length_22193_cov_5.490695	1	22193	94	6231	28.0764	0.359663	35.5	37.6
NODE_48_length_18890_cov_3.341333	1	18890	10	499	2.64161	0.045262	34.4	0.5
NODE_52_length_17580_cov_3.189843	1	17580	17	1283	7.29807	0.0794653	35	1
NODE_214_length_6245_cov_8.318255	1	6245	149	5268	84.3555	2.03187	35.7	0.987
NODE_217_length_6209_cov_8.798343	1	6209	1811445	6209	100	25495.9	36.4	0.996
NODE_268_length_5407_cov_226.692078	1	5407	4789	5306	98.1321	77.1195	36.2	0.996
NODE_292_length_5084_cov_88208.156095	1	5084	37145	4992	98.1904	637.348	36.4	0.996
NODE_9_length_43915_cov_6.954241	1	43915	54	4220	9.60947	0.102789	36.2	0.981
NODE_10_length_38461_cov_14.877649	1	38461	122	9482	24.6535	0.280934	36.7	17.3
NODE_12_length_36623_cov_10.841993	1	36623	214	13812	37.714	0.510499	36.4	0.991
NODE_16_length_25443_cov_3.831850	1	25443	323	17155	67.4252	1.11009	36.5	0.994
NODE_25_length_21201_cov_4.167171	1	21201	144	9227	43.5215	0.59035	35.9	1
NODE_34_length_13780_cov_2.793515	1	13780	289	11098	80.537	1.80312	35.9	0.986
NODE_39_length_12439_cov_7.203731	1	12439	76	5040	40.5177	0.537262	36.9	0.987
NODE_57_length_7439_cov_2.481446	1	7439	61	2667	35.8516	0.710176	36.1	41.4
NODE_72_length_6209_cov_12.989275	1	6209	1831909	6209	100	25773.9	36.4	0.995
NODE_76_length_5842_cov_1509.613790	1	5842	589	5008	85.7241	8.45515	35.5	0.99
NODE_87_length_5402_cov_34.239200	1	5402	2	181	3.35061	0.0335061	37.6	1
NODE_89_length_5277_cov_5.447721	1	5277	9545	5276	99.981	156.408	35.9	0.998
NODE_4_length_238892_cov_6.753413	1	238892	2247	96854	40.543	0.81968	36.3	17.8
NODE_5_length_189738_cov_6.430987	1	189738	3117	109692	57.8124	1.4291	36.2	32.9
NODE_10_length_119230_cov_6.136941	1	119230	1526	73646	61.768	1.10139	36	1.13
NODE_12_length_90299_cov_8.811644	1	90299	166	12812	14.1884	0.162593	37.3	41.7
NODE_13_length_76125_cov_44.994597	1	76125	300	19138	25.1402	0.349924	36.7	1
NODE_18_length_62590_cov_137.633981	1	62590	1198	45969	73.4446	1.62433	35.4	35.7
NODE_20_length_55983_cov_7.738449	1	55983	1407	26077	46.5802	2.17821	36.1	1.22
NODE_23_length_52152_cov_8.571204	1	52152	2	181	0.347062	0.00347062	35.8	42
NODE_24_length_47733_cov_200.310583	1	47733	1412	42597	89.2401	2.59797	36.8	1.14
NODE_32_length_43849_cov_21.327442	1	43849	660	30397	69.322	1.31034	36.4	0.989
NODE_34_length_42243_cov_6.125960	1	42243	118	8895	21.0567	0.24423	36.6	0.992
NODE_40_length_37489_cov_12.035128	1	37489	57	4294	11.454	0.129931	35	1
NODE_41_length_37113_cov_5.778240	1	37113	536	25708	69.2695	1.22706	35.5	0.996
NODE_44_length_36060_cov_186.741564	1	36060	3693	35680	98.9462	8.7622	35.8	0.996
NODE_57_length_28964_cov_3.647964	1	28964	42	3409	11.7698	0.12626	36.2	41
NODE_58_length_28915_cov_2.851594	1	28915	32	2783	9.62476	0.0982881	37.1	1
NODE_61_length_27709_cov_4.008787	1	27709	53	4059	14.6487	0.164928	35.4	2.55
NODE_63_length_26925_cov_11.515333	1	26925	19	1454	5.40019	0.0558589	35	4.26
NODE_66_length_25532_cov_5.218589	1	25532	376	17227	67.4722	1.27749	36.4	1.02
NODE_69_length_23559_cov_18.031867	1	23559	404	14796	62.804	1.4583	35.8	12.1
NODE_71_length_22160_cov_3.786655	1	22160	55	4489	20.2572	0.21593	37.1	1
NODE_94_length_15427_cov_6.269321	1	15427	117	6587	42.6979	0.623971	34.3	41.7
NODE_95_length_15356_cov_3.584733	1	15356	121	6361	41.4235	0.646132	34.9	2.72
NODE_165_length_6963_cov_2699.768674	1	6963	35	2629	37.7567	0.445928	36.7	1
NODE_180_length_6209_cov_8.318817	1	6209	1830622	6209	100	25753.8	36.4	0.996
NODE_194_length_5842_cov_59.714187	1	5842	1003	5437	93.0674	14.7369	35.8	1.43
NODE_203_length_5535_cov_3.585219	1	5535	107	4328	78.1933	1.65691	35.9	40.2
NODE_209_length_5407_cov_424.684417	1	5407	5248	5267	97.4108	84.3677	36.1	0.996
NODE_212_length_5277_cov_13.385101	1	5277	9507	5277	100	155.659	35.9	1.01
NODE_213_length_5084_cov_56753.835156	1	5084	35725	5083	99.9803	612.148	36.4	0.999
NODE_3_length_160031_cov_246.186322	1	160031	317	24588	15.3645	0.174497	37	1.13
NODE_4_length_135187_cov_5.588891	1	135187	413	22303	16.4979	0.265706	36.4	0.983
NODE_11_length_82624_cov_5.458404	1	82624	430	24182	29.2675	0.451552	36.2	0.947
NODE_20_length_47234_cov_31.155747	1	47234	1769	38753	82.0447	3.20566	35.8	2.36
NODE_22_length_45867_cov_5.463743	1	45867	56	4771	10.4018	0.107463	35.8	1
NODE_25_length_43849_cov_10.709458	1	43849	598	30062	68.558	1.19688	36.7	0.993
NODE_27_length_42291_cov_8.031513	1	42291	124	9701	22.9387	0.25561	36.6	1
NODE_30_length_41337_cov_7.787607	1	41337	560	24937	60.3261	1.15853	35.9	0.991
NODE_33_length_39957_cov_24.373239	1	39957	4584	38879	97.3021	9.94139	36	1.12
NODE_34_length_38904_cov_21.835774	1	38904	41	3095	7.95548	0.0907876	36.5	0.976
NODE_38_length_37629_cov_17.014451	1	37629	50	4073	10.8241	0.109384	34.9	0.96
NODE_42_length_35867_cov_6.690467	1	35867	42	3190	8.89397	0.0986422	35.2	41.1
NODE_43_length_35817_cov_5.543007	1	35817	123	8606	24.0277	0.296479	36.4	12.7
NODE_46_length_35128_cov_9.695264	1	35128	198	3757	10.6952	0.491944	36.1	29.3
NODE_47_length_34443_cov_6.100820	1	34443	18	1633	4.74117	0.0474117	38.6	42
NODE_49_length_32550_cov_5.505924	1	32550	38	2629	8.0768	0.0975422	34.8	19.2
NODE_72_length_21497_cov_3.547617	1	21497	229	10751	50.0116	0.912872	35.9	40.3
NODE_77_length_19576_cov_17.607807	1	19576	147	7198	36.7695	0.647323	35.8	3.76
NODE_210_length_6209_cov_9.798343	1	6209	1844842	6209	100	25975.1	36.4	0.995
NODE_243_length_5277_cov_12.775565	1	5277	9689	5274	99.9431	158.31	35.9	0.997
NODE_249_length_5084_cov_78920.386956	1	5084	36097	5084	100	618.683	36.4	0.998
NODE_1_length_164730_cov_5.305092	1	164730	1978	89358	54.2451	1.04353	36.2	9.96
NODE_2_length_124404_cov_11.033221	1	124404	6120	119946	96.4165	4.37294	37.4	0.994
NODE_4_length_117427_cov_5.768318	1	117427	367	19752	16.8207	0.26912	36.5	0.978
NODE_8_length_96678_cov_134.288192	1	96678	212	16249	16.8073	0.192608	37.2	0.995
NODE_28_length_43893_cov_22.428281	1	43893	601	30418	69.3003	1.20113	36.5	1.06
NODE_29_length_42291_cov_14.926058	1	42291	111	8288	19.5976	0.227944	36.7	0.973
NODE_33_length_37337_cov_16.555415	1	37337	1557	32363	86.6781	3.54876	35.8	2.36
NODE_34_length_37325_cov_110.555514	1	37325	17	1411	3.78031	0.0386604	36.3	1
NODE_36_length_36495_cov_5.297722	1	36495	2	174	0.476778	0.00476778	34.9	1
NODE_38_length_36114_cov_4.509720	1	36114	269	16152	44.725	0.659993	37	1
NODE_39_length_36060_cov_13.462408	1	36060	3521	35480	98.3916	8.37185	35.8	0.991
NODE_48_length_30963_cov_4.644332	1	30963	964	9890	31.9413	2.7829	37.6	1.08
NODE_54_length_29179_cov_6.736266	1	29179	181	12485	42.7876	0.539429	36.6	1
NODE_66_length_21974_cov_4.464985	1	21974	30	2255	10.2621	0.10963	35	1
NODE_181_length_6454_cov_8661.914049	1	6454	1969	2506	38.8286	26.6562	36.6	1.04
NODE_228_length_5277_cov_15.499043	1	5277	9700	5276	99.981	158.801	35.9	0.997
NODE_232_length_5084_cov_53965.325313	1	5084	35586	5084	100	609.408	36.4	0.997
NODE_2_length_164227_cov_5.664328	1	164227	1141	56126	34.1759	0.605211	36.3	0.952
NODE_17_length_61395_cov_5.757956	1	61395	361	20183	32.874	0.514651	36.4	0.914
NODE_26_length_47746_cov_5.112222	1	47746	796	8483	17.7669	1.49194	37.7	1.3
NODE_31_length_42291_cov_15.102069	1	42291	110	8690	20.5481	0.230002	36.8	0.982
NODE_48_length_29632_cov_4.402171	1	29632	34	2652	8.94978	0.0947962	34.7	1
NODE_50_length_28964_cov_4.022381	1	28964	2	172	0.593841	0.00593841	35.3	1
NODE_51_length_27921_cov_3.034092	1	27921	39	3090	11.0669	0.119731	35.5	1
NODE_55_length_25017_cov_5.657880	1	25017	72	5410	21.6253	0.24987	36.3	1
NODE_56_length_24833_cov_5.809872	1	24833	164	11063	44.5496	0.575766	36.5	0.982
NODE_97_length_12527_cov_5.050513	1	12527	22	1718	13.7144	0.153189	38	1.36
NODE_184_length_5277_cov_11.715818	1	5277	9740	5276	99.981	159.492	35.9	0.996
NODE_193_length_5034_cov_15.769632	1	5034	507	4944	98.2122	8.68971	35.7	21.2
NODE_1_length_114607_cov_10.147007	1	114607	364	26148	22.8154	0.281353	37.2	1
NODE_4_length_36816_cov_7.960991	1	36816	515	25061	68.0709	1.19595	35.8	0.992
NODE_5_length_36230_cov_4.885114	1	36230	14	1217	3.35909	0.0335909	36.9	42
NODE_10_length_27385_cov_7.189535	1	27385	29	2459	8.97937	0.0933358	36.7	1
NODE_11_length_26673_cov_11.045683	1	26673	482	19951	74.7985	1.54726	35.6	0.988
NODE_20_length_17239_cov_6.178596	1	17239	49	3297	19.1252	0.232554	35.2	1
NODE_86_length_6209_cov_9.690445	1	6209	1847211	6209	100	25999.5	36.4	0.995
NODE_124_length_5277_cov_25.805247	1	5277	9845	5277	100	161.353	35.9	0.997
NODE_1_length_167064_cov_31.023334	1	167064	1880	99447	59.5263	0.991931	36.8	0.99
NODE_7_length_61042_cov_7.357896	1	61042	1666	54131	88.6783	2.40511	36.7	1.11
NODE_11_length_50106_cov_8.639548	1	50106	729	33971	67.7983	1.24452	35.6	1.6
NODE_13_length_47685_cov_12.449024	1	47685	1326	42176	88.4471	2.45398	37	0.993
NODE_14_length_46328_cov_8.666393	1	46328	206	14058	30.3445	0.375453	35.7	0.976
NODE_26_length_33164_cov_59.471171	1	33164	5586	32710	98.631	15.0017	37.5	0.985
NODE_27_length_32852_cov_6.310150	1	32852	83	6124	18.6412	0.211677	36	1
NODE_29_length_31681_cov_4.792196	1	31681	52	4256	13.4339	0.138127	34.9	1.19
NODE_32_length_29822_cov_3.040481	1	29822	218	12612	42.2909	0.6124	35.2	10.4
NODE_37_length_23975_cov_6.355811	1	23975	1147	22890	95.4745	4.14974	36.1	0.991
NODE_79_length_8516_cov_194.794823	1	8516	629	8301	97.4753	6.59359	37.6	0.99
NODE_109_length_6469_cov_258.754599	1	6469	17786	6469	100	242.225	36.7	0.998
NODE_117_length_6209_cov_39356.593760	1	6209	1815036	6209	100	25523.5	36.4	0.996
NODE_131_length_5556_cov_340.263043	1	5556	6072	5555	99.982	93.7014	35.7	0.996
NODE_139_length_5354_cov_334.782412	1	5354	165	4743	88.588	2.64344	35.4	0.976
NODE_147_length_5084_cov_13961.725393	1	5084	52235	5084	100	897.617	36.4	0.999
NODE_3_length_123329_cov_12.346099	1	123329	6210	119641	97.0096	4.47588	37.3	0.994
NODE_6_length_84822_cov_16.799037	1	84822	3109	77905	91.8453	3.2428	37.1	1.32
NODE_7_length_82293_cov_17.234271	1	82293	856	44569	54.1589	0.875093	35.2	0.998
NODE_13_length_50138_cov_17.827646	1	50138	707	33493	66.8016	1.21916	35.8	1.47
NODE_17_length_47511_cov_6.251033	1	47511	77	6055	12.7444	0.138684	35.4	0.987
NODE_22_length_41227_cov_3.669387	1	41227	381	21102	51.1849	0.797705	36.5	0.987
NODE_24_length_39433_cov_10.753847	1	39433	2489	38265	97.038	5.49476	36.1	24
NODE_34_length_29970_cov_6.653919	1	29970	222	14097	47.037	0.6329	35.7	0.973
NODE_35_length_29279_cov_5.928107	1	29279	323	17482	59.7083	0.978278	37.5	0.991
NODE_36_length_28663_cov_6.412088	1	28663	176	11190	39.0399	0.53501	36.3	0.972
NODE_39_length_25023_cov_3.154598	1	25023	80	5510	22.0197	0.276466	36.3	0.975
NODE_41_length_24643_cov_3.795713	1	24643	34	2658	10.786	0.112324	34.8	1
NODE_42_length_24457_cov_5.553315	1	24457	636	20067	82.0501	2.22337	35.9	0.986
NODE_46_length_21332_cov_3.397377	1	21332	47	3109	14.5743	0.180761	34.7	1
NODE_52_length_17163_cov_9.937398	1	17163	346	13315	77.5797	1.73309	35.7	0.988
NODE_119_length_6469_cov_423.735111	1	6469	17518	6469	100	238.601	36.7	0.994
NODE_133_length_5840_cov_3038.520311	1	5840	4307	5836	99.9315	64.1497	36	2.54
NODE_140_length_5469_cov_7.356114	1	5469	2052	5469	100	29.328	33.6	41.9
NODE_1_length_157272_cov_245.867635	1	157272	423	32061	20.3857	0.238409	37.1	1.22
NODE_3_length_116508_cov_7.831949	1	116508	1191	66079	56.7163	0.900256	36.8	1.03
NODE_5_length_78818_cov_6.835964	1	78818	1862	51241	65.0118	2.04918	36.2	29.2
NODE_8_length_61519_cov_6.420002	1	61519	65	5109	8.30475	0.0910288	35.9	1
NODE_11_length_55539_cov_10.359851	1	55539	195	13882	24.995	0.300185	35.8	3.76
NODE_12_length_54742_cov_5.935359	1	54742	427	24718	45.1536	0.681835	36.3	13.7
NODE_15_length_49707_cov_409.118646	1	49707	2305	46968	94.4897	4.00276	36	3.65
NODE_19_length_46049_cov_20.145976	1	46049	73	5740	12.465	0.137614	36.4	1
NODE_31_length_37539_cov_17.903879	1	37539	98	7160	19.0735	0.225952	36	1
NODE_32_length_37308_cov_5.588865	1	37308	184	12235	32.7946	0.431972	36.6	2.08
NODE_38_length_34710_cov_5.008022	1	34710	61	4792	13.8058	0.149928	35.3	0.984
NODE_39_length_34383_cov_15.503059	1	34383	50	4218	12.2677	0.126429	35.9	10.8
NODE_40_length_33198_cov_25.854600	1	33198	596	24671	74.3147	1.57615	36.5	1.02
NODE_41_length_33019_cov_71.818742	1	33019	22	1860	5.63312	0.0591478	35.9	1
NODE_42_length_30783_cov_6.353228	1	30783	62	4915	15.9666	0.177501	37.1	1
NODE_43_length_30206_cov_3.324367	1	30206	47	3901	12.9147	0.133848	36.2	42
NODE_51_length_25704_cov_4.962455	1	25704	96	6839	26.6068	0.322596	35.5	0.99
NODE_60_length_19783_cov_3.659621	1	19783	188	11299	57.1147	0.845878	37.8	0.989
NODE_68_length_16862_cov_6.336764	1	16862	281	12155	72.0852	1.3891	35.2	3.2
NODE_137_length_7399_cov_2.692266	1	7399	8	644	8.70388	0.0947425	36.6	1
NODE_157_length_6469_cov_65.568288	1	6469	18108	6469	100	246.247	36.7	0.995
NODE_164_length_6286_cov_3.027283	1	6286	66	3697	58.8132	0.918708	36.8	42
NODE_186_length_5556_cov_469.135975	1	5556	6105	5555	99.982	94.0653	35.6	0.997
NODE_193_length_5407_cov_407.749626	1	5407	8394	5407	100	135.567	36.2	1.37
NODE_194_length_5354_cov_104.200415	1	5354	148	4860	90.7733	2.38663	35.6	0.973
NODE_196_length_5277_cov_172.009958	1	5277	9659	5277	100	158.416	35.9	0.995
NODE_4_length_95966_cov_30.590652	1	95966	13638	95031	99.0257	12.4222	36.5	3.55
NODE_6_length_82210_cov_5.532554	1	82210	821	46133	56.116	0.838219	35.3	1.01
NODE_11_length_50594_cov_377.385821	1	50594	35661	50594	100	61.4393	36.3	1.2
NODE_15_length_36350_cov_5.563659	1	36350	993	31396	86.3714	2.40267	36.8	0.988
NODE_16_length_36268_cov_5.202911	1	36268	188	12787	35.257	0.456849	36.3	0.989
NODE_17_length_36060_cov_30.766366	1	36060	4113	35961	99.7255	9.78783	35.8	0.994
NODE_22_length_25354_cov_3.861378	1	25354	357	18607	73.3888	1.24324	36.4	0.992
NODE_25_length_22867_cov_5.385543	1	22867	35	2686	11.7462	0.124459	35.4	1
NODE_4_length_50595_cov_67.659972	1	50595	35276	50593	99.996	60.8379	36.3	0.991
NODE_9_length_29359_cov_4.137114	1	29359	961	27157	92.4997	2.8331	36.1	1.26
NODE_22_length_12612_cov_2.735526	1	12612	381	10619	84.1976	2.50396	35	2.07
NODE_3_length_50595_cov_82.409794	1	50595	35135	50593	99.996	60.6223	36.3	0.993
NODE_5_length_44363_cov_4.177530	1	44363	1992	41974	94.6149	3.89906	36.1	1.27
NODE_7_length_36147_cov_14.136346	1	36147	4086	35913	99.3526	9.70982	35.8	1.14
NODE_18_length_15213_cov_9.438580	1	15213	24059	15203	99.9343	139.432	36.7	41.7
NODE_47_length_5840_cov_40.463440	1	5840	4267	5840	100	63.2918	36	1.2
NODE_51_length_5556_cov_13.876568	1	5556	6302	5551	99.91	97.0403	35.7	0.997
NODE_57_length_5407_cov_151.267377	1	5407	8573	5407	100	138.241	36.2	1.08
NODE_62_length_5084_cov_1208.538278	1	5084	53418	5084	100	918.528	36.4	0.996
NODE_2_length_148288_cov_23.186888	1	148288	9409	145793	98.3175	5.63791	37.3	13
NODE_6_length_84805_cov_14.802077	1	84805	3092	78334	92.3696	3.22608	37.1	1.02
NODE_23_length_41397_cov_28.250593	1	41397	1761	39846	96.2534	3.78854	37.7	0.992
NODE_24_length_41128_cov_5.105933	1	41128	343	19937	48.4755	0.71455	35.7	0.988
NODE_25_length_41104_cov_10.069039	1	41104	793	30757	74.8273	1.67546	36.3	1.11
NODE_35_length_36642_cov_6.903080	1	36642	210	13883	37.8882	0.507041	36.3	0.995
NODE_42_length_32103_cov_4.370444	1	32103	1890	31660	98.6201	5.15385	36.5	41.4
NODE_45_length_29051_cov_4.288419	1	29051	89	6678	22.9872	0.271247	36.8	0.989
NODE_47_length_27680_cov_4.110081	1	27680	202	12319	44.5051	0.630058	35.8	1
NODE_51_length_25928_cov_4.825185	1	25928	246	14403	55.55	0.844762	37.5	0.992
NODE_54_length_22851_cov_9.800140	1	22851	781	21156	92.5824	2.91917	35.8	1
NODE_102_length_12697_cov_5.155751	1	12697	90	5932	46.7197	0.617941	36.9	4.2
NODE_158_length_8436_cov_3.682138	1	8436	652	8347	98.945	6.92437	37.5	0.992
NODE_209_length_6209_cov_65496.679721	1	6209	1905330	6209	100	26813.8	36.4	1.2
NODE_235_length_5556_cov_134.878749	1	5556	6159	5556	100	94.8702	35.7	0.996
NODE_249_length_5277_cov_379.647453	1	5277	9644	5275	99.9621	157.734	35.9	0.997
NODE_4_length_133646_cov_16.294571	1	133646	8052	129571	96.9509	5.25886	36.3	16.1
NODE_7_length_115553_cov_35.746429	1	115553	6571	112047	96.9659	5.04768	37.3	0.989
NODE_18_length_57319_cov_76.520624	1	57319	4825	55411	96.6713	7.28029	36	1
NODE_24_length_50596_cov_1234.024079	1	50596	35649	50590	99.9881	61.4425	36.2	0.992
NODE_35_length_43849_cov_26.763073	1	43849	651	31975	72.9207	1.30491	36.5	0.994
NODE_38_length_43069_cov_9.555959	1	43069	357	21899	50.8463	0.721911	36.1	1.05
NODE_42_length_41397_cov_33.888709	1	41397	1819	39668	95.8234	3.92326	37.7	0.99
NODE_49_length_38057_cov_4.796748	1	38057	634	27862	73.2112	1.47242	36.8	15.1
NODE_51_length_37849_cov_4.749140	1	37849	112	8241	21.7734	0.260456	36.6	1
NODE_53_length_36807_cov_5.676671	1	36807	373	18611	50.5638	0.838618	35.2	20.8
NODE_61_length_31489_cov_8.070020	1	31489	248	15458	49.0902	0.690178	36.7	0.98
NODE_63_length_27891_cov_6.995761	1	27891	525	19237	68.9721	1.6486	36.4	19.3
NODE_64_length_27677_cov_8.435522	1	27677	118	8237	29.7612	0.366803	35.5	1.51
NODE_69_length_26777_cov_5.823441	1	26777	46	3331	12.4398	0.141166	35.2	1
NODE_76_length_25339_cov_4.381387	1	25339	55	4367	17.2343	0.191799	35.8	0.982
NODE_77_length_25099_cov_4.340960	1	25099	83	5987	23.8535	0.287541	36.1	5.31
NODE_78_length_24488_cov_6.858102	1	24488	253	14074	57.473	0.887169	35.9	41.6
NODE_80_length_24274_cov_3.099385	1	24274	327	15717	64.7483	1.14493	35.4	41.1
NODE_86_length_22502_cov_3.552991	1	22502	207	11865	52.7286	0.813083	36.8	10.1
NODE_101_length_17827_cov_4.586484	1	17827	86	5558	31.1774	0.406855	34.8	1.19
NODE_110_length_17112_cov_3.368119	1	17112	358	14251	83.2807	1.78524	35.7	0.992
NODE_192_length_8422_cov_5.291144	1	8422	620	8410	99.8575	6.55521	37.6	0.987
NODE_229_length_6678_cov_5.842066	1	6678	25	1896	28.3917	0.327344	36.4	1
NODE_261_length_5874_cov_27.383915	1	5874	174	5096	86.7552	2.52451	35.6	0.943
NODE_4_length_127150_cov_117.090247	1	127150	6436	123609	97.2151	4.50444	37.3	1.13
NODE_7_length_88941_cov_46.993812	1	88941	4862	86067	96.7686	4.86425	37.4	21.9
NODE_11_length_72839_cov_23.773563	1	72839	2852	63711	87.4683	3.34416	35.6	41.8
NODE_21_length_59130_cov_12.292323	1	59130	442	27065	45.772	0.657467	36.7	0.989
NODE_23_length_57177_cov_114.389377	1	57177	4989	55401	96.8939	7.54375	36	1.05
NODE_28_length_50596_cov_1491.292179	1	50596	35189	50594	99.996	60.6484	36.3	0.99
NODE_30_length_49587_cov_4.531979	1	49587	171	12198	24.5992	0.297719	36.5	0.988
NODE_35_length_46803_cov_6.051467	1	46803	1119	38191	81.5995	2.0647	36.1	19.1
NODE_36_length_46752_cov_29.126753	1	46752	311	20009	42.7982	0.578285	35.8	0.99
NODE_39_length_43620_cov_4.962217	1	43620	243	16210	37.1619	0.488056	36.5	0.984
NODE_40_length_43084_cov_6.633898	1	43084	332	20015	46.4558	0.66556	35.6	1.4
NODE_45_length_40665_cov_4.748239	1	40665	150	11108	27.3159	0.321997	36.5	1
NODE_50_length_39226_cov_10.101606	1	39226	991	33433	85.2317	2.21129	36.7	41.6
NODE_56_length_37457_cov_9.262072	1	37457	130	8844	23.6111	0.304242	36.4	10.5
NODE_58_length_37241_cov_46.337493	1	37241	782	28820	77.3878	1.8344	36.3	1.65
NODE_59_length_37102_cov_7.659028	1	37102	291	17275	46.5608	0.657188	35.5	0.997
NODE_60_length_36992_cov_10.212497	1	36992	385	20392	55.1254	0.917982	36.8	19.1
NODE_64_length_33972_cov_8.070260	1	33972	442	20749	61.0768	1.13123	36.4	41.9
NODE_68_length_32950_cov_15.789907	1	32950	107	8070	24.4917	0.282033	35.7	1
NODE_75_length_29643_cov_5.344836	1	29643	355	18814	63.4686	1.07371	37.8	41.3
NODE_76_length_29309_cov_5.208553	1	29309	121	8660	29.5472	0.34979	35.6	7.76
NODE_77_length_28348_cov_7.729650	1	28348	439	20405	71.9804	1.36133	36.8	0.977
NODE_80_length_27821_cov_14.253908	1	27821	1058	25218	90.6438	3.25211	36	3.38
NODE_90_length_25254_cov_6.697329	1	25254	183	11358	44.9751	0.615942	35.7	1
NODE_92_length_24473_cov_5.235728	1	24473	46	3596	14.6937	0.15654	35.9	0.957
NODE_98_length_23476_cov_4.904359	1	23476	185	11110	47.3249	0.692878	36.9	17.2
NODE_107_length_20703_cov_32.120399	1	20703	421	16639	80.37	1.7239	35.5	0.986
NODE_118_length_18955_cov_3.719365	1	18955	158	9242	48.7576	0.700343	35.3	42
NODE_119_length_18951_cov_5.567686	1	18951	86	5816	30.6897	0.394491	36.1	1
NODE_127_length_17877_cov_5.437717	1	17877	46	3707	20.7361	0.22157	35.9	41.2
NODE_337_length_5407_cov_169.755419	1	5407	8337	5406	99.9815	134.591	36.2	0.997
NODE_345_length_5277_cov_154.251628	1	5277	9584	5275	99.9621	156.833	35.9	0.997
NODE_17_length_37229_cov_5.527304	1	37229	570	24253	65.1455	1.35239	36.7	1.38
NODE_35_length_16708_cov_7.810064	1	16708	465	14337	85.8092	2.3536	35.2	3.26
NODE_79_length_6268_cov_7.561404	1	6268	147	5009	79.9138	2.05249	35.7	0.993
NODE_1_length_167064_cov_29.887916	1	167064	1830	100308	60.0417	0.969377	37	1.04
NODE_2_length_128004_cov_9.723710	1	128004	374	27771	21.6954	0.257656	37.1	1
NODE_9_length_50597_cov_221.425567	1	50597	35961	50595	99.996	62.0009	36.2	1.01
NODE_15_length_44579_cov_4.400862	1	44579	28	2397	5.37697	0.0554073	35.9	1
NODE_25_length_26906_cov_5.574876	1	26906	120	8840	32.8551	0.38077	35.9	1.09
NODE_66_length_7415_cov_2.395924	1	7415	10	841	11.3419	0.12205	37.5	4
NODE_81_length_6245_cov_24.756704	1	6245	123	5023	80.4323	1.71946	36.1	0.984
NODE_98_length_5354_cov_128.256463	1	5354	158	4593	85.7863	2.52932	35.7	0.956
NODE_14_length_82374_cov_240.205894	1	82374	886	47238	57.3458	0.904836	35.3	0.992
NODE_21_length_64073_cov_37.552313	1	64073	20	1741	2.71721	0.0278745	36.8	5.1
NODE_22_length_61496_cov_10.163685	1	61496	75	5830	9.48029	0.10456	36.2	0.96
NODE_27_length_56163_cov_10.570810	1	56163	577	31087	55.3514	0.896373	36.3	1.34
NODE_29_length_50686_cov_11.681381	1	50686	33	2752	5.42951	0.0559326	34.7	1
NODE_34_length_49123_cov_12.946462	1	49123	113	8525	17.3544	0.194267	35.4	17.3
NODE_35_length_48678_cov_17.660634	1	48678	103	7740	15.9004	0.178602	35.5	0.99
NODE_36_length_48286_cov_161.551720	1	48286	8860	48063	99.5382	16.3327	37.6	11.1
NODE_41_length_46049_cov_22.527873	1	46049	50	4262	9.25536	0.0943343	36.1	1
NODE_42_length_46014_cov_7.064688	1	46014	251	17130	37.2278	0.477007	36.4	0.952
NODE_44_length_45313_cov_24.797539	1	45313	30	2621	5.78421	0.0582394	35.5	3.73
NODE_45_length_44530_cov_6.085261	1	44530	72	5559	12.4837	0.130631	34.6	5.22
NODE_50_length_42455_cov_9.957995	1	42455	287	17847	42.0375	0.578801	35.6	3.57
NODE_54_length_41545_cov_23.951314	1	41545	263	17794	42.8307	0.56582	37	1.94
NODE_56_length_41017_cov_5.694693	1	41017	86	6324	15.418	0.173513	34.9	42
NODE_58_length_39387_cov_195.566714	1	39387	5214	38492	97.7277	11.488	36	2.19
NODE_66_length_37340_cov_6.786992	1	37340	8	713	1.90948	0.0190948	37.7	1
NODE_74_length_32607_cov_43.428176	1	32607	26	2133	6.54154	0.0660594	36	1
NODE_76_length_32402_cov_4.278047	1	32402	345	17836	55.046	0.9363	36.8	1.23
NODE_85_length_29888_cov_3.843428	1	29888	133	9754	32.6352	0.391026	36.7	1
NODE_86_length_29401_cov_5.339501	1	29401	121	7977	27.1317	0.343288	35.5	5.74
NODE_90_length_26510_cov_4.099074	1	26510	112	7728	29.1513	0.370162	36.2	0.973
NODE_91_length_25386_cov_3.813628	1	25386	174	10356	40.7941	0.578862	35.2	0.914
NODE_98_length_23399_cov_4.973441	1	23399	67	5018	21.4454	0.250951	36.3	1
NODE_99_length_23338_cov_3.337113	1	23338	207	12307	52.7337	0.786914	36.6	1.05
NODE_100_length_23190_cov_23.457402	1	23190	338	15830	68.2622	1.26818	36.3	1.36
NODE_102_length_22820_cov_4.048935	1	22820	104	7291	31.95	0.396801	36.2	0.99
NODE_103_length_22548_cov_3.955764	1	22548	1	73	0.323754	0.00323754	32.4	1
NODE_122_length_18523_cov_15.849144	1	18523	2	136	0.734222	0.00734222	33.8	1
NODE_137_length_15986_cov_191.716590	1	15986	3674	15823	98.9804	20.4142	37.2	4.72
NODE_142_length_15505_cov_266.883107	1	15505	1316	14888	96.0206	7.33486	36	7.34
NODE_286_length_7396_cov_5.191118	1	7396	10	822	11.1141	0.122904	36	1
NODE_394_length_5277_cov_264.588280	1	5277	9560	5275	99.9621	156.197	35.9	0.997
NODE_2_length_111600_cov_9.640486	1	111600	5401	108615	97.3253	4.30373	37.3	0.991
NODE_9_length_45523_cov_3.740213	1	45523	1497	41523	91.2132	2.90484	36.9	1.08
NODE_11_length_38676_cov_4.256959	1	38676	2236	37902	97.9988	5.05109	36.3	1.03
NODE_12_length_38621_cov_4.452264	1	38621	1641	36825	95.3497	3.79169	37.6	0.987
NODE_14_length_36134_cov_22.605782	1	36134	3974	35856	99.2306	9.4299	35.8	1.02
NODE_16_length_32623_cov_3.888142	1	32623	1009	30276	92.8057	2.71891	36.7	1.07
NODE_23_length_22286_cov_4.358508	1	22286	283	14478	64.9646	1.11895	36.8	0.986
NODE_25_length_20188_cov_3.698455	1	20188	738	18641	92.337	3.12527	35.7	1.16
NODE_50_length_10983_cov_6.236914	1	10983	1054	10902	99.2625	8.28763	36.1	1.07
NODE_97_length_5840_cov_82.570614	1	5840	4390	5835	99.9144	65.3057	36	1.66
NODE_1_length_291783_cov_17.309309	1	291783	40	2616	0.896557	0.0115051	35.4	0.15
NODE_2_length_224719_cov_12.772874	1	224719	4	364	0.16198	0.0016198	39.1	1
NODE_5_length_146551_cov_138.816527	1	146551	19494	145244	99.1082	11.5795	36.4	1.02
NODE_9_length_107083_cov_7.960225	1	107083	5466	104322	97.4216	4.54031	37.4	0.989
NODE_18_length_51491_cov_4.309861	1	51491	240	17311	33.6195	0.411878	36.7	1.34
NODE_23_length_46505_cov_8.013886	1	46505	187	12858	27.6486	0.349575	35.8	0.995
NODE_28_length_40659_cov_13.346394	1	40659	186	12850	31.6043	0.395042	36.2	1.45
NODE_34_length_37084_cov_5.937697	1	37084	179	12692	34.225	0.423929	36.5	0.883
NODE_37_length_29802_cov_5.098867	1	29802	352	18721	62.8179	1.02839	36.4	0.989
NODE_39_length_28630_cov_5.069326	1	28630	335	17028	59.4761	1.00639	35.8	1.02
NODE_42_length_27529_cov_6.863980	1	27529	3	273	0.991681	0.00991681	38	28
NODE_44_length_27445_cov_5.378131	1	27445	157	10436	38.0251	0.501913	36.2	0.994
NODE_46_length_25582_cov_5.547381	1	25582	141	9963	38.9454	0.475725	35.7	0.986
NODE_48_length_24386_cov_133.440549	1	24386	6853	23980	98.3351	24.6855	36.5	41.8
NODE_63_length_14529_cov_5.416955	1	14529	192	9307	64.0581	1.09946	34.8	2.13
NODE_85_length_9810_cov_429.929062	1	9810	16811	6467	65.9225	150.848	36.7	1.01
NODE_122_length_6209_cov_70622.697433	1	6209	1839515	6209	100	25890	36.4	0.996
NODE_136_length_5744_cov_864.749341	1	5744	196	5079	88.4227	2.92531	35.5	3.19
NODE_147_length_5556_cov_89.738411	1	5556	6116	5552	99.928	94.2205	35.7	0.997
NODE_1_length_224519_cov_7.116856	1	224519	4	363	0.161679	0.00161679	39.5	1
NODE_2_length_167110_cov_64.689713	1	167110	1877	99097	59.3005	0.990378	36.8	0.991
NODE_4_length_142877_cov_8.785747	1	142877	4	364	0.254765	0.00254765	38.8	1
NODE_5_length_139191_cov_8.620788	1	139191	21	1385	0.995036	0.0125224	35.2	0.0952
NODE_21_length_49714_cov_4.278741	1	49714	202	14592	29.3519	0.358269	36.3	1
NODE_26_length_46532_cov_8.982421	1	46532	225	15510	33.3319	0.421753	35.9	0.911
NODE_28_length_46427_cov_14.788256	1	46427	208	14238	30.6675	0.381804	35.9	1
NODE_29_length_46367_cov_11.001188	1	46367	285	18049	38.9264	0.52807	35.9	0.993
NODE_30_length_46266_cov_83.710480	1	46266	1380	40766	88.1122	2.632	37.1	0.989
NODE_31_length_43850_cov_11.756000	1	43850	652	31798	72.5154	1.314	36.5	0.989
NODE_32_length_43436_cov_7.077891	1	43436	30	2464	5.67271	0.0600424	36.2	1
NODE_35_length_40899_cov_23.333831	1	40899	147	10244	25.0471	0.307025	36.1	0.966
NODE_38_length_39875_cov_5.639704	1	39875	36	2537	6.36238	0.0720502	34.9	1
NODE_46_length_36623_cov_13.706793	1	36623	202	14116	38.5441	0.480408	36.4	0.985
NODE_49_length_32431_cov_3.692241	1	32431	216	12967	39.9833	0.588141	36.8	0.991
NODE_54_length_30192_cov_5.904702	1	30192	46	3629	12.0197	0.129968	35.2	1
NODE_56_length_28912_cov_8.397962	1	28912	68	4959	17.152	0.196666	35.2	10.4
NODE_58_length_27890_cov_4.360841	1	27890	95	6786	24.3313	0.294765	36.2	1.41
NODE_60_length_25063_cov_6.534149	1	25063	33	2636	10.5175	0.108447	34.6	1
NODE_87_length_14015_cov_251.795559	1	14015	41	2810	20.0499	0.258223	37.5	1.66
NODE_153_length_7396_cov_5.593380	1	7396	2	182	2.46079	0.0246079	38	1
NODE_173_length_6469_cov_774.838478	1	6469	17661	6469	100	240.287	36.6	0.995
NODE_218_length_5084_cov_12194.464307	1	5084	49202	5084	100	844.913	36.4	0.999
NODE_4_length_149990_cov_22.694054	1	149990	7904	144397	96.2711	4.6872	37.4	8.38
NODE_11_length_90295_cov_118.359719	1	90295	9248	89174	98.7585	8.91572	36.4	1.05
NODE_14_length_82304_cov_225.187151	1	82304	894	46481	56.4748	0.921559	35.3	1.02
NODE_17_length_66579_cov_12.543699	1	66579	514	31961	48.0046	0.679614	36.5	1.39
NODE_28_length_50686_cov_13.389939	1	50686	33	2583	5.09608	0.0544332	34.6	1
NODE_33_length_48678_cov_22.032392	1	48678	80	6357	13.0593	0.141625	35.5	0.963
NODE_34_length_48295_cov_29.851223	1	48295	289	18297	37.8859	0.514111	35.8	2.12
NODE_39_length_46496_cov_26.700803	1	46496	183	12648	27.2023	0.335728	35.6	1.04
NODE_40_length_46294_cov_8.238197	1	46294	589	28819	62.2521	1.08792	35.9	17.7
NODE_44_length_45871_cov_5.078160	1	45871	58	4567	9.95618	0.106276	35.6	1
NODE_49_length_42667_cov_9.849948	1	42667	376	22165	51.9488	0.776385	36.6	41.4
NODE_52_length_42307_cov_7.097250	1	42307	133	9586	22.6582	0.273761	36.4	0.992
NODE_54_length_41741_cov_10.161829	1	41741	296	18992	45.4996	0.620781	36	1.14
NODE_55_length_41584_cov_17.221676	1	41584	549	25618	61.6054	1.15391	36.5	1.01
NODE_65_length_38961_cov_7.399476	1	38961	6	522	1.3398	0.013398	35.8	1
NODE_66_length_38717_cov_7.546868	1	38717	41	3101	8.0094	0.0835292	34.4	1
NODE_68_length_38440_cov_54.510460	1	38440	172	11490	29.8907	0.372164	35	1.58
NODE_69_length_37272_cov_3.102802	1	37272	301	18455	49.5144	0.686333	35.3	15.9
NODE_76_length_34918_cov_18.678370	1	34918	4	343	0.982301	0.00982301	36.6	21.5
NODE_77_length_34914_cov_4.634499	1	34914	76	5633	16.1339	0.186258	35.5	42
NODE_78_length_34810_cov_11.848741	1	34810	352	19734	56.6906	0.899023	37.3	8.22
NODE_82_length_32967_cov_14.811011	1	32967	61	4544	13.7835	0.14927	34.8	1
NODE_84_length_32573_cov_4.820715	1	32573	325	16462	50.5388	0.846407	35.4	41.9
NODE_85_length_32529_cov_5.865646	1	32529	313	17851	54.8772	0.838083	36.6	1.97
NODE_86_length_32364_cov_4.582315	1	32364	57	4247	13.1226	0.150538	35.6	11.9
NODE_87_length_32215_cov_15.592506	1	32215	52	4039	12.5376	0.138041	35.5	2.58
NODE_88_length_32149_cov_48.332741	1	32149	96	6887	21.4221	0.255809	36.2	1.83
NODE_89_length_31829_cov_62.477403	1	31829	208	12130	38.1099	0.554463	35.2	20
NODE_90_length_31247_cov_3.493845	1	31247	6	546	1.74737	0.0174737	37.6	14.7
NODE_92_length_30284_cov_3.410831	1	30284	187	11605	38.3206	0.539856	36.5	19.2
NODE_94_length_29316_cov_3.978435	1	29316	1	86	0.293355	0.00293355	33.2	0
NODE_98_length_27642_cov_3.629318	1	27642	111	7759	28.0696	0.348419	36.4	2.48
NODE_99_length_27136_cov_4.809424	1	27136	100	6649	24.5025	0.324292	36.2	4.07
NODE_103_length_25437_cov_4.427586	1	25437	122	8491	33.3805	0.404883	35.4	1
NODE_110_length_22758_cov_8.333524	1	22758	345	14695	64.5707	1.31215	36.1	0.968
NODE_114_length_22362_cov_39.010266	1	22362	16	1318	5.89393	0.0604597	35.6	1
NODE_119_length_21232_cov_24.778675	1	21232	398	16231	76.4459	1.63136	36.1	0.972
NODE_120_length_20547_cov_20.156207	1	20547	274	11205	54.5335	1.11583	35.1	41.6
NODE_181_length_12451_cov_62.323975	1	12451	47	3713	29.8209	0.333226	36.6	1
NODE_214_length_10360_cov_3.570597	1	10360	15	917	8.85135	0.118919	34.8	39.3
NODE_278_length_7396_cov_6.279662	1	7396	2	174	2.35262	0.0235262	36	1
NODE_286_length_7275_cov_4.567867	1	7275	265	6994	96.1375	3.19546	36.4	41.8
NODE_309_length_6605_cov_445.087328	1	6605	233	6272	94.9584	3.01983	35.8	7.48
NODE_21_length_46020_cov_7.992255	1	44173	0	0	0	0	0	0
DAS_Check_Bin_01_k119_45347:194-20015	1	19822	0	0	0	0	0	0
DAS_Check_Bin_07_k119_159765:247-42184	1	41938	0	0	0	0	0	0
NODE_15_length_35381_cov_29.469003	1	35381	0	0	0	0	0	0
NODE_99_length_5721_cov_1061.804977	1	5721	0	0	0	0	0	0
NODE_102_length_5581_cov_15638.208288	1	5581	0	0	0	0	0	0
NODE_104_length_5514_cov_1878.878732	1	5514	0	0	0	0	0	0
NODE_258_length_5581_cov_2813.330800	1	5581	0	0	0	0	0	0
NODE_262_length_5514_cov_38.326067	1	5514	0	0	0	0	0	0
NODE_7_length_46020_cov_16.937757	1	46020	0	0	0	0	0	0
NODE_11_length_37351_cov_3.546841	1	37351	0	0	0	0	0	0
NODE_14_length_35381_cov_20.886033	1	35381	0	0	0	0	0	0
NODE_27_length_46064_cov_34.699428	1	46064	0	0	0	0	0	0
NODE_64_length_26668_cov_4.755420	1	26668	0	0	0	0	0	0
NODE_86_length_17581_cov_4.636540	1	17581	0	0	0	0	0	0
NODE_113_length_12763_cov_3.351196	1	12763	0	0	0	0	0	0
NODE_205_length_5514_cov_740.579227	1	5514	0	0	0	0	0	0
NODE_24_length_43860_cov_6.177765	1	43860	0	0	0	0	0	0
NODE_37_length_37729_cov_6.620083	1	37729	0	0	0	0	0	0
NODE_103_length_15861_cov_5.174997	1	15861	0	0	0	0	0	0
NODE_235_length_5514_cov_1351.351346	1	5514	0	0	0	0	0	0
NODE_44_length_30436_cov_7.486422	1	30436	0	0	0	0	0	0
NODE_176_length_5514_cov_454.349698	1	5514	0	0	0	0	0	0
NODE_113_length_5514_cov_54.894486	1	5514	0	0	0	0	0	0
NODE_96_length_11662_cov_7.022019	1	11662	0	0	0	0	0	0
NODE_60_length_14961_cov_14.778747	1	14961	0	0	0	0	0	0
NODE_91_length_8647_cov_3.054702	1	8647	0	0	0	0	0	0
NODE_53_length_30710_cov_4.642636	1	30710	0	0	0	0	0	0
NODE_55_length_29701_cov_27.068205	1	29701	0	0	0	0	0	0
NODE_101_length_12031_cov_26.306363	1	12031	0	0	0	0	0	0
NODE_390_length_5581_cov_3.514839	1	5581	0	0	0	0	0	0
