#rname	startpos	endpos	numreads	covbases	coverage	meandepth	meanbaseq	meanmapq
DAS_Check_Bin_09_k119_41989:3-49450	1	45022	57654	44710	99.307	111.364	36.1	41.8
NODE_39_length_37768_cov_25.508657	1	35529	9	788	2.21791	0.0228264	36.5	1
NODE_68_length_36781_cov_8.797283	1	22515	268	14472	64.2771	1.03189	36.3	4.49
NODE_18_length_65286_cov_9.613313	1	61998	455	27098	43.7079	0.644472	36.4	0.998
DAS_Check_Bin_01_k119_158026:3-190576	1	190574	10	834	0.437625	0.00477505	36.8	42
DAS_Check_Bin_01_k119_45347:194-20015	1	19822	13	1086	5.47876	0.059328	36.7	32.9
DAS_Check_Bin_07_k119_159765:247-42184	1	41938	6	522	1.24469	0.0129	37.3	42
NODE_10_length_44613_cov_10.908120	1	44613	77	6117	13.7113	0.150158	35.8	0.961
NODE_13_length_36623_cov_12.491687	1	36623	417	21016	57.3847	1.00472	36.7	0.988
NODE_14_length_36060_cov_13.057825	1	36060	2827	34788	96.4725	6.79126	36	0.999
NODE_16_length_35370_cov_4.255189	1	35370	325	19196	54.272	0.812977	36.7	0.997
NODE_18_length_31157_cov_3.163269	1	31157	1174	29146	93.5456	3.32198	36.7	0.986
NODE_22_length_23860_cov_5.129553	1	23860	351	16128	67.5943	1.27481	36.2	5.84
NODE_25_length_23308_cov_5.171419	1	23308	109	7444	31.9375	0.402137	35.5	1
NODE_28_length_21720_cov_3.485299	1	21720	170	9096	41.8785	0.655018	35.3	0.988
NODE_38_length_13971_cov_7.375898	1	13971	1603	13748	98.4038	10.1678	37.1	0.993
NODE_39_length_13673_cov_7.531429	1	13673	12840	13620	99.6124	83.7069	37.4	1.12
NODE_86_length_6245_cov_8.653635	1	6245	1184	6217	99.5516	16.6112	36	0.994
NODE_88_length_6209_cov_8.324829	1	6209	3536418	6209	100	50158	36.6	0.996
NODE_96_length_5842_cov_1098.051840	1	5842	3560	5502	94.1801	52.5486	35.9	1.02
NODE_105_length_5492_cov_29.344308	1	5492	22	1689	30.7538	0.340677	35.8	0.727
NODE_109_length_5407_cov_11252.763079	1	5407	64694	5257	97.2258	1051.33	36.4	0.998
NODE_120_length_5084_cov_34199.553390	1	5084	94040	5082	99.9607	1626.9	36.6	0.997
NODE_2_length_172485_cov_32.775068	1	172485	8982	156669	90.8305	4.63068	37.3	0.991
NODE_6_length_61068_cov_9.739465	1	61068	2655	58532	95.8473	3.8464	36.8	1.1
NODE_7_length_58087_cov_6.947994	1	58087	276	19005	32.7182	0.420593	36.7	0.996
NODE_11_length_41469_cov_25.463877	1	41469	652	28396	68.4752	1.39381	36.6	1.01
NODE_12_length_40031_cov_3.840454	1	40031	429	18223	45.5222	0.927956	36.2	38.2
NODE_17_length_37325_cov_319.259539	1	37325	9	788	2.11119	0.0219424	36.2	1
NODE_19_length_36060_cov_32.684877	1	36060	2955	35246	97.7427	7.12382	36	0.993
NODE_23_length_32292_cov_5.397959	1	32292	1501	30014	92.9456	4.03809	36	0.989
NODE_24_length_31545_cov_5.801683	1	31545	30	2254	7.14535	0.0794421	34.4	14.1
NODE_28_length_27475_cov_4.040518	1	27475	395	17604	64.0728	1.2428	35.7	1.14
NODE_30_length_25734_cov_5.275400	1	25734	21	1833	7.12287	0.073638	37.4	0.952
NODE_31_length_25359_cov_5.009406	1	25359	95	6895	27.1896	0.334043	37.3	0.968
NODE_41_length_22305_cov_25.908899	1	22305	1662	21441	96.1264	6.44129	35.8	3.22
NODE_42_length_22193_cov_5.490695	1	22193	118	7834	35.2994	0.459154	35.8	35.3
NODE_48_length_18890_cov_3.341333	1	18890	13	645	3.41451	0.0573849	35.5	0.231
NODE_52_length_17580_cov_3.189843	1	17580	28	2089	11.8828	0.131968	35.4	1
NODE_214_length_6245_cov_8.318255	1	6245	1237	6230	99.7598	17.1073	36	0.998
NODE_217_length_6209_cov_8.798343	1	6209	3427649	6209	100	48633.5	36.6	0.996
NODE_268_length_5407_cov_226.692078	1	5407	71499	5320	98.391	1162.65	36.4	0.996
NODE_292_length_5084_cov_88208.156095	1	5084	100165	4966	97.679	1732.79	36.6	0.996
NODE_9_length_43915_cov_6.954241	1	43915	66	4808	10.9484	0.131094	35.7	0.939
NODE_10_length_38461_cov_14.877649	1	38461	54	4351	11.3128	0.126492	36.8	21.1
NODE_11_length_37351_cov_3.546841	1	37351	8	587	1.57158	0.0183931	36.7	11.2
NODE_12_length_36623_cov_10.841993	1	36623	439	22091	60.32	1.06152	36.8	0.995
NODE_16_length_25443_cov_3.831850	1	25443	204	12421	48.8189	0.710726	37	0.995
NODE_25_length_21201_cov_4.167171	1	21201	300	13790	65.0441	1.23405	36.1	1.03
NODE_34_length_13780_cov_2.793515	1	13780	66	4619	33.5196	0.416981	36.3	1
NODE_39_length_12439_cov_7.203731	1	12439	1650	12408	99.7508	11.7557	37.1	1.14
NODE_57_length_7439_cov_2.481446	1	7439	60	2653	35.6634	0.707622	36.9	40
NODE_72_length_6209_cov_12.989275	1	6209	3461180	6209	100	49084.8	36.6	0.996
NODE_76_length_5842_cov_1509.613790	1	5842	3376	5440	93.1188	49.7446	35.8	0.992
NODE_87_length_5402_cov_34.239200	1	5402	14	960	17.7712	0.209737	35.2	0.714
NODE_89_length_5277_cov_5.447721	1	5277	70693	5277	100	1169.85	36.1	0.998
NODE_4_length_238892_cov_6.753413	1	238892	1576	76213	31.9027	0.578115	36.4	18.8
NODE_5_length_189738_cov_6.430987	1	189738	2094	90085	47.4786	0.969537	36.4	32.8
NODE_10_length_119230_cov_6.136941	1	119230	962	55994	46.963	0.708043	36.4	1.05
NODE_12_length_90299_cov_8.811644	1	90299	553	35750	39.5907	0.544801	37.5	41.7
NODE_13_length_76125_cov_44.994597	1	76125	499	24566	32.2706	0.584447	36.9	0.996
NODE_18_length_62590_cov_137.633981	1	62590	4623	59474	95.0216	6.34766	35.7	36.7
NODE_20_length_55983_cov_7.738449	1	55983	604	22142	39.5513	0.939357	36.3	2.5
NODE_24_length_47733_cov_200.310583	1	47733	3170	46870	98.192	5.90767	37.1	1.09
NODE_32_length_43849_cov_21.327442	1	43849	363	21424	48.8586	0.732423	36.7	0.997
NODE_34_length_42243_cov_6.125960	1	42243	59	4976	11.7795	0.124636	36.9	1
NODE_40_length_37489_cov_12.035128	1	37489	323	17791	47.4566	0.723252	35.1	0.981
NODE_41_length_37113_cov_5.778240	1	37113	1584	34435	92.7842	3.68483	35.9	0.996
NODE_44_length_36060_cov_186.741564	1	36060	2990	35226	97.6872	7.20771	36	0.995
NODE_57_length_28964_cov_3.647964	1	28964	12	1044	3.60447	0.0371496	36.2	42
NODE_58_length_28915_cov_2.851594	1	28915	77	5584	19.3118	0.232855	36.5	1
NODE_61_length_27709_cov_4.008787	1	27709	109	7107	25.6487	0.342921	36.1	1
NODE_63_length_26925_cov_11.515333	1	26925	54	3903	14.4958	0.173408	35.5	2.85
NODE_66_length_25532_cov_5.218589	1	25532	392	17322	67.8443	1.35062	36.4	0.995
NODE_69_length_23559_cov_18.031867	1	23559	415	15506	65.8177	1.53563	36.2	11.6
NODE_71_length_22160_cov_3.786655	1	22160	21	1641	7.40523	0.0836191	36	1
NODE_86_length_17581_cov_4.636540	1	17581	2	182	1.03521	0.0103521	36.8	42
NODE_94_length_15427_cov_6.269321	1	15427	462	13103	84.9355	2.4872	34.8	41.9
NODE_95_length_15356_cov_3.584733	1	15356	297	10574	68.8591	1.60706	35.2	3.55
NODE_113_length_12763_cov_3.351196	1	12763	3	266	2.08415	0.02139	38.2	36
NODE_165_length_6963_cov_2699.768674	1	6963	837	6746	96.8835	10.6042	36.9	1.11
NODE_180_length_6209_cov_8.318817	1	6209	3472364	6209	100	49257.1	36.6	0.996
NODE_194_length_5842_cov_59.714187	1	5842	5713	5678	97.1927	84.7616	36.1	1.44
NODE_203_length_5535_cov_3.585219	1	5535	129	4283	77.3803	2.02584	36.4	40.8
NODE_209_length_5407_cov_424.684417	1	5407	74599	5360	99.1308	1211.81	36.4	0.996
NODE_212_length_5277_cov_13.385101	1	5277	72181	5277	100	1193.56	36.1	0.997
NODE_213_length_5084_cov_56753.835156	1	5084	97637	5083	99.9803	1687.44	36.6	0.997
NODE_3_length_160031_cov_246.186322	1	160031	7371	146519	91.5566	4.10007	37.4	1.01
NODE_4_length_135187_cov_5.588891	1	135187	358	19682	14.5591	0.234557	36.6	0.986
NODE_11_length_82624_cov_5.458404	1	82624	383	21507	26.03	0.411055	36.5	0.94
NODE_20_length_47234_cov_31.155747	1	47234	3665	43974	93.0982	6.75467	36.1	2.4
NODE_22_length_45867_cov_5.463743	1	45867	66	5173	11.2783	0.124774	35.4	1
NODE_25_length_43849_cov_10.709458	1	43849	308	19204	43.7958	0.615339	36.7	0.994
NODE_27_length_42291_cov_8.031513	1	42291	64	4605	10.8888	0.132179	37.3	1
NODE_30_length_41337_cov_7.787607	1	41337	1679	38504	93.1466	3.52713	35.9	0.993
NODE_33_length_39957_cov_24.373239	1	39957	876	30788	77.0528	1.92487	36.1	1.56
NODE_34_length_38904_cov_21.835774	1	38904	30	2403	6.17674	0.0686819	37.5	1
NODE_37_length_37729_cov_6.620083	1	37729	2	182	0.482388	0.00482388	39	1
NODE_38_length_37629_cov_17.014451	1	37629	331	18732	49.7808	0.750751	35.2	0.991
NODE_42_length_35867_cov_6.690467	1	35867	102	6738	18.7861	0.239524	35.4	42
NODE_43_length_35817_cov_5.543007	1	35817	626	26489	73.9565	1.53634	36.6	6.23
NODE_46_length_35128_cov_9.695264	1	35128	153	3574	10.1742	0.385618	36.4	30.5
NODE_47_length_34443_cov_6.100820	1	34443	20	1616	4.69181	0.0527538	38	42
NODE_49_length_32550_cov_5.505924	1	32550	83	5692	17.4869	0.219201	35.3	15
NODE_72_length_21497_cov_3.547617	1	21497	151	9102	42.3408	0.619342	36.4	42
NODE_77_length_19576_cov_17.607807	1	19576	186	8427	43.0476	0.822946	36	3.02
NODE_210_length_6209_cov_9.798343	1	6209	3488660	6209	100	49512.1	36.6	0.996
NODE_243_length_5277_cov_12.775565	1	5277	72241	5277	100	1195.12	36.1	0.998
NODE_249_length_5084_cov_78920.386956	1	5084	97317	5084	100	1682.14	36.6	0.997
NODE_1_length_164730_cov_5.305092	1	164730	1341	72740	44.1571	0.715377	36.3	9.79
NODE_2_length_124404_cov_11.033221	1	124404	1933	85960	69.0975	1.38336	37.5	1.06
NODE_4_length_117427_cov_5.768318	1	117427	311	16297	13.8784	0.233958	36.7	0.981
NODE_8_length_96678_cov_134.288192	1	96678	3451	86893	89.8788	3.18088	37.4	0.992
NODE_28_length_43893_cov_22.428281	1	43893	339	20827	47.4495	0.677101	36.5	0.985
NODE_29_length_42291_cov_14.926058	1	42291	50	4000	9.45828	0.104017	36.6	1
NODE_33_length_37337_cov_16.555415	1	37337	3193	35682	95.5674	7.41391	35.9	1.92
NODE_34_length_37325_cov_110.555514	1	37325	17	1464	3.9223	0.0405894	36	0.941
NODE_36_length_36495_cov_5.297722	1	36495	4	341	0.934375	0.00997397	37.6	1
NODE_38_length_36114_cov_4.509720	1	36114	448	22535	62.3996	1.0955	36.8	0.993
NODE_39_length_36060_cov_13.462408	1	36060	2983	34738	96.3339	7.17521	36	0.995
NODE_48_length_30963_cov_4.644332	1	30963	873	10501	33.9147	2.5275	37.9	1.28
NODE_54_length_29179_cov_6.736266	1	29179	408	19391	66.4553	1.22677	36.4	0.998
NODE_66_length_21974_cov_4.464985	1	21974	226	11822	53.7999	0.866023	34.9	1
NODE_181_length_6454_cov_8661.914049	1	6454	2431	2813	43.5854	33.1498	36.9	1.03
NODE_228_length_5277_cov_15.499043	1	5277	71552	5277	100	1183.08	36.1	0.998
NODE_232_length_5084_cov_53965.325313	1	5084	97225	5084	100	1680.67	36.6	0.997
NODE_2_length_164227_cov_5.664328	1	164227	843	45711	27.834	0.450395	36.5	0.961
NODE_17_length_61395_cov_5.757956	1	61395	293	17418	28.3704	0.422363	36.5	0.908
NODE_26_length_47746_cov_5.112222	1	47746	833	15418	32.2917	1.56166	38	5.99
NODE_31_length_42291_cov_15.102069	1	42291	40	3229	7.63519	0.0834457	37.1	1
NODE_48_length_29632_cov_4.402171	1	29632	269	15346	51.7886	0.764545	35	1
NODE_50_length_28964_cov_4.022381	1	28964	7	626	2.1613	0.021613	36.5	0.714
NODE_51_length_27921_cov_3.034092	1	27921	48	3777	13.5275	0.145733	36	1
NODE_55_length_25017_cov_5.657880	1	25017	68	4899	19.5827	0.236239	36.5	1
NODE_56_length_24833_cov_5.809872	1	24833	320	16513	66.4962	1.13824	36.7	1
NODE_97_length_12527_cov_5.050513	1	12527	10	909	7.25633	0.0725633	37.6	2
NODE_184_length_5277_cov_11.715818	1	5277	72577	5277	100	1200.87	36.1	0.997
NODE_193_length_5034_cov_15.769632	1	5034	2827	5025	99.8212	49.0364	36	12.7
NODE_1_length_114607_cov_10.147007	1	114607	6912	106252	92.7099	5.36364	37.4	0.992
NODE_4_length_36816_cov_7.960991	1	36816	1573	34419	93.4892	3.73875	36	0.997
NODE_5_length_36230_cov_4.885114	1	36230	22	1883	5.19735	0.0540436	37.2	42
NODE_10_length_27385_cov_7.189535	1	27385	8	650	2.37356	0.0265839	36.8	1
NODE_11_length_26673_cov_11.045683	1	26673	1157	25287	94.8037	3.75511	35.9	0.988
NODE_20_length_17239_cov_6.178596	1	17239	13	1093	6.34027	0.0665932	35.1	0.923
NODE_86_length_6209_cov_9.690445	1	6209	3492672	6209	100	49549	36.6	0.996
NODE_124_length_5277_cov_25.805247	1	5277	72546	5277	100	1200.34	36.1	0.998
NODE_1_length_167064_cov_31.023334	1	167064	40647	166985	99.9527	21.5958	37.1	0.992
NODE_7_length_61042_cov_7.357896	1	61042	2660	58576	95.9602	3.85546	36.8	1.19
NODE_11_length_50106_cov_8.639548	1	50106	1891	45346	90.5001	3.2807	36	1.37
NODE_13_length_47685_cov_12.449024	1	47685	3344	47101	98.7753	6.21619	37	1
NODE_14_length_46328_cov_8.666393	1	46328	1297	40509	87.4396	2.433	35.9	1.1
NODE_26_length_33164_cov_59.471171	1	33164	4797	33004	99.5175	12.9011	37.8	0.988
NODE_27_length_32852_cov_6.310150	1	32852	103	7444	22.6592	0.272617	36	0.981
NODE_29_length_31681_cov_4.792196	1	31681	180	11669	36.8328	0.49525	36	1.03
NODE_32_length_29822_cov_3.040481	1	29822	1346	26874	90.1147	3.85397	35.3	7.79
NODE_37_length_23975_cov_6.355811	1	23975	1047	22706	94.707	3.82861	36.1	0.99
NODE_79_length_8516_cov_194.794823	1	8516	44	3164	37.1536	0.453617	37.5	1
NODE_109_length_6469_cov_258.754599	1	6469	20613	6469	100	282.493	36.9	0.996
NODE_117_length_6209_cov_39356.593760	1	6209	3440811	6209	100	48790.4	36.6	0.997
NODE_131_length_5556_cov_340.263043	1	5556	45180	5556	100	704.211	35.9	0.997
NODE_139_length_5354_cov_334.782412	1	5354	2995	5338	99.7012	48.4763	35.9	0.995
NODE_147_length_5084_cov_13961.725393	1	5084	139905	5084	100	2422.36	36.7	0.997
NODE_3_length_123329_cov_12.346099	1	123329	1869	85754	69.5327	1.35203	37.7	0.981
NODE_6_length_84822_cov_16.799037	1	84822	13523	84600	99.7383	14.1921	37.3	1.29
NODE_7_length_82293_cov_17.234271	1	82293	36934	82289	99.9951	38.5145	35.5	0.996
NODE_13_length_50138_cov_17.827646	1	50138	2037	45873	91.4935	3.52609	36	1.28
NODE_17_length_47511_cov_6.251033	1	47511	420	23972	50.4557	0.754562	35.6	0.957
NODE_22_length_41227_cov_3.669387	1	41227	230	15275	37.051	0.495598	36.9	0.991
NODE_24_length_39433_cov_10.753847	1	39433	2097	37462	95.0016	4.65278	36.3	22
NODE_34_length_29970_cov_6.653919	1	29970	2945	29668	98.9923	8.49186	35.9	0.994
NODE_35_length_29279_cov_5.928107	1	29279	2	182	0.621606	0.00621606	39.2	1
NODE_36_length_28663_cov_6.412088	1	28663	154	10804	37.6932	0.480515	36.6	1
NODE_39_length_25023_cov_3.154598	1	25023	312	16405	65.5597	1.09759	36.5	1.04
NODE_41_length_24643_cov_3.795713	1	24643	494	19000	77.101	1.69618	35	1
NODE_42_length_24457_cov_5.553315	1	24457	1239	22968	93.9118	4.40737	36.3	0.989
NODE_46_length_21332_cov_3.397377	1	21332	17	1379	6.46447	0.068348	35.2	1
NODE_52_length_17163_cov_9.937398	1	17163	97	6098	35.5299	0.471071	35.3	1
NODE_119_length_6469_cov_423.735111	1	6469	20938	6469	100	286.679	36.9	0.996
NODE_133_length_5840_cov_3038.520311	1	5840	23272	5840	100	349.535	36.2	2.38
NODE_140_length_5469_cov_7.356114	1	5469	2540	5469	100	36.1737	33.5	41.9
NODE_1_length_157272_cov_245.867635	1	157272	8946	150203	95.5052	5.07201	37.4	1.26
NODE_3_length_116508_cov_7.831949	1	116508	25801	116400	99.9073	19.6837	37.1	0.995
NODE_5_length_78818_cov_6.835964	1	78818	1279	43203	54.8136	1.4197	36.4	27.4
NODE_8_length_61519_cov_6.420002	1	61519	468	27955	45.4412	0.664266	36.1	1.04
NODE_11_length_55539_cov_10.359851	1	55539	569	31804	57.2643	0.896847	36.5	5.18
NODE_12_length_54742_cov_5.935359	1	54742	686	32930	60.1549	1.10557	36.5	13
NODE_15_length_49707_cov_409.118646	1	49707	2830	47975	96.5156	4.95371	36.2	3.1
NODE_19_length_46049_cov_20.145976	1	46049	82	6030	13.0947	0.155226	36.6	1
NODE_31_length_37539_cov_17.903879	1	37539	106	7426	19.7821	0.245585	36.1	1.17
NODE_32_length_37308_cov_5.588865	1	37308	118	8314	22.2848	0.277233	36.9	1.69
NODE_38_length_34710_cov_5.008022	1	34710	144	9907	28.5422	0.355344	35.8	0.993
NODE_39_length_34383_cov_15.503059	1	34383	109	7659	22.2755	0.282116	36.6	9.28
NODE_40_length_33198_cov_25.854600	1	33198	388	20406	61.4676	1.02898	36.6	1
NODE_41_length_33019_cov_71.818742	1	33019	76	5724	17.3355	0.199733	36.6	1
NODE_42_length_30783_cov_6.353228	1	30783	38	3153	10.2427	0.107429	36.2	1
NODE_43_length_30206_cov_3.324367	1	30206	78	5514	18.2547	0.227538	36.2	42
NODE_51_length_25704_cov_4.962455	1	25704	684	22028	85.6987	2.30707	35.9	0.994
NODE_60_length_19783_cov_3.659621	1	19783	3	273	1.37997	0.0137997	38.3	0.667
NODE_68_length_16862_cov_6.336764	1	16862	607	15394	91.294	3.0446	35.2	3.12
NODE_137_length_7399_cov_2.692266	1	7399	99	4622	62.4679	1.16272	36.9	0.99
NODE_157_length_6469_cov_65.568288	1	6469	20843	6469	100	285.356	36.8	0.996
NODE_164_length_6286_cov_3.027283	1	6286	22	1567	24.9284	0.309259	36.7	42
NODE_186_length_5556_cov_469.135975	1	5556	44903	5556	100	699.741	35.9	0.997
NODE_193_length_5407_cov_407.749626	1	5407	116407	5407	100	1895.04	36.4	1.33
NODE_194_length_5354_cov_104.200415	1	5354	2975	5344	99.8132	48.2783	35.9	0.986
NODE_196_length_5277_cov_172.009958	1	5277	72506	5277	100	1200.83	36.1	0.997
NODE_4_length_95966_cov_30.590652	1	95966	94333	95961	99.9948	86.5435	36.7	3.04
NODE_6_length_82210_cov_5.532554	1	82210	35861	82162	99.9416	37.4643	35.6	1.02
NODE_11_length_50594_cov_377.385821	1	50594	56924	50593	99.998	98.9314	36.4	1.17
NODE_15_length_36350_cov_5.563659	1	36350	2552	36096	99.3012	6.2071	37	1.01
NODE_16_length_36268_cov_5.202911	1	36268	384	20799	57.3481	0.931427	36.5	0.995
NODE_17_length_36060_cov_30.766366	1	36060	3196	35942	99.6728	7.67881	36.1	0.994
NODE_22_length_25354_cov_3.861378	1	25354	213	12556	49.5228	0.74221	36.8	1
NODE_25_length_22867_cov_5.385543	1	22867	71	4501	19.6834	0.270739	36.3	0.986
NODE_4_length_50595_cov_67.659972	1	50595	56205	50592	99.9941	97.673	36.5	0.994
NODE_9_length_29359_cov_4.137114	1	29359	1220	28346	96.5496	3.63878	36.3	1.35
NODE_22_length_12612_cov_2.735526	1	12612	647	11923	94.5369	4.39732	35.2	1.71
NODE_3_length_50595_cov_82.409794	1	50595	56610	50592	99.9941	98.3752	36.4	0.992
NODE_5_length_44363_cov_4.177530	1	44363	2579	42594	96.0124	5.06372	36.2	1.35
NODE_7_length_36147_cov_14.136346	1	36147	3342	35948	99.4495	8.0148	36	1.19
NODE_18_length_15213_cov_9.438580	1	15213	84786	15213	100	493.744	36.9	41.7
NODE_47_length_5840_cov_40.463440	1	5840	25220	5840	100	378.504	36.2	1.16
NODE_51_length_5556_cov_13.876568	1	5556	45622	5556	100	711.414	35.9	0.997
NODE_57_length_5407_cov_151.267377	1	5407	120045	5407	100	1953.29	36.4	1.02
NODE_62_length_5084_cov_1208.538278	1	5084	139995	5084	100	2424.51	36.6	0.997
NODE_2_length_148288_cov_23.186888	1	148288	11192	144064	97.1515	6.73516	37.5	12.7
NODE_6_length_84805_cov_14.802077	1	84805	13508	84652	99.8196	14.161	37.3	1.06
NODE_23_length_41397_cov_28.250593	1	41397	103	7834	18.9241	0.224581	38	1
NODE_24_length_41128_cov_5.105933	1	41128	3927	40909	99.4675	8.28842	35.9	1.02
NODE_25_length_41104_cov_10.069039	1	41104	558	26365	64.1422	1.19351	36.6	1.02
NODE_35_length_36642_cov_6.903080	1	36642	465	23250	63.4518	1.11629	36.6	0.994
NODE_42_length_32103_cov_4.370444	1	32103	1056	28578	89.0197	2.88543	36.8	41.5
NODE_45_length_29051_cov_4.288419	1	29051	27	2275	7.83106	0.0810643	37.1	1
NODE_47_length_27680_cov_4.110081	1	27680	453	18790	67.8829	1.41272	35.9	0.991
NODE_54_length_22851_cov_9.800140	1	22851	652	18989	83.0992	2.48313	36.2	1.02
NODE_102_length_12697_cov_5.155751	1	12697	1900	12611	99.3227	13.2575	37	5.18
NODE_158_length_8436_cov_3.682138	1	8436	30	2377	28.1769	0.31816	37.5	0.933
NODE_209_length_6209_cov_65496.679721	1	6209	3616910	6209	100	51316	36.6	1.21
NODE_235_length_5556_cov_134.878749	1	5556	45408	5556	100	707.174	35.8	0.997
NODE_249_length_5277_cov_379.647453	1	5277	72888	5277	100	1205.49	36.1	0.998
NODE_4_length_133646_cov_16.294571	1	133646	5282	121869	91.1879	3.47974	36.5	16.4
NODE_7_length_115553_cov_35.746429	1	115553	7664	110238	95.4004	5.92099	37.6	0.99
NODE_18_length_57319_cov_76.520624	1	57319	1997	49233	85.893	3.03733	36.2	0.994
NODE_24_length_50596_cov_1234.024079	1	50596	56420	50596	100	98.0588	36.4	0.993
NODE_35_length_43849_cov_26.763073	1	43849	336	19987	45.5814	0.668841	36.5	0.997
NODE_38_length_43069_cov_9.555959	1	43069	275	17025	39.5296	0.565859	36.8	1.18
NODE_42_length_41397_cov_33.888709	1	41397	110	8617	20.8155	0.236418	37.6	0.973
NODE_49_length_38057_cov_4.796748	1	38057	455	23825	62.6035	1.05505	36.9	14.5
NODE_51_length_37849_cov_4.749140	1	37849	37	3066	8.10061	0.0869508	37.3	0.973
NODE_53_length_36807_cov_5.676671	1	36807	218	13479	36.6208	0.500557	35.2	20.8
NODE_61_length_31489_cov_8.070020	1	31489	93	6772	21.5059	0.263902	36.9	1
NODE_63_length_27891_cov_6.995761	1	27891	404	18076	64.8094	1.27532	36.6	17
NODE_64_length_27677_cov_8.435522	1	27677	919	24828	89.7063	2.84688	35.6	1.75
NODE_69_length_26777_cov_5.823441	1	26777	293	14277	53.3181	0.913097	35.1	1.62
NODE_76_length_25339_cov_4.381387	1	25339	25	2027	7.99953	0.0896247	36.8	1
NODE_77_length_25099_cov_4.340960	1	25099	46	3851	15.3432	0.160484	36.2	6.35
NODE_78_length_24488_cov_6.858102	1	24488	1330	22871	93.3968	4.73003	36.2	41.8
NODE_80_length_24274_cov_3.099385	1	24274	790	20309	83.6657	2.77783	35.6	33.6
NODE_86_length_22502_cov_3.552991	1	22502	54	4294	19.0827	0.21487	37.3	8.61
NODE_101_length_17827_cov_4.586484	1	17827	1199	17388	97.5374	5.64688	35.2	1.56
NODE_110_length_17112_cov_3.368119	1	17112	93	5911	34.543	0.48241	36.3	1
NODE_192_length_8422_cov_5.291144	1	8422	29	1976	23.4624	0.308359	38.3	1
NODE_229_length_6678_cov_5.842066	1	6678	773	6645	99.5058	10.2468	37	1.09
NODE_261_length_5874_cov_27.383915	1	5874	2966	5835	99.3361	43.8321	36	0.992
NODE_4_length_127150_cov_117.090247	1	127150	1996	84965	66.8227	1.40052	37.6	0.994
NODE_7_length_88941_cov_46.993812	1	88941	5898	86354	97.0913	5.91576	37.5	18.6
NODE_11_length_72839_cov_23.773563	1	72839	2728	59369	81.5072	3.23844	35.9	41.8
NODE_21_length_59130_cov_12.292323	1	59130	247	17013	28.7722	0.371892	36.8	1
NODE_23_length_57177_cov_114.389377	1	57177	2144	49622	86.7866	3.27336	36.1	1.03
NODE_28_length_50596_cov_1491.292179	1	50596	56772	50596	100	98.6543	36.4	0.992
NODE_30_length_49587_cov_4.531979	1	49587	473	25627	51.6809	0.841612	36.3	0.939
NODE_35_length_46803_cov_6.051467	1	46803	925	35685	76.2451	1.73923	36.4	21.2
NODE_36_length_46752_cov_29.126753	1	46752	4391	46329	99.0952	8.16145	36	1.06
NODE_39_length_43620_cov_4.962217	1	43620	128	9698	22.2329	0.258826	36.7	0.992
NODE_40_length_43084_cov_6.633898	1	43084	16992	43058	99.9397	33.9217	35.6	1.32
NODE_45_length_40665_cov_4.748239	1	40665	673	29424	72.3571	1.46069	36.8	1.18
NODE_50_length_39226_cov_10.101606	1	39226	400	22192	56.5747	0.897721	36.7	41.6
NODE_56_length_37457_cov_9.262072	1	37457	139	9257	24.7137	0.321569	36	4.63
NODE_58_length_37241_cov_46.337493	1	37241	521	24494	65.7716	1.23042	36.5	1.31
NODE_59_length_37102_cov_7.659028	1	37102	565	24540	66.142	1.32279	35.8	1
NODE_60_length_36992_cov_10.212497	1	36992	201	12912	34.9048	0.485727	37.1	23.7
NODE_64_length_33972_cov_8.070260	1	33972	716	26644	78.4293	1.852	36.4	41.5
NODE_68_length_32950_cov_15.789907	1	32950	825	27864	84.5645	2.18452	36	1.01
NODE_75_length_29643_cov_5.344836	1	29643	50	3825	12.9036	0.151469	37.3	42
NODE_76_length_29309_cov_5.208553	1	29309	24	1985	6.77266	0.0718209	36.1	28.3
NODE_77_length_28348_cov_7.729650	1	28348	317	17128	60.4205	0.987936	37	0.972
NODE_80_length_27821_cov_14.253908	1	27821	884	24506	88.0845	2.75853	36.1	3.12
NODE_90_length_25254_cov_6.697329	1	25254	132	9203	36.4418	0.448325	36	0.985
NODE_92_length_24473_cov_5.235728	1	24473	24	2000	8.17227	0.0874024	36.1	0.917
NODE_98_length_23476_cov_4.904359	1	23476	41	3016	12.8472	0.156032	36.6	8.93
NODE_107_length_20703_cov_32.120399	1	20703	796	19548	94.4211	3.31643	35.8	0.995
NODE_118_length_18955_cov_3.719365	1	18955	1049	18148	95.7425	4.73891	35.7	41.8
NODE_119_length_18951_cov_5.567686	1	18951	2	157	0.828452	0.00828452	34.8	1
NODE_127_length_17877_cov_5.437717	1	17877	66	4672	26.1341	0.32058	35.9	41.9
NODE_337_length_5407_cov_169.755419	1	5407	117121	5407	100	1906.7	36.4	0.997
NODE_345_length_5277_cov_154.251628	1	5277	72007	5277	100	1191.46	36.1	0.998
NODE_17_length_37229_cov_5.527304	1	37229	499	23248	62.4459	1.1894	36.8	1.1
NODE_35_length_16708_cov_7.810064	1	16708	877	16023	95.9002	4.47756	35.3	2.85
NODE_79_length_6268_cov_7.561404	1	6268	1255	6233	99.4416	17.355	36	0.998
NODE_1_length_167064_cov_29.887916	1	167064	40398	166979	99.9491	21.4676	37.1	1.02
NODE_2_length_128004_cov_9.723710	1	128004	8044	123831	96.7399	5.59748	37.4	1.02
NODE_9_length_50597_cov_221.425567	1	50597	57168	50592	99.9901	99.3379	36.4	1.03
NODE_15_length_44579_cov_4.400862	1	44579	3046	44037	98.7842	5.94042	36.1	1.48
NODE_25_length_26906_cov_5.574876	1	26906	743	22129	82.2456	2.40939	35.9	2.01
NODE_66_length_7415_cov_2.395924	1	7415	131	5428	73.203	1.57856	37	2.63
NODE_81_length_6245_cov_24.756704	1	6245	1162	6212	99.4716	15.9736	35.7	1
NODE_98_length_5354_cov_128.256463	1	5354	2987	5349	99.9066	48.52	35.9	0.985
NODE_14_length_82374_cov_240.205894	1	82374	37078	82349	99.9697	38.6326	35.5	1
NODE_21_length_64073_cov_37.552313	1	64073	3979	60295	94.1036	5.4037	36.1	10.1
NODE_22_length_61496_cov_10.163685	1	61496	521	30354	49.3593	0.740422	36.3	0.994
NODE_27_length_56163_cov_10.570810	1	56163	467	25599	45.5798	0.734149	36.4	1.12
NODE_29_length_50686_cov_11.681381	1	50686	83	6331	12.4906	0.134731	35	1
NODE_34_length_49123_cov_12.946462	1	49123	179	12268	24.974	0.312684	35.5	16.3
NODE_35_length_48678_cov_17.660634	1	48678	360	21223	43.5988	0.629134	35.6	0.975
NODE_36_length_48286_cov_161.551720	1	48286	7762	47700	98.7864	14.3833	37.8	9.6
NODE_41_length_46049_cov_22.527873	1	46049	102	8272	17.9635	0.195574	37	1.77
NODE_42_length_46014_cov_7.064688	1	46014	423	23971	52.095	0.808797	36.5	1.36
NODE_44_length_45313_cov_24.797539	1	45313	5	435	0.959989	0.00959989	36.4	1
NODE_45_length_44530_cov_6.085261	1	44530	179	11725	26.3306	0.332136	34.7	9.2
NODE_50_length_42455_cov_9.957995	1	42455	544	26820	63.1728	1.11026	35.9	4.75
NODE_54_length_41545_cov_23.951314	1	41545	518	24510	58.9963	1.1054	37	1.64
NODE_56_length_41017_cov_5.694693	1	41017	49	3318	8.08933	0.0997635	35.3	41.2
NODE_58_length_39387_cov_195.566714	1	39387	880	32130	81.5751	1.95509	36.2	2
NODE_66_length_37340_cov_6.786992	1	37340	32	2699	7.22817	0.0755758	37.6	1.31
NODE_74_length_32607_cov_43.428176	1	32607	88	6802	20.8606	0.237618	36.3	0.977
NODE_76_length_32402_cov_4.278047	1	32402	139	8997	27.7668	0.379051	37	0.993
NODE_85_length_29888_cov_3.843428	1	29888	76	6131	20.5132	0.224572	36.8	1
NODE_86_length_29401_cov_5.339501	1	29401	33	2574	8.7548	0.095575	35.4	9.85
NODE_90_length_26510_cov_4.099074	1	26510	44	3046	11.49	0.142927	35.8	0.955
NODE_91_length_25386_cov_3.813628	1	25386	388	16798	66.1703	1.30438	35.5	0.861
NODE_98_length_23399_cov_4.973441	1	23399	190	10996	46.9935	0.716441	36.8	0.989
NODE_99_length_23338_cov_3.337113	1	23338	86	5997	25.6963	0.327235	37.2	0.988
NODE_100_length_23190_cov_23.457402	1	23190	190	11477	49.4912	0.710608	36.2	1.05
NODE_102_length_22820_cov_4.048935	1	22820	9	752	3.29535	0.0339614	36	1
NODE_137_length_15986_cov_191.716590	1	15986	16650	15895	99.4308	92.8744	37.3	4.61
NODE_142_length_15505_cov_266.883107	1	15505	4538	15352	99.0132	25.5859	36.3	7.43
NODE_286_length_7396_cov_5.191118	1	7396	122	5802	78.4478	1.47499	36.9	0.992
NODE_394_length_5277_cov_264.588280	1	5277	71881	5277	100	1188.38	36.1	0.997
NODE_2_length_111600_cov_9.640486	1	111600	1581	75102	67.2957	1.26567	37.6	0.989
NODE_9_length_45523_cov_3.740213	1	45523	7267	45402	99.7342	14.185	37.2	1.02
NODE_11_length_38676_cov_4.256959	1	38676	1490	35772	92.4915	3.39893	36.6	1.02
NODE_12_length_38621_cov_4.452264	1	38621	83	6079	15.7401	0.191709	37	0.976
NODE_14_length_36134_cov_22.605782	1	36134	3394	35752	98.9428	8.14828	36	1.02
NODE_16_length_32623_cov_3.888142	1	32623	2320	32171	98.6145	6.31312	37.1	0.991
NODE_23_length_22286_cov_4.358508	1	22286	182	11138	49.9776	0.727003	36.6	0.989
NODE_25_length_20188_cov_3.698455	1	20188	577	17436	86.3681	2.46438	36.1	0.988
NODE_50_length_10983_cov_6.236914	1	10983	3829	10913	99.3627	30.3964	36.2	0.997
NODE_97_length_5840_cov_82.570614	1	5840	26281	5840	100	394.466	36.2	1.66
NODE_1_length_291783_cov_17.309309	1	291783	136	10898	3.73497	0.0417468	37.6	2.07
NODE_2_length_224719_cov_12.772874	1	224719	69	5620	2.5009	0.0272251	37.6	1.12
NODE_5_length_146551_cov_138.816527	1	146551	132050	146500	99.9652	79.1571	36.6	1.02
NODE_9_length_107083_cov_7.960225	1	107083	1853	76899	71.8125	1.5416	37.5	0.976
NODE_18_length_51491_cov_4.309861	1	51491	887	37746	73.306	1.52229	36.7	1.88
NODE_23_length_46505_cov_8.013886	1	46505	1189	38980	83.8189	2.22714	36	1.05
NODE_28_length_40659_cov_13.346394	1	40659	250	15230	37.4579	0.535896	36.4	1.22
NODE_34_length_37084_cov_5.937697	1	37084	374	21222	57.2268	0.88491	36.4	0.96
NODE_37_length_29802_cov_5.098867	1	29802	272	16163	54.2346	0.805516	36.5	0.993
NODE_39_length_28630_cov_5.069326	1	28630	1090	26099	91.1596	3.28208	35.9	0.993
NODE_42_length_27529_cov_6.863980	1	27529	19	1470	5.33982	0.0626975	38.6	39.8
NODE_44_length_27445_cov_5.378131	1	27445	345	16622	60.5648	1.10614	36.6	0.997
NODE_46_length_25582_cov_5.547381	1	25582	1932	25324	98.9915	6.53131	35.8	0.998
NODE_48_length_24386_cov_133.440549	1	24386	7072	24073	98.7165	25.6938	36.8	41.8
NODE_60_length_14961_cov_14.778747	1	14961	2	131	0.87561	0.0087561	34.5	0
NODE_63_length_14529_cov_5.416955	1	14529	530	13600	93.6059	3.09402	35.1	2.36
NODE_85_length_9810_cov_429.929062	1	9810	19824	6469	65.9429	179.395	36.9	0.997
NODE_122_length_6209_cov_70622.697433	1	6209	3474201	6209	100	49278.2	36.6	0.997
NODE_136_length_5744_cov_864.749341	1	5744	3144	5736	99.8607	47.4227	35.9	1.42
NODE_147_length_5556_cov_89.738411	1	5556	46848	5556	100	731.387	35.9	0.997
NODE_1_length_224519_cov_7.116856	1	224519	83	6758	3.00999	0.0327322	37.9	0.976
NODE_2_length_167110_cov_64.689713	1	167110	40929	166999	99.9336	21.7209	37.1	0.992
NODE_4_length_142877_cov_8.785747	1	142877	56	4742	3.31894	0.0350581	37.5	0.964
NODE_5_length_139191_cov_8.620788	1	139191	57	4374	3.14244	0.0362595	37.2	0.719
NODE_21_length_49714_cov_4.278741	1	49714	892	37398	75.2263	1.58967	36.7	0.996
NODE_26_length_46532_cov_8.982421	1	46532	395	23128	49.7034	0.739212	36.3	0.952
NODE_28_length_46427_cov_14.788256	1	46427	1237	40765	87.8045	2.30924	35.9	0.994
NODE_29_length_46367_cov_11.001188	1	46367	4285	45742	98.6521	8.02081	35.9	0.994
NODE_30_length_46266_cov_83.710480	1	46266	6419	45573	98.5021	12.3675	37.4	1
NODE_31_length_43850_cov_11.756000	1	43850	343	20349	46.4059	0.693501	36.5	0.994
NODE_32_length_43436_cov_7.077891	1	43436	12	928	2.13648	0.0242886	37.2	1
NODE_35_length_40899_cov_23.333831	1	40899	201	13273	32.4531	0.438715	36.4	0.995
NODE_38_length_39875_cov_5.639704	1	39875	108	7628	19.1298	0.223047	34.4	1
NODE_46_length_36623_cov_13.706793	1	36623	442	23701	64.7162	1.05592	36.6	0.986
NODE_49_length_32431_cov_3.692241	1	32431	425	20475	63.134	1.16617	37.1	0.988
NODE_54_length_30192_cov_5.904702	1	30192	463	21049	69.7171	1.31131	35.3	1.02
NODE_56_length_28912_cov_8.397962	1	28912	26	2108	7.29109	0.0765426	34.7	7.54
NODE_58_length_27890_cov_4.360841	1	27890	117	8085	28.9889	0.363213	36.3	1.17
NODE_60_length_25063_cov_6.534149	1	25063	233	12912	51.5182	0.782189	35.1	1
NODE_87_length_14015_cov_251.795559	1	14015	12	1087	7.75598	0.0775598	37.6	1.83
NODE_101_length_12031_cov_26.306363	1	12031	1	91	0.756379	0.00756379	37.7	0
NODE_153_length_7396_cov_5.593380	1	7396	96	4737	64.0481	1.13791	37.4	0.979
NODE_173_length_6469_cov_774.838478	1	6469	21442	6468	99.9845	293.697	36.8	0.996
NODE_218_length_5084_cov_12194.464307	1	5084	132125	5084	100	2287.77	36.6	0.998
NODE_4_length_149990_cov_22.694054	1	149990	2422	105116	70.082	1.44172	37.7	9.41
NODE_11_length_90295_cov_118.359719	1	90295	60362	90295	100	58.6528	36.6	1.03
NODE_14_length_82304_cov_225.187151	1	82304	37362	82301	99.9964	38.9256	35.5	1.03
NODE_17_length_66579_cov_12.543699	1	66579	291	20665	31.0383	0.384686	36.8	1.98
NODE_28_length_50686_cov_13.389939	1	50686	93	6569	12.9602	0.151916	34.6	1
NODE_33_length_48678_cov_22.032392	1	48678	365	21831	44.8478	0.650396	35.6	0.973
NODE_34_length_48295_cov_29.851223	1	48295	4266	47743	98.857	7.65529	35.9	1.34
NODE_39_length_46496_cov_26.700803	1	46496	1248	40343	86.7666	2.33085	35.9	1.11
NODE_40_length_46294_cov_8.238197	1	46294	1724	41607	89.8756	3.23666	36.1	15.1
NODE_44_length_45871_cov_5.078160	1	45871	97	6926	15.0989	0.18443	36	1
NODE_49_length_42667_cov_9.849948	1	42667	14781	42661	99.9859	30.7198	36.9	41.8
NODE_52_length_42307_cov_7.097250	1	42307	52	4097	9.68398	0.106531	36.4	1
NODE_54_length_41741_cov_10.161829	1	41741	220	14823	35.5118	0.468676	36.8	1.18
NODE_55_length_41584_cov_17.221676	1	41584	620	26961	64.835	1.31931	36.8	1.4
NODE_65_length_38961_cov_7.399476	1	38961	24	1971	5.05891	0.0546701	37.1	0.917
NODE_66_length_38717_cov_7.546868	1	38717	191	12421	32.0815	0.409226	34.7	1.05
NODE_68_length_38440_cov_54.510460	1	38440	1453	33770	87.8512	3.22768	35.3	1.13
NODE_69_length_37272_cov_3.102802	1	37272	602	26015	69.7977	1.36869	35.4	12.2
NODE_77_length_34914_cov_4.634499	1	34914	94	6676	19.1213	0.232056	35.8	41.6
NODE_78_length_34810_cov_11.848741	1	34810	4	364	1.04568	0.0104568	36.9	21.5
NODE_82_length_32967_cov_14.811011	1	32967	255	15665	47.5172	0.663542	35.1	1.84
NODE_84_length_32573_cov_4.820715	1	32573	826	25123	77.1283	2.13969	35.4	41.8
NODE_85_length_32529_cov_5.865646	1	32529	159	10556	32.451	0.432722	37	1.06
NODE_86_length_32364_cov_4.582315	1	32364	211	13045	40.3071	0.570078	36.3	16.1
NODE_87_length_32215_cov_15.592506	1	32215	547	22289	69.1883	1.44712	35.2	1.83
NODE_88_length_32149_cov_48.332741	1	32149	120	8500	26.4394	0.32788	36.6	1.68
NODE_89_length_31829_cov_62.477403	1	31829	2575	30432	95.6109	6.848	35.2	23.2
NODE_90_length_31247_cov_3.493845	1	31247	2	172	0.550453	0.00550453	34.3	42
NODE_92_length_30284_cov_3.410831	1	30284	109	7927	26.1755	0.319211	37	9.61
NODE_94_length_29316_cov_3.978435	1	29316	2	101	0.344522	0.00613999	37.8	0
NODE_98_length_27642_cov_3.629318	1	27642	7	563	2.03676	0.0203676	33	1
NODE_99_length_27136_cov_4.809424	1	27136	91	6955	25.6302	0.295217	36.4	2.91
NODE_103_length_25437_cov_4.427586	1	25437	29	2201	8.65275	0.093879	35.2	1
NODE_110_length_22758_cov_8.333524	1	22758	199	11404	50.1099	0.771157	36.5	0.94
NODE_114_length_22362_cov_39.010266	1	22362	48	3865	17.2838	0.188221	36.5	1
NODE_119_length_21232_cov_24.778675	1	21232	311	14107	66.4422	1.28758	36.7	0.977
NODE_120_length_20547_cov_20.156207	1	20547	152	8033	39.0957	0.632696	35.5	41.2
NODE_181_length_12451_cov_62.323975	1	12451	8	647	5.19637	0.0581479	36.8	1
NODE_214_length_10360_cov_3.570597	1	10360	118	5745	55.4537	0.946429	35	41.2
NODE_278_length_7396_cov_6.279662	1	7396	88	4384	59.2753	1.0361	36.8	0.943
NODE_286_length_7275_cov_4.567867	1	7275	247	6544	89.9519	3.02653	36.9	42
NODE_309_length_6605_cov_445.087328	1	6605	3256	6578	99.5912	42.9591	36	2.56
NODE_21_length_46020_cov_7.992255	1	44173	0	0	0	0	0	0
NODE_15_length_35381_cov_29.469003	1	35381	0	0	0	0	0	0
NODE_99_length_5721_cov_1061.804977	1	5721	0	0	0	0	0	0
NODE_102_length_5581_cov_15638.208288	1	5581	0	0	0	0	0	0
NODE_104_length_5514_cov_1878.878732	1	5514	0	0	0	0	0	0
NODE_258_length_5581_cov_2813.330800	1	5581	0	0	0	0	0	0
NODE_262_length_5514_cov_38.326067	1	5514	0	0	0	0	0	0
NODE_7_length_46020_cov_16.937757	1	46020	0	0	0	0	0	0
NODE_14_length_35381_cov_20.886033	1	35381	0	0	0	0	0	0
NODE_23_length_52152_cov_8.571204	1	52152	0	0	0	0	0	0
NODE_27_length_46064_cov_34.699428	1	46064	0	0	0	0	0	0
NODE_64_length_26668_cov_4.755420	1	26668	0	0	0	0	0	0
NODE_205_length_5514_cov_740.579227	1	5514	0	0	0	0	0	0
NODE_24_length_43860_cov_6.177765	1	43860	0	0	0	0	0	0
NODE_103_length_15861_cov_5.174997	1	15861	0	0	0	0	0	0
NODE_235_length_5514_cov_1351.351346	1	5514	0	0	0	0	0	0
NODE_44_length_30436_cov_7.486422	1	30436	0	0	0	0	0	0
NODE_176_length_5514_cov_454.349698	1	5514	0	0	0	0	0	0
NODE_113_length_5514_cov_54.894486	1	5514	0	0	0	0	0	0
NODE_96_length_11662_cov_7.022019	1	11662	0	0	0	0	0	0
NODE_51_length_25928_cov_4.825185	1	25928	0	0	0	0	0	0
NODE_103_length_22548_cov_3.955764	1	22548	0	0	0	0	0	0
NODE_122_length_18523_cov_15.849144	1	18523	0	0	0	0	0	0
NODE_91_length_8647_cov_3.054702	1	8647	0	0	0	0	0	0
NODE_53_length_30710_cov_4.642636	1	30710	0	0	0	0	0	0
NODE_55_length_29701_cov_27.068205	1	29701	0	0	0	0	0	0
NODE_76_length_34918_cov_18.678370	1	34918	0	0	0	0	0	0
NODE_390_length_5581_cov_3.514839	1	5581	0	0	0	0	0	0
