#rname	startpos	endpos	numreads	covbases	coverage	meandepth	meanbaseq	meanmapq
DAS_Check_Bin_09_k119_41989:3-49450	1	45022	9578	44659	99.1937	18.3864	36.1	41.6
NODE_39_length_37768_cov_25.508657	1	35529	1495	33182	93.3941	3.68392	36.7	0.986
NODE_21_length_46020_cov_7.992255	1	44173	1296	39463	89.3374	2.57499	36.7	1.09
NODE_68_length_36781_cov_8.797283	1	22515	11	376	1.67	0.0394404	36.5	8.82
NODE_18_length_65286_cov_9.613313	1	61998	92	7304	11.781	0.12873	36.4	1.34
DAS_Check_Bin_01_k119_158026:3-190576	1	190574	22	1898	0.995939	0.010227	36.5	42
DAS_Check_Bin_01_k119_45347:194-20015	1	19822	3	205	1.0342	0.0132681	37.4	26.7
DAS_Check_Bin_07_k119_159765:247-42184	1	41938	2	179	0.426821	0.00426821	36.4	42
NODE_10_length_44613_cov_10.908120	1	44613	717	32005	71.7392	1.37455	35.9	0.99
NODE_13_length_36623_cov_12.491687	1	36623	950	30308	82.7567	2.27911	36.6	0.985
NODE_14_length_36060_cov_13.057825	1	36060	2307	34687	96.1925	5.50155	36.1	1
NODE_16_length_35370_cov_4.255189	1	35370	3109	35203	99.5278	7.70045	36.7	1.02
NODE_18_length_31157_cov_3.163269	1	31157	3879	31081	99.7561	10.9016	36.8	0.98
NODE_22_length_23860_cov_5.129553	1	23860	932	23038	96.5549	3.38806	36.3	5.4
NODE_25_length_23308_cov_5.171419	1	23308	95	6747	28.9471	0.350438	36	1
NODE_28_length_21720_cov_3.485299	1	21720	433	15644	72.0258	1.6779	35.3	1.18
NODE_38_length_13971_cov_7.375898	1	13971	36708	13971	100	231.988	37.1	0.982
NODE_39_length_13673_cov_7.531429	1	13673	1976	13550	99.1004	12.8391	37.3	2.4
NODE_86_length_6245_cov_8.653635	1	6245	19	1542	24.6918	0.270777	35.9	1
NODE_88_length_6209_cov_8.324829	1	6209	207	5681	91.4962	2.87679	35.4	0.995
NODE_96_length_5842_cov_1098.051840	1	5842	1939	5786	99.0414	28.7973	36.2	1.06
NODE_99_length_5721_cov_1061.804977	1	5721	156272	5721	100	2354.65	36.1	41.6
NODE_102_length_5581_cov_15638.208288	1	5581	373914	5581	100	5809.89	36.4	0.991
NODE_104_length_5514_cov_1878.878732	1	5514	18709	5513	99.9819	292.671	36.1	1.04
NODE_105_length_5492_cov_29.344308	1	5492	1	83	1.51129	0.0151129	32.1	1
NODE_109_length_5407_cov_11252.763079	1	5407	2658	5405	99.963	42.9406	36.3	1.44
NODE_120_length_5084_cov_34199.553390	1	5084	1083073	5084	100	18672	36.7	1.02
NODE_2_length_172485_cov_32.775068	1	172485	209779	172483	99.9988	107.783	37.3	1.07
NODE_6_length_61068_cov_9.739465	1	61068	8345	60905	99.7331	12.013	36.8	1.06
NODE_7_length_58087_cov_6.947994	1	58087	4977	57725	99.3768	7.52688	36.8	0.993
NODE_11_length_41469_cov_25.463877	1	41469	2387	40157	96.8362	5.04659	36.7	1.33
NODE_12_length_40031_cov_3.840454	1	40031	11087	40031	100	24.467	37	41.5
NODE_17_length_37325_cov_319.259539	1	37325	24953	37323	99.9946	59.2932	37.2	0.983
NODE_19_length_36060_cov_32.684877	1	36060	2407	35107	97.3572	5.74065	36.1	0.992
NODE_23_length_32292_cov_5.397959	1	32292	853	26084	80.7754	2.26282	36	0.991
NODE_24_length_31545_cov_5.801683	1	31545	738	24910	78.9666	1.92636	34.9	24.3
NODE_28_length_27475_cov_4.040518	1	27475	93	6900	25.1137	0.286333	35.5	1.67
NODE_30_length_25734_cov_5.275400	1	25734	1980	25390	98.6632	6.79863	37.1	0.985
NODE_31_length_25359_cov_5.009406	1	25359	222	12632	49.8127	0.774755	36.9	0.991
NODE_41_length_22305_cov_25.908899	1	22305	2963	22186	99.4665	11.3555	35.9	1.31
NODE_42_length_22193_cov_5.490695	1	22193	2138	21842	98.4184	8.27527	36	41
NODE_48_length_18890_cov_3.341333	1	18890	2076	18857	99.8253	9.60868	36.6	0.983
NODE_52_length_17580_cov_3.189843	1	17580	230	11408	64.8919	1.10444	35.4	1.47
NODE_214_length_6245_cov_8.318255	1	6245	20	1614	25.8447	0.269816	36	1
NODE_217_length_6209_cov_8.798343	1	6209	219	5576	89.8051	2.96521	35.4	0.991
NODE_258_length_5581_cov_2813.330800	1	5581	459877	5581	100	7162.47	36.3	2.05
NODE_262_length_5514_cov_38.326067	1	5514	21642	5514	100	339.282	36.1	0.997
NODE_268_length_5407_cov_226.692078	1	5407	2856	5404	99.9445	46.3135	36.4	0.993
NODE_292_length_5084_cov_88208.156095	1	5084	1083650	5084	100	18681.2	36.7	1.04
NODE_7_length_46020_cov_16.937757	1	46020	1426	40847	88.7592	2.70867	36.7	0.985
NODE_9_length_43915_cov_6.954241	1	43915	730	31895	72.6289	1.43215	36.1	0.989
NODE_10_length_38461_cov_14.877649	1	38461	920	31206	81.1367	2.09176	36.7	14.6
NODE_12_length_36623_cov_10.841993	1	36623	851	29559	80.7116	2.03528	36.7	0.981
NODE_14_length_35381_cov_20.886033	1	35381	2	151	0.426783	0.00426783	33.9	1
NODE_16_length_25443_cov_3.831850	1	25443	2070	25338	99.5873	7.11944	36.6	0.989
NODE_25_length_21201_cov_4.167171	1	21201	813	19775	93.2739	3.3247	36.1	1.31
NODE_34_length_13780_cov_2.793515	1	13780	78	5260	38.1713	0.495718	35.8	0.987
NODE_39_length_12439_cov_7.203731	1	12439	34367	12439	100	244.251	37.1	2.49
NODE_57_length_7439_cov_2.481446	1	7439	10	705	9.47708	0.122194	37.7	42
NODE_72_length_6209_cov_12.989275	1	6209	218	5635	90.7554	2.99565	35.7	0.991
NODE_76_length_5842_cov_1509.613790	1	5842	1891	5804	99.3495	28.0346	36.2	1.01
NODE_89_length_5277_cov_5.447721	1	5277	239	5204	98.6166	3.91131	36.1	0.996
NODE_4_length_238892_cov_6.753413	1	238892	19404	231929	97.0853	7.09825	36.5	18.7
NODE_5_length_189738_cov_6.430987	1	189738	22223	187859	99.0097	10.2392	36.6	31.8
NODE_10_length_119230_cov_6.136941	1	119230	9464	118601	99.4724	6.92693	36.4	1.5
NODE_12_length_90299_cov_8.811644	1	90299	4049	83851	92.8593	3.98915	37.4	41.5
NODE_13_length_76125_cov_44.994597	1	76125	26387	72541	95.292	30.7148	37.2	0.983
NODE_18_length_62590_cov_137.633981	1	62590	4331	61080	97.5875	5.90745	35.8	40.7
NODE_20_length_55983_cov_7.738449	1	55983	2517	50028	89.3628	3.90588	36.3	26.8
NODE_23_length_52152_cov_8.571204	1	52152	291	18664	35.7877	0.498543	37.8	41.2
NODE_24_length_47733_cov_200.310583	1	47733	52392	47733	100	97.1076	37.1	2.16
NODE_27_length_46064_cov_34.699428	1	46064	1478	40814	88.6028	2.79722	36.6	0.993
NODE_32_length_43849_cov_21.327442	1	43849	3916	43732	99.7332	7.82203	36.7	1.07
NODE_34_length_42243_cov_6.125960	1	42243	2500	41196	97.5215	5.21717	36.9	0.989
NODE_40_length_37489_cov_12.035128	1	37489	774	29417	78.4684	1.72208	35.1	0.991
NODE_41_length_37113_cov_5.778240	1	37113	934	29955	80.713	2.1829	36.1	0.978
NODE_44_length_36060_cov_186.741564	1	36060	2338	34797	96.4975	5.55982	36.1	0.99
NODE_57_length_28964_cov_3.647964	1	28964	1896	28113	97.0619	5.69752	36.2	41.5
NODE_58_length_28915_cov_2.851594	1	28915	719	23582	81.5563	2.17804	36.6	0.979
NODE_61_length_27709_cov_4.008787	1	27709	550	21185	76.4553	1.70739	35.9	1.33
NODE_63_length_26925_cov_11.515333	1	26925	381	18117	67.2869	1.1987	35.3	1.69
NODE_64_length_26668_cov_4.755420	1	26668	168	10192	38.2181	0.535023	35.7	1.66
NODE_66_length_25532_cov_5.218589	1	25532	1602	25050	98.1122	5.49573	36.6	1.79
NODE_69_length_23559_cov_18.031867	1	23559	6139	23558	99.9958	22.465	36.2	17.1
NODE_71_length_22160_cov_3.786655	1	22160	447	17582	79.3412	1.78001	36.6	1.31
NODE_86_length_17581_cov_4.636540	1	17581	206	10740	61.0887	1.03527	37	36.7
NODE_94_length_15427_cov_6.269321	1	15427	1077	15176	98.373	5.78097	34.9	41.8
NODE_95_length_15356_cov_3.584733	1	15356	987	14971	97.4928	5.48711	35.3	12
NODE_113_length_12763_cov_3.351196	1	12763	75	5223	40.923	0.508893	36.4	33.3
NODE_165_length_6963_cov_2699.768674	1	6963	18432	6962	99.9856	233.578	37	1.09
NODE_180_length_6209_cov_8.318817	1	6209	205	5723	92.1727	2.75246	35.1	1
NODE_194_length_5842_cov_59.714187	1	5842	4136	5824	99.6919	61.9469	36.3	5.36
NODE_203_length_5535_cov_3.585219	1	5535	41	2697	48.7263	0.631256	35.3	40.9
NODE_205_length_5514_cov_740.579227	1	5514	25195	5514	100	395.621	36.1	1.47
NODE_209_length_5407_cov_424.684417	1	5407	2669	5406	99.9815	43.1931	36.4	1.02
NODE_212_length_5277_cov_13.385101	1	5277	244	5185	98.2566	3.98749	36.2	0.984
NODE_213_length_5084_cov_56753.835156	1	5084	1160694	5084	100	19983.2	36.7	0.996
NODE_3_length_160031_cov_246.186322	1	160031	183852	160031	100	101.876	37.3	1.02
NODE_4_length_135187_cov_5.588891	1	135187	6262	129325	95.6638	4.04656	36.5	1.1
NODE_11_length_82624_cov_5.458404	1	82624	5611	81345	98.452	5.93363	36.4	1
NODE_20_length_47234_cov_31.155747	1	47234	6994	46647	98.7573	12.7804	36.1	2.88
NODE_22_length_45867_cov_5.463743	1	45867	761	34794	75.8585	1.43559	36	1.12
NODE_24_length_43860_cov_6.177765	1	43860	2240	41366	94.3137	4.41206	36.3	41.6
NODE_25_length_43849_cov_10.709458	1	43849	3703	43660	99.569	7.4076	36.7	0.991
NODE_27_length_42291_cov_8.031513	1	42291	2455	41415	97.9286	5.10726	36.8	0.984
NODE_30_length_41337_cov_7.787607	1	41337	958	32146	77.7657	2.00837	36	0.992
NODE_33_length_39957_cov_24.373239	1	39957	5977	39728	99.4269	13.0111	36.2	4.39
NODE_34_length_38904_cov_21.835774	1	38904	24850	38697	99.4679	56.5903	37.2	0.984
NODE_37_length_37729_cov_6.620083	1	37729	1639	35865	95.0595	3.80336	36.7	1.01
NODE_38_length_37629_cov_17.014451	1	37629	825	30195	80.244	1.82423	35.1	0.988
NODE_42_length_35867_cov_6.690467	1	35867	847	25218	70.3098	1.99283	35.3	41.7
NODE_43_length_35817_cov_5.543007	1	35817	554	24319	67.8979	1.35877	36.8	11.5
NODE_46_length_35128_cov_9.695264	1	35128	8418	35128	100	21.0668	36.7	30.3
NODE_47_length_34443_cov_6.100820	1	34443	1900	33342	96.8034	4.92175	37.9	41.3
NODE_49_length_32550_cov_5.505924	1	32550	487	22026	67.6682	1.2529	35.2	13.7
NODE_72_length_21497_cov_3.547617	1	21497	1220	20450	95.1296	4.95748	36.5	41.4
NODE_77_length_19576_cov_17.607807	1	19576	4407	19556	99.8978	19.4261	36.1	12.9
NODE_103_length_15861_cov_5.174997	1	15861	1309	15611	98.4238	7.29248	37.1	41.7
NODE_210_length_6209_cov_9.798343	1	6209	213	5767	92.8813	2.96006	35.5	0.995
NODE_235_length_5514_cov_1351.351346	1	5514	23224	5514	100	364.544	36.1	1.38
NODE_243_length_5277_cov_12.775565	1	5277	268	5027	95.2625	4.37787	36.2	1
NODE_249_length_5084_cov_78920.386956	1	5084	1160609	5084	100	19991.6	36.6	0.996
NODE_1_length_164730_cov_5.305092	1	164730	17704	164143	99.6437	9.38205	36.5	20.2
NODE_2_length_124404_cov_11.033221	1	124404	7255	119902	96.3811	5.19348	37.6	2.08
NODE_4_length_117427_cov_5.768318	1	117427	4685	110038	93.7076	3.49276	36.6	1.08
NODE_8_length_96678_cov_134.288192	1	96678	75583	96677	99.999	69.3167	37.3	0.982
NODE_28_length_43893_cov_22.428281	1	43893	3804	43720	99.6059	7.60028	36.7	1.04
NODE_29_length_42291_cov_14.926058	1	42291	2508	41421	97.9428	5.23168	36.9	0.99
NODE_33_length_37337_cov_16.555415	1	37337	6325	37055	99.2447	14.5414	36	2.46
NODE_34_length_37325_cov_110.555514	1	37325	24904	37325	100	59.1539	37.3	0.983
NODE_36_length_36495_cov_5.297722	1	36495	1565	34262	93.8814	3.74128	36.7	0.995
NODE_38_length_36114_cov_4.509720	1	36114	1163	32888	91.0672	2.85477	37.1	1.02
NODE_39_length_36060_cov_13.462408	1	36060	2277	34640	96.0621	5.43688	36	1.04
NODE_48_length_30963_cov_4.644332	1	30963	2190	30653	98.9988	6.31874	37.9	12.5
NODE_54_length_29179_cov_6.736266	1	29179	855	25184	86.3086	2.58868	36.8	0.999
NODE_66_length_21974_cov_4.464985	1	21974	489	17149	78.0422	1.86143	35.2	0.998
NODE_181_length_6454_cov_8661.914049	1	6454	1008013	6454	100	13763.6	36.8	12.6
NODE_228_length_5277_cov_15.499043	1	5277	253	5057	95.831	4.19557	36.1	0.992
NODE_232_length_5084_cov_53965.325313	1	5084	1145699	5084	100	19722.5	36.7	0.996
NODE_2_length_164227_cov_5.664328	1	164227	9150	158269	96.3721	4.8692	36.5	0.995
NODE_17_length_61395_cov_5.757956	1	61395	3647	60031	97.7783	5.19153	36.5	1.07
NODE_26_length_47746_cov_5.112222	1	47746	4895	47377	99.2272	9.16177	37.8	28.4
NODE_31_length_42291_cov_15.102069	1	42291	2736	41521	98.1793	5.71358	36.9	0.992
NODE_44_length_30436_cov_7.486422	1	30436	6056	30244	99.3692	17.771	37.8	41.3
NODE_48_length_29632_cov_4.402171	1	29632	581	22466	75.8167	1.63489	35.2	0.991
NODE_50_length_28964_cov_4.022381	1	28964	1303	27392	94.5726	3.95491	36.7	0.993
NODE_51_length_27921_cov_3.034092	1	27921	509	21414	76.695	1.56556	36	0.996
NODE_55_length_25017_cov_5.657880	1	25017	963	23137	92.4851	3.3215	36.2	1.3
NODE_56_length_24833_cov_5.809872	1	24833	666	21037	84.7139	2.35018	36.8	0.991
NODE_97_length_12527_cov_5.050513	1	12527	1091	12222	97.5653	7.78542	37.6	3.14
NODE_176_length_5514_cov_454.349698	1	5514	22750	5514	100	356.497	36.1	1.09
NODE_184_length_5277_cov_11.715818	1	5277	252	5133	97.2712	4.09608	35.9	0.992
NODE_193_length_5034_cov_15.769632	1	5034	2345	5029	99.9007	39.9835	35.9	23.3
NODE_1_length_114607_cov_10.147007	1	114607	172285	114605	99.9983	133.187	37.3	0.985
NODE_4_length_36816_cov_7.960991	1	36816	872	28345	76.991	2.03873	36	0.995
NODE_5_length_36230_cov_4.885114	1	36230	357	20989	57.9327	0.868148	36.9	41.3
NODE_10_length_27385_cov_7.189535	1	27385	21473	27353	99.8831	69.5062	37.2	0.988
NODE_11_length_26673_cov_11.045683	1	26673	1998	26393	98.9502	6.40295	35.8	0.984
NODE_20_length_17239_cov_6.178596	1	17239	48	3453	20.0302	0.240095	36	1
NODE_86_length_6209_cov_9.690445	1	6209	209	5798	93.3806	2.88356	35.4	0.986
NODE_113_length_5514_cov_54.894486	1	5514	22040	5514	100	344.862	36.1	1.23
NODE_124_length_5277_cov_25.805247	1	5277	266	5209	98.7114	4.37957	36.1	1.3
NODE_1_length_167064_cov_31.023334	1	167064	6	534	0.319638	0.00319638	36	1
NODE_7_length_61042_cov_7.357896	1	61042	8181	61020	99.964	11.7752	36.8	1.14
NODE_11_length_50106_cov_8.639548	1	50106	1201	39285	78.4038	2.0661	36	1.3
NODE_13_length_47685_cov_12.449024	1	47685	49238	47649	99.9245	91.184	37	1.03
NODE_14_length_46328_cov_8.666393	1	46328	171	12509	27.0009	0.318296	36	0.93
NODE_26_length_33164_cov_59.471171	1	33164	130	5981	18.0346	0.348782	38	0.877
NODE_27_length_32852_cov_6.310150	1	32852	1138	29854	90.8742	2.99823	36.3	0.989
NODE_29_length_31681_cov_4.792196	1	31681	21	1689	5.33127	0.0553328	35.7	0.905
NODE_32_length_29822_cov_3.040481	1	29822	4	267	0.895312	0.00895312	33.1	1
NODE_109_length_6469_cov_258.754599	1	6469	56497	6469	100	763.989	36.8	0.975
NODE_117_length_6209_cov_39356.593760	1	6209	212	5838	94.0248	2.89628	35.3	1
NODE_131_length_5556_cov_340.263043	1	5556	7379	5552	99.928	113.956	35.9	0.998
NODE_139_length_5354_cov_334.782412	1	5354	423	4615	86.1972	6.73963	35.8	0.939
NODE_147_length_5084_cov_13961.725393	1	5084	958883	5084	100	16494.7	36.6	0.996
NODE_3_length_123329_cov_12.346099	1	123329	7089	119345	96.7696	5.11527	37.5	0.984
NODE_6_length_84822_cov_16.799037	1	84822	8	688	0.81111	0.0081111	36.4	1
NODE_7_length_82293_cov_17.234271	1	82293	9	669	0.812949	0.00921099	36.1	1
NODE_13_length_50138_cov_17.827646	1	50138	1098	38317	76.4231	1.87149	35.9	1.39
NODE_17_length_47511_cov_6.251033	1	47511	22	1781	3.74861	0.0393172	35.7	1.45
NODE_22_length_41227_cov_3.669387	1	41227	3956	41037	99.5391	8.45548	36.9	0.987
NODE_24_length_39433_cov_10.753847	1	39433	6	507	1.28573	0.0128573	35.1	14.5
NODE_34_length_29970_cov_6.653919	1	29970	55	4015	13.3967	0.159893	35.8	0.891
NODE_35_length_29279_cov_5.928107	1	29279	86	2975	10.1609	0.258137	38.3	0.523
NODE_36_length_28663_cov_6.412088	1	28663	71	5167	18.0267	0.216167	36.1	0.972
NODE_39_length_25023_cov_3.154598	1	25023	8	673	2.68953	0.0268953	36	1
NODE_41_length_24643_cov_3.795713	1	24643	110	7460	30.2723	0.374427	34.8	1
NODE_42_length_24457_cov_5.553315	1	24457	1950	24194	98.9246	6.87239	36.3	0.98
NODE_46_length_21332_cov_3.397377	1	21332	74	5072	23.7765	0.295518	35.6	0.973
NODE_52_length_17163_cov_9.937398	1	17163	97	6261	36.4796	0.485521	36.2	0.969
NODE_119_length_6469_cov_423.735111	1	6469	56633	6469	100	766.428	36.8	0.976
NODE_133_length_5840_cov_3038.520311	1	5840	719	5518	94.4863	10.5771	35.9	1.28
NODE_140_length_5469_cov_7.356114	1	5469	9297	5469	100	141.64	34.8	41.9
NODE_1_length_157272_cov_245.867635	1	157272	154371	154264	98.0874	87.0237	37.3	0.988
NODE_3_length_116508_cov_7.831949	1	116508	6	484	0.415422	0.00434305	34.4	1
NODE_5_length_78818_cov_6.835964	1	78818	1847	57261	72.6496	2.03808	36.4	25.1
NODE_8_length_61519_cov_6.420002	1	61519	98	7691	12.5018	0.137649	36.6	1
NODE_11_length_55539_cov_10.359851	1	55539	29	2429	4.3735	0.0454455	36.5	0.897
NODE_12_length_54742_cov_5.935359	1	54742	248	16121	29.4491	0.391217	36.4	10.2
NODE_15_length_49707_cov_409.118646	1	49707	73	5406	10.8757	0.122417	35.3	8.04
NODE_19_length_46049_cov_20.145976	1	46049	1097	39157	85.0333	2.08107	36.7	0.977
NODE_31_length_37539_cov_17.903879	1	37539	1168	32771	87.2985	2.69104	36.2	1.11
NODE_32_length_37308_cov_5.588865	1	37308	126	9107	24.4103	0.300043	37.1	1
NODE_38_length_34710_cov_5.008022	1	34710	707	27031	77.8767	1.7325	35.6	0.997
NODE_39_length_34383_cov_15.503059	1	34383	1118	30484	88.6601	2.81846	36.3	16.9
NODE_40_length_33198_cov_25.854600	1	33198	19	1575	4.74426	0.0515392	36.6	0.632
NODE_41_length_33019_cov_71.818742	1	33019	23	1754	5.31209	0.0574215	35.2	1
NODE_42_length_30783_cov_6.353228	1	30783	563	23881	77.5785	1.60023	36.7	0.982
NODE_43_length_30206_cov_3.324367	1	30206	39	3078	10.19	0.114812	37.1	42
NODE_51_length_25704_cov_4.962455	1	25704	128	8809	34.2709	0.431178	35.9	0.961
NODE_60_length_19783_cov_3.659621	1	19783	5	368	1.86018	0.0229995	38.8	0
NODE_68_length_16862_cov_6.336764	1	16862	189	8797	52.1706	0.954869	35.7	4.44
NODE_137_length_7399_cov_2.692266	1	7399	2	182	2.45979	0.0245979	38.4	1
NODE_157_length_6469_cov_65.568288	1	6469	56151	6469	100	759.938	36.8	0.978
NODE_186_length_5556_cov_469.135975	1	5556	7290	5555	99.982	112.444	35.9	1.02
NODE_193_length_5407_cov_407.749626	1	5407	1678	5353	99.0013	27.008	36.3	1
NODE_194_length_5354_cov_104.200415	1	5354	463	4902	91.5577	7.38065	35.9	0.898
NODE_196_length_5277_cov_172.009958	1	5277	252	5062	95.9257	4.17245	36.2	0.984
NODE_4_length_95966_cov_30.590652	1	95966	28516	95831	99.8593	26.013	36.7	4.35
NODE_6_length_82210_cov_5.532554	1	82210	16	1211	1.47306	0.0156915	34.7	1
NODE_11_length_50594_cov_377.385821	1	50594	48	3610	7.13523	0.0798711	35.1	0.979
NODE_15_length_36350_cov_5.563659	1	36350	34515	36331	99.9477	83.7366	37	0.989
NODE_16_length_36268_cov_5.202911	1	36268	903	29987	82.6817	2.17853	36.7	0.997
NODE_17_length_36060_cov_30.766366	1	36060	2087	33809	93.7576	4.98594	36	0.984
NODE_22_length_25354_cov_3.861378	1	25354	1931	25096	98.9824	6.65445	36.7	0.982
NODE_25_length_22867_cov_5.385543	1	22867	628	20285	88.7086	2.37303	36.2	1.04
NODE_4_length_50595_cov_67.659972	1	50595	55	4338	8.57397	0.0907995	35.2	0.982
NODE_9_length_29359_cov_4.137114	1	29359	35	2823	9.61545	0.103954	35.8	1
NODE_22_length_12612_cov_2.735526	1	12612	103	5157	40.8896	0.67967	34.9	1.1
NODE_3_length_50595_cov_82.409794	1	50595	41	3294	6.51052	0.0672794	35.1	1
NODE_5_length_44363_cov_4.177530	1	44363	63	4734	10.6711	0.11895	35.5	0.857
NODE_7_length_36147_cov_14.136346	1	36147	2134	34071	94.2568	5.07954	36.1	1.22
NODE_18_length_15213_cov_9.438580	1	15213	18	1376	9.0449	0.0966936	35.5	42
NODE_47_length_5840_cov_40.463440	1	5840	563	5274	90.3082	8.19983	35.8	0.991
NODE_51_length_5556_cov_13.876568	1	5556	7274	5556	100	112.007	35.9	0.976
NODE_57_length_5407_cov_151.267377	1	5407	1645	5292	97.8731	26.5408	36.4	0.992
NODE_62_length_5084_cov_1208.538278	1	5084	960075	5084	100	16517.3	36.6	0.992
NODE_2_length_148288_cov_23.186888	1	148288	50	1298	0.875324	0.0301171	38	1.76
NODE_6_length_84805_cov_14.802077	1	84805	6	500	0.589588	0.00640292	37	1
NODE_24_length_41128_cov_5.105933	1	41128	82	6103	14.839	0.169009	35.9	0.951
NODE_25_length_41104_cov_10.069039	1	41104	21	1478	3.59576	0.0445455	35.8	0.81
NODE_35_length_36642_cov_6.903080	1	36642	845	29734	81.1473	2.01826	36.6	0.991
NODE_42_length_32103_cov_4.370444	1	32103	585	5544	17.2694	1.60107	36.6	37.3
NODE_45_length_29051_cov_4.288419	1	29051	1886	28370	97.6558	5.73323	37	0.992
NODE_51_length_25928_cov_4.825185	1	25928	33	1475	5.68883	0.111077	37.5	0.697
NODE_54_length_22851_cov_9.800140	1	22851	2202	22612	98.9541	8.24809	36	1.02
NODE_102_length_12697_cov_5.155751	1	12697	38499	12697	100	267.675	37.1	2.75
NODE_209_length_6209_cov_65496.679721	1	6209	185	5754	92.6719	2.51892	35.4	0.989
NODE_235_length_5556_cov_134.878749	1	5556	7162	5555	99.982	110.669	35.9	1.04
NODE_249_length_5277_cov_379.647453	1	5277	274	5109	96.8164	4.52625	36.2	1
NODE_4_length_133646_cov_16.294571	1	133646	1132	37930	28.3809	0.733258	36.5	1.23
NODE_7_length_115553_cov_35.746429	1	115553	82	2299	1.98956	0.0633822	37.6	0.951
NODE_18_length_57319_cov_76.520624	1	57319	507	19884	34.6901	0.768524	36.3	0.947
NODE_24_length_50596_cov_1234.024079	1	50596	33	2698	5.33244	0.0567041	35	1
NODE_35_length_43849_cov_26.763073	1	43849	3706	43405	98.9874	7.41128	36.7	0.987
NODE_38_length_43069_cov_9.555959	1	43069	441	24215	56.2237	0.89554	36.6	1.2
NODE_49_length_38057_cov_4.796748	1	38057	2765	23201	60.9638	6.37368	36.8	11.7
NODE_51_length_37849_cov_4.749140	1	37849	2389	36810	97.2549	5.5592	36.9	1.06
NODE_53_length_36807_cov_5.676671	1	36807	297	15536	42.2094	0.687016	35.8	23.4
NODE_61_length_31489_cov_8.070020	1	31489	288	15210	48.3026	0.804186	36.8	0.997
NODE_63_length_27891_cov_6.995761	1	27891	18	529	1.89667	0.0540676	36.5	5.28
NODE_64_length_27677_cov_8.435522	1	27677	8	656	2.3702	0.0253279	35.5	1
NODE_69_length_26777_cov_5.823441	1	26777	629	21564	80.5318	1.95761	35.1	2.12
NODE_76_length_25339_cov_4.381387	1	25339	443	18592	73.3731	1.53921	36.6	0.993
NODE_77_length_25099_cov_4.340960	1	25099	312	15351	61.1618	1.07474	36.4	6.64
NODE_78_length_24488_cov_6.858102	1	24488	215	11475	46.8597	0.755635	36.1	41.8
NODE_80_length_24274_cov_3.099385	1	24274	41	2406	9.91184	0.137225	35.3	38
NODE_86_length_22502_cov_3.552991	1	22502	238	9721	43.2006	0.933517	37	9.2
NODE_101_length_17827_cov_4.586484	1	17827	3162	17775	99.7083	14.8303	35.2	1.83
NODE_110_length_17112_cov_3.368119	1	17112	114	7097	41.4738	0.577256	35.9	0.982
NODE_229_length_6678_cov_5.842066	1	6678	18121	6678	100	239.831	37.1	1.31
NODE_261_length_5874_cov_27.383915	1	5874	544	5251	89.3939	7.95625	36	0.952
NODE_4_length_127150_cov_117.090247	1	127150	6900	121229	95.3433	4.83863	37.6	0.983
NODE_7_length_88941_cov_46.993812	1	88941	113	2590	2.91204	0.112816	37.5	5.1
NODE_11_length_72839_cov_23.773563	1	72839	15903	72626	99.7076	18.7506	35.9	41.7
NODE_21_length_59130_cov_12.292323	1	59130	4638	58607	99.1155	6.88319	36.9	0.984
NODE_23_length_57177_cov_114.389377	1	57177	467	20742	36.2768	0.705598	36.3	0.959
NODE_28_length_50596_cov_1491.292179	1	50596	37	2993	5.91549	0.0622974	35.2	1
NODE_30_length_49587_cov_4.531979	1	49587	16	1422	2.86769	0.0286769	36.6	1
NODE_35_length_46803_cov_6.051467	1	46803	328	14549	31.0856	0.591501	36.2	1.23
NODE_36_length_46752_cov_29.126753	1	46752	93	6952	14.87	0.172057	35.8	1.73
NODE_39_length_43620_cov_4.962217	1	43620	155	11482	26.3228	0.307726	36.5	1.07
NODE_40_length_43084_cov_6.633898	1	43084	6	479	1.11178	0.0111178	34.8	1
NODE_45_length_40665_cov_4.748239	1	40665	522	27134	66.7257	1.12623	36.6	1.23
NODE_50_length_39226_cov_10.101606	1	39226	186	12952	33.0189	0.420512	37	41.3
NODE_56_length_37457_cov_9.262072	1	37457	1483	34295	91.5583	3.4231	36.3	2.8
NODE_58_length_37241_cov_46.337493	1	37241	28	2120	5.69265	0.0655997	36.2	5.46
NODE_60_length_36992_cov_10.212497	1	36992	473	23400	63.2569	1.12478	37	19.7
NODE_64_length_33972_cov_8.070260	1	33972	935	19213	56.5554	2.40751	36.5	32
NODE_68_length_32950_cov_15.789907	1	32950	98	6687	20.2944	0.254112	35.6	0.959
NODE_75_length_29643_cov_5.344836	1	29643	2473	29518	99.5783	7.46126	37.8	41.3
NODE_76_length_29309_cov_5.208553	1	29309	307	16185	55.2219	0.912075	36.2	8.33
NODE_77_length_28348_cov_7.729650	1	28348	1978	16679	58.8366	6.14107	36.9	0.946
NODE_80_length_27821_cov_14.253908	1	27821	2953	27629	99.3099	9.10021	36	2.03
NODE_90_length_25254_cov_6.697329	1	25254	131	8655	34.2718	0.44682	36.2	1
NODE_92_length_24473_cov_5.235728	1	24473	423	18216	74.433	1.51338	36.5	0.991
NODE_98_length_23476_cov_4.904359	1	23476	138	7993	34.0475	0.516144	36.9	1.04
NODE_107_length_20703_cov_32.120399	1	20703	1332	20548	99.2513	5.55818	35.9	0.984
NODE_118_length_18955_cov_3.719365	1	18955	2	123	0.648905	0.00648905	33.8	3
NODE_119_length_18951_cov_5.567686	1	18951	279	13430	70.867	1.27207	36.3	0.975
NODE_127_length_17877_cov_5.437717	1	17877	317	13637	76.2824	1.55474	36.4	41.6
NODE_337_length_5407_cov_169.755419	1	5407	1672	5258	97.2443	26.8626	36.4	0.99
NODE_345_length_5277_cov_154.251628	1	5277	245	4896	92.78	3.96058	35.7	1
NODE_17_length_37229_cov_5.527304	1	37229	1963	35091	94.2572	4.64751	36.9	1.25
NODE_35_length_16708_cov_7.810064	1	16708	129	7414	44.374	0.639873	35	1.22
NODE_79_length_6268_cov_7.561404	1	6268	17	1266	20.1978	0.235322	35.9	1
NODE_1_length_167064_cov_29.887916	1	167064	10	903	0.540511	0.00540511	36.9	1
NODE_2_length_128004_cov_9.723710	1	128004	128925	125381	97.9508	89.3156	37.3	0.987
NODE_9_length_50597_cov_221.425567	1	50597	43	3334	6.58932	0.0703797	35.5	0.953
NODE_15_length_44579_cov_4.400862	1	44579	7	477	1.07001	0.0117544	35.2	1
NODE_25_length_26906_cov_5.574876	1	26906	79	5715	21.2406	0.243775	35.9	0.924
NODE_66_length_7415_cov_2.395924	1	7415	2	182	2.45448	0.0245448	38.3	6
NODE_81_length_6245_cov_24.756704	1	6245	22	1658	26.5492	0.306485	36	1
NODE_98_length_5354_cov_128.256463	1	5354	544	4869	90.9414	8.71741	35.9	0.923
NODE_14_length_82374_cov_240.205894	1	82374	6	418	0.507442	0.00600918	34.3	1
NODE_21_length_64073_cov_37.552313	1	64073	11	888	1.38592	0.0138592	35.1	2
NODE_22_length_61496_cov_10.163685	1	61496	82	6365	10.3503	0.114837	36.3	0.939
NODE_27_length_56163_cov_10.570810	1	56163	681	33304	59.2988	1.06389	36.5	1.12
NODE_34_length_49123_cov_12.946462	1	49123	1225	39318	80.0399	2.1276	35.7	18.1
NODE_35_length_48678_cov_17.660634	1	48678	31	2432	4.9961	0.0534533	35.4	0.871
NODE_36_length_48286_cov_161.551720	1	48286	483	12568	26.0282	0.893468	37.7	2.1
NODE_41_length_46049_cov_22.527873	1	46049	1129	38494	83.5936	2.1547	36.7	1.35
NODE_42_length_46014_cov_7.064688	1	46014	186	13344	28.9999	0.350632	36.5	1.18
NODE_44_length_45313_cov_24.797539	1	45313	158	11655	25.7211	0.303798	36.5	3.08
NODE_45_length_44530_cov_6.085261	1	44530	296	17642	39.6182	0.540175	34.7	5.45
NODE_54_length_41545_cov_23.951314	1	41545	1888	38426	92.4925	4.01139	37.1	3.04
NODE_56_length_41017_cov_5.694693	1	41017	2832	39929	97.3474	5.79467	35.2	41.6
NODE_58_length_39387_cov_195.566714	1	39387	5002	38274	97.1742	11.0508	36.2	1.02
NODE_66_length_37340_cov_6.786992	1	37340	107	7966	21.3337	0.253321	37.5	3.39
NODE_74_length_32607_cov_43.428176	1	32607	25	1930	5.91897	0.0621339	36	1
NODE_76_length_32402_cov_4.278047	1	32402	536	23720	73.2054	1.45787	36.8	1.24
NODE_85_length_29888_cov_3.843428	1	29888	127	8904	29.7912	0.368743	36.5	0.976
NODE_86_length_29401_cov_5.339501	1	29401	764	23779	80.8782	2.18663	35.4	7.1
NODE_90_length_26510_cov_4.099074	1	26510	190	11831	44.6284	0.62135	36	1.2
NODE_91_length_25386_cov_3.813628	1	25386	82	5729	22.5676	0.268258	35.4	1.26
NODE_98_length_23399_cov_4.973441	1	23399	150	8991	38.4247	0.56028	36.6	1.21
NODE_99_length_23338_cov_3.337113	1	23338	259	13200	56.5601	0.976648	36.8	1.78
NODE_100_length_23190_cov_23.457402	1	23190	6	475	2.0483	0.0219922	35.7	0.833
NODE_102_length_22820_cov_4.048935	1	22820	276	14133	61.9325	1.0592	36.4	0.982
NODE_103_length_22548_cov_3.955764	1	22548	133	8990	39.8705	0.524126	37.4	3.11
NODE_122_length_18523_cov_15.849144	1	18523	31	2288	12.3522	0.137613	34.7	1
NODE_137_length_15986_cov_191.716590	1	15986	1816	15531	97.1538	10.1045	37.3	4.6
NODE_142_length_15505_cov_266.883107	1	15505	3596	15394	99.2841	20.2215	36.4	9.33
NODE_286_length_7396_cov_5.191118	1	7396	2	171	2.31206	0.0231206	37	1
NODE_394_length_5277_cov_264.588280	1	5277	269	5054	95.7741	4.43168	36	0.996
NODE_2_length_111600_cov_9.640486	1	111600	5589	106172	95.1362	4.45688	37.6	0.983
NODE_9_length_45523_cov_3.740213	1	45523	2	182	0.399798	0.00399798	37.9	1
NODE_11_length_38676_cov_4.256959	1	38676	216	10097	26.1066	0.482315	36.7	0.977
NODE_14_length_36134_cov_22.605782	1	36134	2080	33997	94.0859	4.94587	36	0.991
NODE_16_length_32623_cov_3.888142	1	32623	30592	32581	99.8713	82.7958	37	0.988
NODE_23_length_22286_cov_4.358508	1	22286	1791	22246	99.8205	7.08158	36.7	0.983
NODE_25_length_20188_cov_3.698455	1	20188	1973	19997	99.0539	8.4041	36	0.985
NODE_50_length_10983_cov_6.236914	1	10983	2735	10935	99.563	21.5512	36.3	1.1
NODE_97_length_5840_cov_82.570614	1	5840	624	5365	91.8664	9.07842	35.9	1.01
NODE_1_length_291783_cov_17.309309	1	291783	2428	144113	49.3905	0.742874	37.8	1.99
NODE_2_length_224719_cov_12.772874	1	224719	1779	109795	48.8588	0.708957	38	1.33
NODE_5_length_146551_cov_138.816527	1	146551	37736	146464	99.9406	22.4825	36.6	1.09
NODE_9_length_107083_cov_7.960225	1	107083	6446	102882	96.0769	5.36404	37.6	0.984
NODE_18_length_51491_cov_4.309861	1	51491	620	32449	63.0188	1.05399	36.6	2.62
NODE_23_length_46505_cov_8.013886	1	46505	174	12523	26.9283	0.328029	36.2	1.09
NODE_28_length_40659_cov_13.346394	1	40659	76	6046	14.87	0.163187	36.3	0.974
NODE_34_length_37084_cov_5.937697	1	37084	145	10405	28.0579	0.337828	36.2	0.883
NODE_37_length_29802_cov_5.098867	1	29802	2252	29650	99.49	6.61046	36.6	0.995
NODE_39_length_28630_cov_5.069326	1	28630	97	7247	25.3126	0.293399	36	1.54
NODE_42_length_27529_cov_6.863980	1	27529	273	15450	56.1226	0.887355	38.1	41.6
NODE_44_length_27445_cov_5.378131	1	27445	694	22551	82.168	2.22551	36.8	1.11
NODE_46_length_25582_cov_5.547381	1	25582	75	5494	21.476	0.24912	35.7	0.92
NODE_48_length_24386_cov_133.440549	1	24386	12479	24264	99.4997	45.0269	36.8	41.5
NODE_60_length_14961_cov_14.778747	1	14961	2	160	1.06945	0.012165	38.1	0
NODE_63_length_14529_cov_5.416955	1	14529	129	6322	43.513	0.728681	34.9	1.02
NODE_85_length_9810_cov_429.929062	1	9810	486077	9810	100	4362.48	36.8	5.49
NODE_122_length_6209_cov_70622.697433	1	6209	227	5667	91.2707	3.10066	35.4	1
NODE_136_length_5744_cov_864.749341	1	5744	534	5066	88.1964	7.96135	35.9	3.51
NODE_147_length_5556_cov_89.738411	1	5556	7100	5555	99.982	109.705	35.9	0.998
NODE_1_length_224519_cov_7.116856	1	224519	1721	106659	47.5056	0.687251	37.9	0.974
NODE_2_length_167110_cov_64.689713	1	167110	18	1402	0.838968	0.009024	35.1	0.889
NODE_4_length_142877_cov_8.785747	1	142877	1387	78217	54.7443	0.867865	37.9	0.975
NODE_5_length_139191_cov_8.620788	1	139191	1070	66947	48.0972	0.686718	37.7	0.959
NODE_21_length_49714_cov_4.278741	1	49714	573	29589	59.5184	1.01251	36.6	1.05
NODE_26_length_46532_cov_8.982421	1	46532	184	13131	28.2193	0.338842	36.4	0.679
NODE_28_length_46427_cov_14.788256	1	46427	217	14403	31.0229	0.405906	36.1	0.977
NODE_29_length_46367_cov_11.001188	1	46367	114	8622	18.5951	0.212112	36	0.939
NODE_30_length_46266_cov_83.710480	1	46266	4	300	0.648424	0.00786755	37.5	1
NODE_31_length_43850_cov_11.756000	1	43850	3828	43663	99.5735	7.66883	36.8	0.991
NODE_32_length_43436_cov_7.077891	1	43436	183	12963	29.8439	0.365365	36.2	1.44
NODE_35_length_40899_cov_23.333831	1	40899	77	6119	14.9612	0.167315	36.8	1
NODE_46_length_36623_cov_13.706793	1	36623	946	30904	84.3841	2.2686	36.8	0.986
NODE_49_length_32431_cov_3.692241	1	32431	1359	29790	91.8566	3.70719	37	0.986
NODE_53_length_30710_cov_4.642636	1	30710	2	164	0.534028	0.00534028	33.3	1
NODE_54_length_30192_cov_5.904702	1	30192	101	7075	23.4334	0.278153	35	1.33
NODE_55_length_29701_cov_27.068205	1	29701	81	5415	18.2317	0.241271	37.1	18
NODE_56_length_28912_cov_8.397962	1	28912	84	5975	20.6662	0.25	35.5	13.2
NODE_58_length_27890_cov_4.360841	1	27890	863	25066	89.8745	2.64622	36.1	1.09
NODE_60_length_25063_cov_6.534149	1	25063	510	19251	76.8104	1.70618	35.2	0.996
NODE_87_length_14015_cov_251.795559	1	14015	730	13057	93.1645	4.65444	37.5	1.89
NODE_101_length_12031_cov_26.306363	1	12031	1	91	0.756379	0.00756379	37.2	1
NODE_153_length_7396_cov_5.593380	1	7396	4	364	4.92158	0.0492158	37.8	1
NODE_173_length_6469_cov_774.838478	1	6469	56532	6469	100	765.281	36.8	0.982
NODE_218_length_5084_cov_12194.464307	1	5084	954480	5084	100	16417.4	36.6	1
NODE_4_length_149990_cov_22.694054	1	149990	9127	144770	96.5198	5.41561	37.6	9.39
NODE_11_length_90295_cov_118.359719	1	90295	17065	90192	99.8859	16.4756	36.7	1.09
NODE_14_length_82304_cov_225.187151	1	82304	14	1024	1.24417	0.0134015	34.1	1
NODE_17_length_66579_cov_12.543699	1	66579	5484	65750	98.7549	7.24308	36.8	1.23
NODE_33_length_48678_cov_22.032392	1	48678	47	3866	7.94199	0.085213	35.9	0.957
NODE_34_length_48295_cov_29.851223	1	48295	186	11232	23.2571	0.332912	35.9	12.3
NODE_39_length_46496_cov_26.700803	1	46496	216	14874	31.9898	0.395281	36	1.38
NODE_40_length_46294_cov_8.238197	1	46294	187	11768	25.4201	0.348684	36	18.3
NODE_44_length_45871_cov_5.078160	1	45871	772	33692	73.4495	1.4364	35.9	0.999
NODE_49_length_42667_cov_9.849948	1	42667	302	19531	45.7754	0.625659	37.1	41.3
NODE_52_length_42307_cov_7.097250	1	42307	2559	40759	96.341	5.32907	36.9	0.992
NODE_54_length_41741_cov_10.161829	1	41741	404	23868	57.1812	0.844374	36.3	1.32
NODE_55_length_41584_cov_17.221676	1	41584	2267	39837	95.7989	4.78826	36.8	1.26
NODE_65_length_38961_cov_7.399476	1	38961	117	8846	22.7048	0.266523	37.5	2.74
NODE_66_length_38717_cov_7.546868	1	38717	265	15461	39.9334	0.559418	34.6	1.29
NODE_68_length_38440_cov_54.510460	1	38440	2	182	0.473465	0.00473465	37.4	1
NODE_69_length_37272_cov_3.102802	1	37272	194	12996	34.868	0.439821	35.4	14.1
NODE_76_length_34918_cov_18.678370	1	34918	191	11561	33.109	0.465519	35.4	4.55
NODE_78_length_34810_cov_11.848741	1	34810	68	2873	8.25338	0.175409	38	0.603
NODE_82_length_32967_cov_14.811011	1	32967	655	25337	76.8556	1.65729	35.1	1.13
NODE_84_length_32573_cov_4.820715	1	32573	455	19824	60.8602	1.18696	35.6	41.6
NODE_85_length_32529_cov_5.865646	1	32529	531	23858	73.3438	1.44096	37	1.67
NODE_86_length_32364_cov_4.582315	1	32364	161	10772	33.2839	0.429644	36.5	12.5
NODE_87_length_32215_cov_15.592506	1	32215	104	7834	24.3179	0.273227	35	2.58
NODE_88_length_32149_cov_48.332741	1	32149	964	27913	86.8239	2.59171	36.3	1.52
NODE_89_length_31829_cov_62.477403	1	31829	8122	31543	99.1014	21.4791	35.2	26.4
NODE_90_length_31247_cov_3.493845	1	31247	205	13065	41.812	0.576311	36.8	19.4
NODE_92_length_30284_cov_3.410831	1	30284	108	8224	27.1563	0.310395	36.7	11.3
NODE_94_length_29316_cov_3.978435	1	29316	435	19814	67.5877	1.31952	37.1	41.6
NODE_98_length_27642_cov_3.629318	1	27642	409	20110	72.7516	1.27878	36.3	2.5
NODE_99_length_27136_cov_4.809424	1	27136	223	13226	48.7397	0.715654	36.3	4.2
NODE_103_length_25437_cov_4.427586	1	25437	656	21194	83.3196	2.17321	35.4	1.15
NODE_110_length_22758_cov_8.333524	1	22758	5	206	0.905176	0.0165656	35.3	0.4
NODE_114_length_22362_cov_39.010266	1	22362	14	1117	4.99508	0.0557195	36.2	1
NODE_119_length_21232_cov_24.778675	1	21232	21	1651	7.776	0.0842125	36.2	0.667
NODE_120_length_20547_cov_20.156207	1	20547	420	14148	68.8568	1.71616	35.2	41.2
NODE_181_length_12451_cov_62.323975	1	12451	681	11702	93.9844	4.84515	37.4	0.978
NODE_214_length_10360_cov_3.570597	1	10360	658	10092	97.4131	5.33369	35.3	41.7
NODE_278_length_7396_cov_6.279662	1	7396	4	325	4.39427	0.0462412	38.2	1
NODE_286_length_7275_cov_4.567867	1	7275	52	3415	46.9416	0.635464	36.7	41.3
NODE_309_length_6605_cov_445.087328	1	6605	596	6048	91.567	7.72157	35.9	7.24
NODE_390_length_5581_cov_3.514839	1	5581	379623	5581	100	5906.28	36.4	1.14
NODE_15_length_35381_cov_29.469003	1	35381	0	0	0	0	0	0
NODE_11_length_37351_cov_3.546841	1	37351	0	0	0	0	0	0
NODE_87_length_5402_cov_34.239200	1	5402	0	0	0	0	0	0
NODE_37_length_23975_cov_6.355811	1	23975	0	0	0	0	0	0
NODE_79_length_8516_cov_194.794823	1	8516	0	0	0	0	0	0
NODE_96_length_11662_cov_7.022019	1	11662	0	0	0	0	0	0
NODE_164_length_6286_cov_3.027283	1	6286	0	0	0	0	0	0
NODE_23_length_41397_cov_28.250593	1	41397	0	0	0	0	0	0
NODE_47_length_27680_cov_4.110081	1	27680	0	0	0	0	0	0
NODE_158_length_8436_cov_3.682138	1	8436	0	0	0	0	0	0
NODE_42_length_41397_cov_33.888709	1	41397	0	0	0	0	0	0
NODE_192_length_8422_cov_5.291144	1	8422	0	0	0	0	0	0
NODE_59_length_37102_cov_7.659028	1	37102	0	0	0	0	0	0
NODE_29_length_50686_cov_11.681381	1	50686	0	0	0	0	0	0
NODE_50_length_42455_cov_9.957995	1	42455	0	0	0	0	0	0
NODE_12_length_38621_cov_4.452264	1	38621	0	0	0	0	0	0
NODE_91_length_8647_cov_3.054702	1	8647	0	0	0	0	0	0
NODE_38_length_39875_cov_5.639704	1	39875	0	0	0	0	0	0
NODE_28_length_50686_cov_13.389939	1	50686	0	0	0	0	0	0
NODE_77_length_34914_cov_4.634499	1	34914	0	0	0	0	0	0
