#rname	startpos	endpos	numreads	covbases	coverage	meandepth	meanbaseq	meanmapq
DAS_Check_Bin_09_k119_41989:3-49450	1	45022	33366	44730	99.3514	64.2109	36.1	41.6
NODE_39_length_37768_cov_25.508657	1	35529	7282	35513	99.955	17.9704	36.7	0.998
NODE_21_length_46020_cov_7.992255	1	44173	14587	44167	99.9864	29.0252	36.7	1.05
NODE_68_length_36781_cov_8.797283	1	22515	13	395	1.75439	0.0498779	36.8	2.62
NODE_18_length_65286_cov_9.613313	1	61998	896	40519	65.3553	1.25412	36.3	1.03
DAS_Check_Bin_01_k119_158026:3-190576	1	190574	20	1771	0.929298	0.00929298	36	42
DAS_Check_Bin_01_k119_45347:194-20015	1	19822	9	653	3.29432	0.0411159	38.1	9.67
DAS_Check_Bin_07_k119_159765:247-42184	1	41938	2	174	0.414898	0.00414898	37.6	42
NODE_10_length_44613_cov_10.908120	1	44613	812	34410	77.13	1.57674	36.1	0.998
NODE_13_length_36623_cov_12.491687	1	36623	2266	36158	98.7303	5.42023	36.6	0.989
NODE_14_length_36060_cov_13.057825	1	36060	31374	36052	99.9778	75.2765	36.1	1.01
NODE_16_length_35370_cov_4.255189	1	35370	2878	35212	99.5533	7.141	36.7	0.986
NODE_18_length_31157_cov_3.163269	1	31157	25564	31153	99.9872	72.3918	36.9	0.984
NODE_22_length_23860_cov_5.129553	1	23860	421	17669	74.0528	1.53118	36.2	5.66
NODE_25_length_23308_cov_5.171419	1	23308	34	2813	12.0688	0.12884	35.9	0.971
NODE_28_length_21720_cov_3.485299	1	21720	1395	21372	98.3978	5.3878	35.2	0.996
NODE_38_length_13971_cov_7.375898	1	13971	166011	13971	100	1052.9	37.2	0.982
NODE_39_length_13673_cov_7.531429	1	13673	5447	13646	99.8025	35.5198	37.4	2.22
NODE_86_length_6245_cov_8.653635	1	6245	33	1911	30.6005	0.44948	35.3	1
NODE_88_length_6209_cov_8.324829	1	6209	215	5724	92.1888	2.92028	35.2	0.991
NODE_96_length_5842_cov_1098.051840	1	5842	2024	5787	99.0585	30.1523	36.3	1.08
NODE_99_length_5721_cov_1061.804977	1	5721	296414	5721	100	4488.53	36.1	41.6
NODE_102_length_5581_cov_15638.208288	1	5581	165092	5581	100	2575.86	36.4	0.991
NODE_104_length_5514_cov_1878.878732	1	5514	17174	5514	100	270.192	36.1	1.02
NODE_109_length_5407_cov_11252.763079	1	5407	13979	5407	100	226.717	36.5	1.44
NODE_120_length_5084_cov_34199.553390	1	5084	1131816	5084	100	19574.5	36.7	1.02
NODE_2_length_172485_cov_32.775068	1	172485	883741	172485	100	455.446	37.4	1.05
NODE_6_length_61068_cov_9.739465	1	61068	52114	61059	99.9853	75.3268	36.9	1.05
NODE_7_length_58087_cov_6.947994	1	58087	1781	51233	88.2005	2.70276	36.9	1.03
NODE_11_length_41469_cov_25.463877	1	41469	1465	37023	89.2787	3.11534	36.9	1.31
NODE_12_length_40031_cov_3.840454	1	40031	11935	40031	100	26.3453	36.9	41.5
NODE_17_length_37325_cov_319.259539	1	37325	17101	37325	100	40.7371	37.3	0.981
NODE_19_length_36060_cov_32.684877	1	36060	31628	36060	100	75.7539	36.1	0.991
NODE_23_length_32292_cov_5.397959	1	32292	1128	29254	90.5921	3.04134	36.2	0.992
NODE_24_length_31545_cov_5.801683	1	31545	2273	30981	98.2121	5.96056	34.9	18.9
NODE_28_length_27475_cov_4.040518	1	27475	1457	26404	96.1019	4.49649	35.6	2.21
NODE_30_length_25734_cov_5.275400	1	25734	723	23050	89.5702	2.48624	37	0.985
NODE_31_length_25359_cov_5.009406	1	25359	191	11918	46.9971	0.667495	37	0.974
NODE_41_length_22305_cov_25.908899	1	22305	10420	22268	99.8341	40.1516	35.9	1.29
NODE_42_length_22193_cov_5.490695	1	22193	4850	22188	99.9775	18.7087	35.9	41.1
NODE_48_length_18890_cov_3.341333	1	18890	3202	18829	99.6771	14.8228	36.6	0.988
NODE_52_length_17580_cov_3.189843	1	17580	2502	17513	99.6189	12.1703	35.3	1.05
NODE_214_length_6245_cov_8.318255	1	6245	40	2737	43.8271	0.548118	35.8	1
NODE_217_length_6209_cov_8.798343	1	6209	209	5610	90.3527	2.84281	35.3	0.986
NODE_258_length_5581_cov_2813.330800	1	5581	208364	5581	100	3256.64	36.4	2.07
NODE_262_length_5514_cov_38.326067	1	5514	17861	5514	100	281.631	36.2	0.992
NODE_268_length_5407_cov_226.692078	1	5407	15149	5405	99.963	246.421	36.5	0.992
NODE_292_length_5084_cov_88208.156095	1	5084	1137884	5084	100	19678.2	36.7	1.03
NODE_7_length_46020_cov_16.937757	1	46020	16914	46016	99.9913	32.2371	36.7	0.99
NODE_9_length_43915_cov_6.954241	1	43915	747	32341	73.6445	1.47351	35.9	0.987
NODE_10_length_38461_cov_14.877649	1	38461	973	32800	85.2812	2.22852	36.8	15.2
NODE_12_length_36623_cov_10.841993	1	36623	2250	36015	98.3398	5.37774	36.7	0.989
NODE_14_length_35381_cov_20.886033	1	35381	2	182	0.5144	0.005144	36.7	1
NODE_16_length_25443_cov_3.831850	1	25443	1933	25210	99.0842	6.6713	36.7	0.99
NODE_25_length_21201_cov_4.167171	1	21201	395	15433	72.7937	1.60294	36.1	0.97
NODE_34_length_13780_cov_2.793515	1	13780	196	7991	57.9898	1.20203	35.7	0.99
NODE_39_length_12439_cov_7.203731	1	12439	157486	12439	100	1122.25	37.2	2.68
NODE_57_length_7439_cov_2.481446	1	7439	265	3520	47.3182	3.12596	36.8	39.1
NODE_72_length_6209_cov_12.989275	1	6209	159	5228	84.2004	2.19085	35.1	0.994
NODE_76_length_5842_cov_1509.613790	1	5842	2098	5832	99.8288	31.2799	36.2	1.01
NODE_87_length_5402_cov_34.239200	1	5402	4	333	6.16438	0.0616438	35.7	21.5
NODE_89_length_5277_cov_5.447721	1	5277	213	5173	98.0292	3.53913	36.5	0.995
NODE_4_length_238892_cov_6.753413	1	238892	23053	236018	98.7969	8.47009	36.6	18.3
NODE_5_length_189738_cov_6.430987	1	189738	26237	188909	99.5631	12.1278	36.6	30.9
NODE_10_length_119230_cov_6.136941	1	119230	11468	119039	99.8398	8.40892	36.4	1.28
NODE_12_length_90299_cov_8.811644	1	90299	23329	90299	100	23.0054	37.5	41.5
NODE_13_length_76125_cov_44.994597	1	76125	21736	75866	99.6598	25.3554	37.3	0.982
NODE_18_length_62590_cov_137.633981	1	62590	280466	62587	99.9952	384.35	35.8	41.7
NODE_20_length_55983_cov_7.738449	1	55983	9387	55680	99.4588	14.5937	36.3	25.4
NODE_23_length_52152_cov_8.571204	1	52152	13006	52152	100	22.2963	37.8	41.5
NODE_24_length_47733_cov_200.310583	1	47733	90191	47733	100	167.725	37.2	2.12
NODE_27_length_46064_cov_34.699428	1	46064	17179	46061	99.9935	32.7696	36.7	1.01
NODE_32_length_43849_cov_21.327442	1	43849	3598	43556	99.3318	7.23725	36.9	1.01
NODE_34_length_42243_cov_6.125960	1	42243	1040	36702	86.883	2.17804	36.8	0.988
NODE_40_length_37489_cov_12.035128	1	37489	2423	37029	98.773	5.39742	35.2	0.992
NODE_41_length_37113_cov_5.778240	1	37113	1117	32301	87.0342	2.62038	36.1	0.992
NODE_44_length_36060_cov_186.741564	1	36060	32575	36059	99.9972	78.1141	36.1	0.992
NODE_57_length_28964_cov_3.647964	1	28964	3305	28944	99.9309	9.91859	36.2	41.6
NODE_58_length_28915_cov_2.851594	1	28915	857	26708	92.3673	2.59516	36.7	0.986
NODE_61_length_27709_cov_4.008787	1	27709	1117	26031	93.9442	3.4465	35.7	1.27
NODE_63_length_26925_cov_11.515333	1	26925	3995	26912	99.9517	12.6609	35.4	2.02
NODE_64_length_26668_cov_4.755420	1	26668	1894	25894	97.0976	6.04001	35.4	1.46
NODE_66_length_25532_cov_5.218589	1	25532	1121	24496	95.9423	3.87153	36.8	2.07
NODE_69_length_23559_cov_18.031867	1	23559	6945	23557	99.9915	25.492	36.2	15.5
NODE_71_length_22160_cov_3.786655	1	22160	482	17536	79.1336	1.92193	36.8	1.25
NODE_86_length_17581_cov_4.636540	1	17581	2515	17581	100	12.6771	37	37.1
NODE_94_length_15427_cov_6.269321	1	15427	3420	15422	99.9676	18.4372	34.8	41.7
NODE_95_length_15356_cov_3.584733	1	15356	1388	15231	99.186	7.63988	35.4	13.7
NODE_113_length_12763_cov_3.351196	1	12763	1336	12763	100	9.15882	36.5	41
NODE_165_length_6963_cov_2699.768674	1	6963	80186	6963	100	1018.8	37.1	1.09
NODE_180_length_6209_cov_8.318817	1	6209	211	5920	95.3455	2.8623	35.1	0.991
NODE_194_length_5842_cov_59.714187	1	5842	4646	5838	99.9315	69.8233	36.3	5.54
NODE_203_length_5535_cov_3.585219	1	5535	605	5531	99.9277	9.57507	36.5	39.9
NODE_205_length_5514_cov_740.579227	1	5514	27109	5514	100	428.037	36.2	1.67
NODE_209_length_5407_cov_424.684417	1	5407	14619	5407	100	237.549	36.5	0.993
NODE_212_length_5277_cov_13.385101	1	5277	200	5033	95.3762	3.31363	36	0.995
NODE_213_length_5084_cov_56753.835156	1	5084	1211244	5084	100	20923.9	36.7	0.993
NODE_3_length_160031_cov_246.186322	1	160031	760057	160031	100	422.493	37.4	1.03
NODE_4_length_135187_cov_5.588891	1	135187	7647	132795	98.2306	4.96869	36.5	1.06
NODE_11_length_82624_cov_5.458404	1	82624	6477	81988	99.2302	6.87217	36.5	0.998
NODE_20_length_47234_cov_31.155747	1	47234	21000	47218	99.9661	38.4796	36.1	2.52
NODE_22_length_45867_cov_5.463743	1	45867	853	34608	75.4529	1.60769	36	0.98
NODE_24_length_43860_cov_6.177765	1	43860	1201	37789	86.1582	2.37747	36.3	41.6
NODE_25_length_43849_cov_10.709458	1	43849	3550	43696	99.6511	7.12997	36.8	0.985
NODE_27_length_42291_cov_8.031513	1	42291	940	34854	82.4147	1.97657	37	0.986
NODE_30_length_41337_cov_7.787607	1	41337	1233	35240	85.2505	2.58386	36	0.985
NODE_33_length_39957_cov_24.373239	1	39957	58546	39863	99.7647	128.069	36.3	3.84
NODE_34_length_38904_cov_21.835774	1	38904	17252	38795	99.7198	39.4561	37.3	0.982
NODE_37_length_37729_cov_6.620083	1	37729	7934	37718	99.9708	18.4476	36.7	0.99
NODE_38_length_37629_cov_17.014451	1	37629	2544	37279	99.0699	5.68365	35.3	0.991
NODE_42_length_35867_cov_6.690467	1	35867	355	18513	51.6157	0.839323	35.2	41.7
NODE_43_length_35817_cov_5.543007	1	35817	1670	34294	95.7478	4.10032	36.7	11.7
NODE_46_length_35128_cov_9.695264	1	35128	10675	35128	100	26.6698	36.6	28.9
NODE_47_length_34443_cov_6.100820	1	34443	2936	34169	99.2045	7.65488	38	41.4
NODE_49_length_32550_cov_5.505924	1	32550	4835	32357	99.4071	12.6499	35.3	9.81
NODE_72_length_21497_cov_3.547617	1	21497	509	17762	82.6255	2.07666	36.7	40.8
NODE_77_length_19576_cov_17.607807	1	19576	3849	19553	99.8825	16.9755	36.2	7.45
NODE_103_length_15861_cov_5.174997	1	15861	1904	15709	99.0417	10.6587	37.1	41.6
NODE_210_length_6209_cov_9.798343	1	6209	191	5728	92.2532	2.65357	35.3	0.99
NODE_235_length_5514_cov_1351.351346	1	5514	23556	5514	100	371.437	36.1	1.53
NODE_243_length_5277_cov_12.775565	1	5277	230	5064	95.9636	3.77563	36.3	0.991
NODE_249_length_5084_cov_78920.386956	1	5084	1208097	5084	100	20875.4	36.7	0.994
NODE_1_length_164730_cov_5.305092	1	164730	20928	164466	99.8397	11.1348	36.5	19.7
NODE_2_length_124404_cov_11.033221	1	124404	16423	124322	99.9341	11.7776	37.7	1.9
NODE_4_length_117427_cov_5.768318	1	117427	5676	113804	96.9147	4.25763	36.6	1.02
NODE_8_length_96678_cov_134.288192	1	96678	361015	96677	99.999	332.261	37.4	0.983
NODE_28_length_43893_cov_22.428281	1	43893	3559	43642	99.4282	7.13551	36.8	1.01
NODE_29_length_42291_cov_14.926058	1	42291	1061	36682	86.7371	2.21998	37	0.984
NODE_33_length_37337_cov_16.555415	1	37337	19029	37333	99.9893	43.9885	36	2.29
NODE_34_length_37325_cov_110.555514	1	37325	17272	37320	99.9866	41.1248	37.3	0.981
NODE_36_length_36495_cov_5.297722	1	36495	7777	36414	99.7781	18.6913	36.7	0.99
NODE_38_length_36114_cov_4.509720	1	36114	4320	36002	99.6899	10.5791	37	0.983
NODE_39_length_36060_cov_13.462408	1	36060	31675	36054	99.9834	76.0294	36.1	1.03
NODE_48_length_30963_cov_4.644332	1	30963	194	10035	32.4097	0.562284	38	7.26
NODE_54_length_29179_cov_6.736266	1	29179	1720	28641	98.1562	5.19051	36.7	0.98
NODE_66_length_21974_cov_4.464985	1	21974	1434	21748	98.9715	5.49868	35.2	0.992
NODE_181_length_6454_cov_8661.914049	1	6454	3101448	6454	100	42487.9	36.8	13.2
NODE_228_length_5277_cov_15.499043	1	5277	238	4925	93.3295	3.93235	36.3	0.996
NODE_232_length_5084_cov_53965.325313	1	5084	1200492	5084	100	20729.6	36.7	0.993
NODE_2_length_164227_cov_5.664328	1	164227	11055	161372	98.2616	5.90024	36.5	0.984
NODE_17_length_61395_cov_5.757956	1	61395	4067	60855	99.1204	5.80894	36.6	1.04
NODE_26_length_47746_cov_5.112222	1	47746	1299	26510	55.523	2.43738	38	31.7
NODE_31_length_42291_cov_15.102069	1	42291	1103	36360	85.9757	2.30744	37	0.989
NODE_44_length_30436_cov_7.486422	1	30436	8	697	2.29005	0.0236233	37.4	16.1
NODE_48_length_29632_cov_4.402171	1	29632	2011	29149	98.37	5.69857	35.2	1.03
NODE_50_length_28964_cov_4.022381	1	28964	6426	28889	99.7411	19.4683	36.7	0.987
NODE_51_length_27921_cov_3.034092	1	27921	509	20476	73.3355	1.58268	36	0.976
NODE_55_length_25017_cov_5.657880	1	25017	5785	24940	99.6922	20.0779	36.3	1.31
NODE_56_length_24833_cov_5.809872	1	24833	1478	24164	97.306	5.24584	36.8	0.988
NODE_97_length_12527_cov_5.050513	1	12527	3838	12487	99.6807	27.378	37.6	3.48
NODE_176_length_5514_cov_454.349698	1	5514	23542	5514	100	370.601	36.1	1.13
NODE_184_length_5277_cov_11.715818	1	5277	250	5012	94.9782	4.13	36.2	1
NODE_193_length_5034_cov_15.769632	1	5034	795	4856	96.464	13.6492	35.9	22.6
NODE_1_length_114607_cov_10.147007	1	114607	674319	114607	100	522.888	37.4	0.985
NODE_4_length_36816_cov_7.960991	1	36816	1126	32570	88.467	2.64532	36	0.996
NODE_5_length_36230_cov_4.885114	1	36230	211	14544	40.1435	0.516395	37	41.8
NODE_10_length_27385_cov_7.189535	1	27385	14263	27343	99.8466	46.3546	37.3	0.981
NODE_11_length_26673_cov_11.045683	1	26673	8057	26669	99.985	26.0241	36	0.987
NODE_20_length_17239_cov_6.178596	1	17239	296	12486	72.4288	1.47874	35.8	0.99
NODE_86_length_6209_cov_9.690445	1	6209	189	5463	87.9852	2.54163	35.1	0.989
NODE_113_length_5514_cov_54.894486	1	5514	17837	5514	100	280.569	36.1	1.13
NODE_124_length_5277_cov_25.805247	1	5277	185	4857	92.0409	3.04624	35.9	1
NODE_1_length_167064_cov_31.023334	1	167064	15	1285	0.769166	0.00782335	35.2	1
NODE_7_length_61042_cov_7.357896	1	61042	52246	61039	99.9951	75.4837	36.9	1.1
NODE_11_length_50106_cov_8.639548	1	50106	1609	43941	87.6961	2.76975	36	1.39
NODE_13_length_47685_cov_12.449024	1	47685	85391	47681	99.9916	158.704	37.1	0.998
NODE_14_length_46328_cov_8.666393	1	46328	283	18408	39.7341	0.518887	35.8	0.965
NODE_26_length_33164_cov_59.471171	1	33164	166	6817	20.5554	0.443553	37.8	0.639
NODE_27_length_32852_cov_6.310150	1	32852	6806	32768	99.7443	17.9896	36.3	0.996
NODE_29_length_31681_cov_4.792196	1	31681	20	1694	5.34705	0.0534705	35.2	1.4
NODE_32_length_29822_cov_3.040481	1	29822	38	2854	9.57012	0.107002	35.5	13.9
NODE_37_length_23975_cov_6.355811	1	23975	1	90	0.375391	0.00375391	35.1	1
NODE_109_length_6469_cov_258.754599	1	6469	119195	6469	100	1618.7	36.9	0.981
NODE_117_length_6209_cov_39356.593760	1	6209	195	5619	90.4977	2.60187	35	0.99
NODE_131_length_5556_cov_340.263043	1	5556	21151	5556	100	327.626	35.9	0.984
NODE_139_length_5354_cov_334.782412	1	5354	108	3971	74.1688	1.71479	36	0.963
NODE_147_length_5084_cov_13961.725393	1	5084	989838	5084	100	17081.3	36.7	0.993
NODE_3_length_123329_cov_12.346099	1	123329	15805	123103	99.8168	11.4402	37.7	0.984
NODE_6_length_84822_cov_16.799037	1	84822	8	721	0.850015	0.00850015	34.6	1
NODE_7_length_82293_cov_17.234271	1	82293	10	655	0.795936	0.00969706	33.9	1
NODE_13_length_50138_cov_17.827646	1	50138	1528	44619	88.9924	2.62966	36	1.43
NODE_17_length_47511_cov_6.251033	1	47511	36	2967	6.24487	0.0651639	35.6	1.33
NODE_22_length_41227_cov_3.669387	1	41227	1271	37701	91.4474	2.71565	36.8	0.979
NODE_24_length_39433_cov_10.753847	1	39433	4	346	0.877438	0.00915477	36.1	1
NODE_34_length_29970_cov_6.653919	1	29970	199	11330	37.8045	0.577678	36.1	0.955
NODE_36_length_28663_cov_6.412088	1	28663	465	20820	72.6372	1.43024	36.4	0.976
NODE_39_length_25023_cov_3.154598	1	25023	12	973	3.88842	0.0418415	35.7	1
NODE_41_length_24643_cov_3.795713	1	24643	663	20861	84.6528	2.26596	35.2	0.994
NODE_42_length_24457_cov_5.553315	1	24457	7483	24453	99.9836	26.6134	36.2	0.989
NODE_46_length_21332_cov_3.397377	1	21332	308	14404	67.523	1.24194	35.6	0.987
NODE_52_length_17163_cov_9.937398	1	17163	308	12081	70.3898	1.53802	36.1	0.974
NODE_119_length_6469_cov_423.735111	1	6469	119196	6469	100	1618.99	36.9	0.982
NODE_133_length_5840_cov_3038.520311	1	5840	750	5480	93.8356	11.0856	36	1.13
NODE_140_length_5469_cov_7.356114	1	5469	10858	5469	100	163.992	34.6	41.9
NODE_1_length_157272_cov_245.867635	1	157272	643678	155039	98.5802	364.11	37.4	0.986
NODE_3_length_116508_cov_7.831949	1	116508	10	859	0.737288	0.00737288	35.6	1
NODE_5_length_78818_cov_6.835964	1	78818	1537	55402	70.2911	1.70805	36.4	23.8
NODE_8_length_61519_cov_6.420002	1	61519	863	41129	66.8558	1.22367	36.4	1.01
NODE_11_length_55539_cov_10.359851	1	55539	29	2532	4.55896	0.0464899	36.8	8.76
NODE_12_length_54742_cov_5.935359	1	54742	2175	46673	85.2599	3.48131	36.6	7.07
NODE_15_length_49707_cov_409.118646	1	49707	264	15490	31.1626	0.458929	35.9	8.39
NODE_19_length_46049_cov_20.145976	1	46049	1388	42075	91.3701	2.63417	36.6	0.987
NODE_31_length_37539_cov_17.903879	1	37539	7344	37407	99.6484	16.9823	36.3	1.14
NODE_32_length_37308_cov_5.588865	1	37308	41	3352	8.98467	0.0956363	36.4	3.98
NODE_38_length_34710_cov_5.008022	1	34710	1511	33265	95.8369	3.74281	35.8	0.996
NODE_39_length_34383_cov_15.503059	1	34383	1202	31869	92.6882	3.02289	36.2	16
NODE_40_length_33198_cov_25.854600	1	33198	42	2998	9.03066	0.112416	36.8	1.02
NODE_41_length_33019_cov_71.818742	1	33019	40	3119	9.44608	0.105848	36.6	0.95
NODE_42_length_30783_cov_6.353228	1	30783	712	25636	83.2797	2.04174	36.8	0.986
NODE_43_length_30206_cov_3.324367	1	30206	34	2498	8.26988	0.0981593	36.8	42
NODE_51_length_25704_cov_4.962455	1	25704	182	11487	44.6895	0.627957	36.1	0.973
NODE_68_length_16862_cov_6.336764	1	16862	193	8742	51.8444	0.958309	35.2	2.11
NODE_137_length_7399_cov_2.692266	1	7399	18	1191	16.0968	0.209217	37.1	1
NODE_157_length_6469_cov_65.568288	1	6469	119394	6469	100	1621.08	36.8	0.981
NODE_186_length_5556_cov_469.135975	1	5556	20852	5556	100	323.502	36	0.986
NODE_193_length_5407_cov_407.749626	1	5407	8387	5369	99.2972	135.61	36.4	1
NODE_194_length_5354_cov_104.200415	1	5354	121	3916	73.1416	1.98244	36	0.901
NODE_196_length_5277_cov_172.009958	1	5277	215	5123	97.0817	3.5939	36.3	0.995
NODE_4_length_95966_cov_30.590652	1	95966	79254	95930	99.9625	72.5046	36.7	3.54
NODE_6_length_82210_cov_5.532554	1	82210	18	1386	1.68593	0.0179783	35.1	1
NODE_11_length_50594_cov_377.385821	1	50594	43	3187	6.29917	0.0679725	34.4	1
NODE_15_length_36350_cov_5.563659	1	36350	57876	36346	99.989	140.916	37.1	0.989
NODE_16_length_36268_cov_5.202911	1	36268	2200	35893	98.966	5.31901	36.7	0.992
NODE_17_length_36060_cov_30.766366	1	36060	28938	35981	99.7809	69.29	36	0.99
NODE_22_length_25354_cov_3.861378	1	25354	1820	25102	99.0061	6.32551	36.8	0.99
NODE_25_length_22867_cov_5.385543	1	22867	694	20761	90.7902	2.63419	36.5	0.988
NODE_4_length_50595_cov_67.659972	1	50595	59	4757	9.40211	0.0993181	34.8	0.949
NODE_9_length_29359_cov_4.137114	1	29359	79	6269	21.3529	0.231445	36	1.49
NODE_22_length_12612_cov_2.735526	1	12612	92	4828	38.281	0.588963	35.2	0.978
NODE_3_length_50595_cov_82.409794	1	50595	35	2613	5.16454	0.0566854	35.3	1
NODE_5_length_44363_cov_4.177530	1	44363	203	13135	29.608	0.389717	35.9	0.768
NODE_7_length_36147_cov_14.136346	1	36147	29089	35967	99.502	69.4701	36	1.15
NODE_18_length_15213_cov_9.438580	1	15213	26	2018	13.265	0.152633	36.1	42
NODE_47_length_5840_cov_40.463440	1	5840	561	5248	89.863	8.19212	35.8	0.988
NODE_51_length_5556_cov_13.876568	1	5556	20951	5555	99.982	324.622	35.9	0.987
NODE_57_length_5407_cov_151.267377	1	5407	8361	5401	99.889	135.323	36.5	0.986
NODE_62_length_5084_cov_1208.538278	1	5084	992375	5084	100	17129	36.7	0.991
NODE_2_length_148288_cov_23.186888	1	148288	79	2542	1.71423	0.0473201	37.7	2.95
NODE_6_length_84805_cov_14.802077	1	84805	10	788	0.92919	0.00992866	36.3	1
NODE_24_length_41128_cov_5.105933	1	41128	243	14763	35.8953	0.509288	36.1	0.988
NODE_25_length_41104_cov_10.069039	1	41104	95	5568	13.5461	0.20054	36.6	0.895
NODE_35_length_36642_cov_6.903080	1	36642	2259	36083	98.4744	5.38156	36.5	0.982
NODE_42_length_32103_cov_4.370444	1	32103	680	5805	18.0824	1.85702	36.6	38
NODE_45_length_29051_cov_4.288419	1	29051	778	25646	88.2792	2.38388	37	0.992
NODE_54_length_22851_cov_9.800140	1	22851	1801	22477	98.3633	6.77975	36.1	1.07
NODE_102_length_12697_cov_5.155751	1	12697	178003	12697	100	1241.54	37.2	2.83
NODE_209_length_6209_cov_65496.679721	1	6209	207	5688	91.609	2.84281	35.4	0.995
NODE_235_length_5556_cov_134.878749	1	5556	20326	5556	100	315.977	36	0.989
NODE_249_length_5277_cov_379.647453	1	5277	208	5073	96.1342	3.4296	36.2	1
NODE_4_length_133646_cov_16.294571	1	133646	1121	42104	31.5041	0.730542	36.6	1.21
NODE_7_length_115553_cov_35.746429	1	115553	148	2390	2.06831	0.114303	37.9	0.959
NODE_18_length_57319_cov_76.520624	1	57319	2153	32782	57.1922	3.26956	36.3	0.952
NODE_24_length_50596_cov_1234.024079	1	50596	49	3941	7.78915	0.082299	35	1
NODE_35_length_43849_cov_26.763073	1	43849	3624	43758	99.7925	7.28311	36.8	0.988
NODE_38_length_43069_cov_9.555959	1	43069	390	23352	54.22	0.789686	36.4	1.15
NODE_49_length_38057_cov_4.796748	1	38057	3132	23301	61.2266	7.26216	36.8	12.4
NODE_51_length_37849_cov_4.749140	1	37849	980	31924	84.3457	2.29248	37	0.985
NODE_53_length_36807_cov_5.676671	1	36807	79	5673	15.4128	0.18309	36.1	21.7
NODE_61_length_31489_cov_8.070020	1	31489	199	12684	40.2807	0.556988	36.9	0.985
NODE_63_length_27891_cov_6.995761	1	27891	18	425	1.52379	0.0515937	36.2	5.89
NODE_64_length_27677_cov_8.435522	1	27677	12	1009	3.64563	0.0379738	35.6	1
NODE_69_length_26777_cov_5.823441	1	26777	1949	26256	98.0543	6.10726	35.2	1.48
NODE_76_length_25339_cov_4.381387	1	25339	549	20789	82.0435	1.91113	36.8	0.982
NODE_77_length_25099_cov_4.340960	1	25099	317	15390	61.3172	1.10295	36.3	7.06
NODE_78_length_24488_cov_6.858102	1	24488	505	17377	70.9613	1.80211	36.1	41
NODE_80_length_24274_cov_3.099385	1	24274	106	4281	17.6362	0.369572	35.2	32.9
NODE_86_length_22502_cov_3.552991	1	22502	4	345	1.5332	0.015332	36.2	21
NODE_101_length_17827_cov_4.586484	1	17827	9902	17808	99.8934	47.1274	35.2	1.62
NODE_110_length_17112_cov_3.368119	1	17112	293	11891	69.4892	1.47662	36	0.983
NODE_229_length_6678_cov_5.842066	1	6678	82101	6678	100	1089.04	37.2	1.42
NODE_261_length_5874_cov_27.383915	1	5874	170	4536	77.2217	2.5034	36.1	0.9
NODE_4_length_127150_cov_117.090247	1	127150	16495	126734	99.6728	11.576	37.7	0.983
NODE_7_length_88941_cov_46.993812	1	88941	190	3366	3.78453	0.190328	37.6	3.56
NODE_11_length_72839_cov_23.773563	1	72839	9851	72552	99.606	11.6401	35.9	41.6
NODE_21_length_59130_cov_12.292323	1	59130	1705	52791	89.2796	2.54018	36.7	0.996
NODE_23_length_57177_cov_114.389377	1	57177	2129	30955	54.1389	3.23774	36.3	0.94
NODE_28_length_50596_cov_1491.292179	1	50596	45	3509	6.93533	0.0774172	34.5	1
NODE_30_length_49587_cov_4.531979	1	49587	38	3336	6.72757	0.0679009	36.7	0.921
NODE_35_length_46803_cov_6.051467	1	46803	430	16176	34.5619	0.796487	36.4	1.17
NODE_36_length_46752_cov_29.126753	1	46752	202	13292	28.4309	0.374316	35.8	1.29
NODE_39_length_43620_cov_4.962217	1	43620	37	3089	7.08161	0.073613	36.8	1
NODE_40_length_43084_cov_6.633898	1	43084	6	439	1.01894	0.0114196	34.9	1
NODE_45_length_40665_cov_4.748239	1	40665	1430	37832	93.0333	3.10301	36.8	0.998
NODE_50_length_39226_cov_10.101606	1	39226	413	22401	57.1075	0.923087	36.9	40.1
NODE_56_length_37457_cov_9.262072	1	37457	8154	37311	99.6102	18.9108	36.3	2.83
NODE_58_length_37241_cov_46.337493	1	37241	79	5111	13.7241	0.183669	36.4	7.37
NODE_60_length_36992_cov_10.212497	1	36992	390	20799	56.2257	0.934283	36.8	18.4
NODE_64_length_33972_cov_8.070260	1	33972	447	16338	48.0925	1.1488	36.6	32.3
NODE_68_length_32950_cov_15.789907	1	32950	195	12989	39.4203	0.514143	35.9	1.03
NODE_75_length_29643_cov_5.344836	1	29643	564	23627	79.7052	1.70725	38	41.1
NODE_76_length_29309_cov_5.208553	1	29309	452	20612	70.3265	1.34587	36.4	10.3
NODE_77_length_28348_cov_7.729650	1	28348	2229	16722	58.9883	6.94811	37	0.915
NODE_80_length_27821_cov_14.253908	1	27821	2706	27587	99.1589	8.37774	36.1	1.56
NODE_90_length_25254_cov_6.697329	1	25254	47	3776	14.9521	0.161796	36.4	1.17
NODE_92_length_24473_cov_5.235728	1	24473	535	19811	80.9504	1.92788	36.8	0.993
NODE_98_length_23476_cov_4.904359	1	23476	2	181	0.771	0.00771	35.8	0
NODE_107_length_20703_cov_32.120399	1	20703	4985	20694	99.9565	20.7292	35.9	0.98
NODE_119_length_18951_cov_5.567686	1	18951	126	7968	42.0453	0.593531	36.8	0.976
NODE_127_length_17877_cov_5.437717	1	17877	467	15502	86.7148	2.30805	36.6	41.4
NODE_337_length_5407_cov_169.755419	1	5407	9189	5263	97.3368	148.711	36.4	0.99
NODE_345_length_5277_cov_154.251628	1	5277	210	5104	96.7216	3.45897	36.1	0.986
NODE_17_length_37229_cov_5.527304	1	37229	1199	32971	88.5627	2.84971	37	1.02
NODE_35_length_16708_cov_7.810064	1	16708	135	6966	41.6926	0.688473	35.4	1.84
NODE_79_length_6268_cov_7.561404	1	6268	34	2403	38.3376	0.466656	35.9	1
NODE_1_length_167064_cov_29.887916	1	167064	18	1519	0.909232	0.00961308	35.8	1
NODE_2_length_128004_cov_9.723710	1	128004	520628	125844	98.3126	361.871	37.4	0.985
NODE_9_length_50597_cov_221.425567	1	50597	56	4365	8.62699	0.0919224	35.1	0.964
NODE_15_length_44579_cov_4.400862	1	44579	6	442	0.991498	0.0103636	33.8	1
NODE_25_length_26906_cov_5.574876	1	26906	175	11601	43.1168	0.562031	36	0.989
NODE_66_length_7415_cov_2.395924	1	7415	16	1296	17.4781	0.193661	37.3	1.62
NODE_81_length_6245_cov_24.756704	1	6245	30	2353	37.6781	0.410889	36.2	1
NODE_98_length_5354_cov_128.256463	1	5354	112	3566	66.6044	1.83284	36.4	0.946
NODE_14_length_82374_cov_240.205894	1	82374	19	1281	1.5551	0.0159274	33	1
NODE_21_length_64073_cov_37.552313	1	64073	22	1681	2.62357	0.028171	36	8.91
NODE_22_length_61496_cov_10.163685	1	61496	955	41770	67.9231	1.35009	36.4	0.991
NODE_27_length_56163_cov_10.570810	1	56163	651	33401	59.4715	1.01643	36.6	1.27
NODE_29_length_50686_cov_11.681381	1	50686	2	182	0.359074	0.00359074	36.4	1
NODE_34_length_49123_cov_12.946462	1	49123	2823	47085	95.8512	4.91902	35.8	19.6
NODE_35_length_48678_cov_17.660634	1	48678	30	2555	5.24878	0.0530219	35.3	0.933
NODE_36_length_48286_cov_161.551720	1	48286	254	10749	22.2611	0.466761	37.8	4.69
NODE_41_length_46049_cov_22.527873	1	46049	1326	41402	89.9086	2.52075	36.6	1.18
NODE_42_length_46014_cov_7.064688	1	46014	1513	40011	86.954	2.86476	36.4	1.23
NODE_44_length_45313_cov_24.797539	1	45313	242	16418	36.2324	0.471542	36.4	3.28
NODE_45_length_44530_cov_6.085261	1	44530	3544	44156	99.1601	6.5735	34.9	4.9
NODE_50_length_42455_cov_9.957995	1	42455	3	257	0.605347	0.00605347	34.5	0.667
NODE_54_length_41545_cov_23.951314	1	41545	5013	41294	99.3958	10.6645	37	2.27
NODE_56_length_41017_cov_5.694693	1	41017	6519	40975	99.8976	13.4338	35.3	41.7
NODE_58_length_39387_cov_195.566714	1	39387	47950	39300	99.7791	106.157	36.3	0.998
NODE_66_length_37340_cov_6.786992	1	37340	162	11814	31.639	0.386422	37.4	1.97
NODE_74_length_32607_cov_43.428176	1	32607	37	3118	9.56236	0.0991505	36.3	0.946
NODE_76_length_32402_cov_4.278047	1	32402	609	25170	77.6804	1.66811	36.9	1.32
NODE_85_length_29888_cov_3.843428	1	29888	31	2442	8.1705	0.0923782	36.4	0.968
NODE_86_length_29401_cov_5.339501	1	29401	1047	27160	92.3778	3.0167	35.5	6.94
NODE_90_length_26510_cov_4.099074	1	26510	268	14779	55.7488	0.875368	36.6	1.05
NODE_91_length_25386_cov_3.813628	1	25386	1356	24588	96.8565	4.53163	35.7	1
NODE_98_length_23399_cov_4.973441	1	23399	385	16412	70.1397	1.45164	36.8	1.08
NODE_99_length_23338_cov_3.337113	1	23338	184	11164	47.8361	0.688277	37	2.18
NODE_100_length_23190_cov_23.457402	1	23190	3	258	1.11255	0.0111255	33.7	1
NODE_102_length_22820_cov_4.048935	1	22820	114	7453	32.6599	0.430324	36.1	0.991
NODE_103_length_22548_cov_3.955764	1	22548	205	11976	53.1134	0.800337	37	2.86
NODE_122_length_18523_cov_15.849144	1	18523	662	16578	89.4995	3.0373	35.5	0.997
NODE_137_length_15986_cov_191.716590	1	15986	4831	15829	99.0179	26.9144	37.5	4.31
NODE_142_length_15505_cov_266.883107	1	15505	3879	15424	99.4776	21.8001	36.4	9.43
NODE_286_length_7396_cov_5.191118	1	7396	25	2054	27.7718	0.299486	37.8	0.92
NODE_394_length_5277_cov_264.588280	1	5277	218	5139	97.3849	3.6102	36.2	1
NODE_2_length_111600_cov_9.640486	1	111600	13859	111294	99.7258	11.0924	37.6	0.984
NODE_9_length_45523_cov_3.740213	1	45523	4	361	0.793006	0.00793006	33.4	1
NODE_11_length_38676_cov_4.256959	1	38676	215	9125	23.5934	0.483504	36.5	0.986
NODE_14_length_36134_cov_22.605782	1	36134	28817	36016	99.6734	68.9226	36	0.991
NODE_16_length_32623_cov_3.888142	1	32623	51138	32586	99.8866	138.815	37.1	0.987
NODE_23_length_22286_cov_4.358508	1	22286	1632	22050	98.941	6.45136	36.8	0.982
NODE_25_length_20188_cov_3.698455	1	20188	1482	20030	99.2174	6.29037	36	1
NODE_50_length_10983_cov_6.236914	1	10983	3151	10914	99.3718	25.0628	36.2	1.01
NODE_97_length_5840_cov_82.570614	1	5840	673	5486	93.9384	9.95599	36	0.996
NODE_1_length_291783_cov_17.309309	1	291783	2185	137028	46.9623	0.669659	37.9	1.9
NODE_2_length_224719_cov_12.772874	1	224719	1482	92750	41.2738	0.592091	38	1.17
NODE_5_length_146551_cov_138.816527	1	146551	112023	146539	99.9918	67.0505	36.7	1.06
NODE_9_length_107083_cov_7.960225	1	107083	14455	106780	99.717	12.0407	37.6	0.984
NODE_18_length_51491_cov_4.309861	1	51491	1864	48138	93.4882	3.18065	36.7	1.79
NODE_23_length_46505_cov_8.013886	1	46505	271	18189	39.1119	0.501516	35.6	0.93
NODE_28_length_40659_cov_13.346394	1	40659	649	28683	70.5453	1.4051	36.5	1.04
NODE_34_length_37084_cov_5.937697	1	37084	1164	32358	87.256	2.75046	36.5	0.817
NODE_37_length_29802_cov_5.098867	1	29802	2133	29317	98.3726	6.3186	36.8	0.987
NODE_39_length_28630_cov_5.069326	1	28630	236	13018	45.4698	0.709675	36	0.97
NODE_42_length_27529_cov_6.863980	1	27529	249	14788	53.7179	0.811145	38.1	40.5
NODE_44_length_27445_cov_5.378131	1	27445	1861	27057	98.5863	5.95103	36.6	0.99
NODE_46_length_25582_cov_5.547381	1	25582	129	8565	33.4806	0.439841	36	0.884
NODE_48_length_24386_cov_133.440549	1	24386	60129	24332	99.7786	217.822	36.8	41.5
NODE_60_length_14961_cov_14.778747	1	14961	42	2702	18.0603	0.249248	36.7	14.4
NODE_63_length_14529_cov_5.416955	1	14529	129	6302	43.3753	0.73398	35.2	1.2
NODE_85_length_9810_cov_429.929062	1	9810	1392131	9810	100	12537.9	36.8	5.82
NODE_122_length_6209_cov_70622.697433	1	6209	148	5366	86.4229	2.06265	35.5	0.986
NODE_136_length_5744_cov_864.749341	1	5744	139	4102	71.4136	2.05797	35.8	2.21
NODE_147_length_5556_cov_89.738411	1	5556	21340	5556	100	331.039	35.9	0.987
NODE_1_length_224519_cov_7.116856	1	224519	1584	99437	44.2889	0.633051	38	0.977
NODE_2_length_167110_cov_64.689713	1	167110	11	891	0.533182	0.00564897	35.7	1
NODE_4_length_142877_cov_8.785747	1	142877	1126	69659	48.7545	0.708288	38	0.972
NODE_5_length_139191_cov_8.620788	1	139191	1112	66069	47.4664	0.714155	37.8	0.936
NODE_21_length_49714_cov_4.278741	1	49714	1854	46785	94.1083	3.29308	36.8	1.03
NODE_26_length_46532_cov_8.982421	1	46532	1637	40829	87.7439	3.09381	36.5	0.741
NODE_28_length_46427_cov_14.788256	1	46427	280	18333	39.4878	0.522088	36	0.95
NODE_29_length_46367_cov_11.001188	1	46367	246	16012	34.5332	0.456014	35.8	0.915
NODE_30_length_46266_cov_83.710480	1	46266	4	314	0.678684	0.00678684	34.1	21
NODE_31_length_43850_cov_11.756000	1	43850	3544	43677	99.6055	7.12246	36.8	0.995
NODE_32_length_43436_cov_7.077891	1	43436	189	13434	30.9283	0.384819	36.6	1.41
NODE_35_length_40899_cov_23.333831	1	40899	663	29216	71.4345	1.42385	36.5	1.16
NODE_46_length_36623_cov_13.706793	1	36623	2430	36246	98.9706	5.83043	36.6	0.984
NODE_49_length_32431_cov_3.692241	1	32431	3821	32407	99.926	10.4311	37.1	0.989
NODE_54_length_30192_cov_5.904702	1	30192	724	24590	81.4454	2.04673	35.3	1.06
NODE_55_length_29701_cov_27.068205	1	29701	1551	21222	71.4521	4.64092	37.3	20.2
NODE_56_length_28912_cov_8.397962	1	28912	395	17106	59.1657	1.15582	35.3	11.2
NODE_58_length_27890_cov_4.360841	1	27890	5641	27775	99.5877	17.5828	36.3	0.998
NODE_60_length_25063_cov_6.534149	1	25063	1685	24521	97.8374	5.67051	35.3	0.989
NODE_87_length_14015_cov_251.795559	1	14015	2510	13665	97.5027	15.9584	37.5	1.74
NODE_101_length_12031_cov_26.306363	1	12031	17	1284	10.6724	0.125842	36.3	3.59
NODE_153_length_7396_cov_5.593380	1	7396	14	1077	14.5619	0.170362	37.8	1
NODE_173_length_6469_cov_774.838478	1	6469	120129	6469	100	1631.27	36.8	0.986
NODE_218_length_5084_cov_12194.464307	1	5084	990198	5084	100	17082	36.7	0.995
NODE_4_length_149990_cov_22.694054	1	149990	22125	149760	99.8467	13.1747	37.7	10.8
NODE_11_length_90295_cov_118.359719	1	90295	54697	90293	99.9978	53.0308	36.7	1.06
NODE_14_length_82304_cov_225.187151	1	82304	13	865	1.05098	0.0117005	33.8	1.08
NODE_17_length_66579_cov_12.543699	1	66579	2053	60772	91.278	2.71779	36.9	1.3
NODE_33_length_48678_cov_22.032392	1	48678	32	2611	5.36382	0.0568635	36.2	0.969
NODE_34_length_48295_cov_29.851223	1	48295	348	19484	40.3437	0.618139	35.9	9.47
NODE_39_length_46496_cov_26.700803	1	46496	330	21678	46.6234	0.622484	36	1.4
NODE_40_length_46294_cov_8.238197	1	46294	419	22245	48.0516	0.777768	36.1	17.9
NODE_44_length_45871_cov_5.078160	1	45871	895	34924	76.1352	1.68165	36	0.991
NODE_49_length_42667_cov_9.849948	1	42667	569	28480	66.7495	1.17857	37	41.2
NODE_52_length_42307_cov_7.097250	1	42307	1080	35700	84.3832	2.2527	37	0.985
NODE_54_length_41741_cov_10.161829	1	41741	373	21983	52.6652	0.782899	36.5	1.07
NODE_55_length_41584_cov_17.221676	1	41584	1289	35561	85.5161	2.72432	36.9	1.17
NODE_65_length_38961_cov_7.399476	1	38961	141	10569	27.1271	0.321886	37.1	4.78
NODE_66_length_38717_cov_7.546868	1	38717	2956	38001	98.1507	6.29085	34.8	1.22
NODE_68_length_38440_cov_54.510460	1	38440	13	1024	2.66389	0.0276275	35.5	0.923
NODE_69_length_37272_cov_3.102802	1	37272	2299	36382	97.6121	5.2448	35.5	14.9
NODE_76_length_34918_cov_18.678370	1	34918	2109	32995	94.4928	5.15534	35.5	5.15
NODE_78_length_34810_cov_11.848741	1	34810	2	182	0.522838	0.00522838	38.3	1
NODE_82_length_32967_cov_14.811011	1	32967	2207	32608	98.911	5.62605	35.2	1.05
NODE_84_length_32573_cov_4.820715	1	32573	796	24892	76.4191	2.07878	35.7	41.7
NODE_85_length_32529_cov_5.865646	1	32529	619	25422	78.1518	1.68072	36.7	2.48
NODE_86_length_32364_cov_4.582315	1	32364	641	25171	77.7747	1.7382	36.6	14.5
NODE_87_length_32215_cov_15.592506	1	32215	847	26278	81.5707	2.22791	35.3	2.08
NODE_88_length_32149_cov_48.332741	1	32149	6107	31995	99.521	16.4603	36.3	1.6
NODE_89_length_31829_cov_62.477403	1	31829	29883	31767	99.8052	79.3868	35.2	27.8
NODE_90_length_31247_cov_3.493845	1	31247	281	16614	53.1699	0.79342	36.8	15.7
NODE_92_length_30284_cov_3.410831	1	30284	45	3664	12.0988	0.129507	36.5	17.3
NODE_94_length_29316_cov_3.978435	1	29316	442	19949	68.0482	1.33456	37.1	41.5
NODE_98_length_27642_cov_3.629318	1	27642	160	10908	39.4617	0.508284	36.6	2.54
NODE_99_length_27136_cov_4.809424	1	27136	254	15110	55.6825	0.812242	36	3.47
NODE_103_length_25437_cov_4.427586	1	25437	950	23558	92.6131	3.19401	35.5	0.993
NODE_110_length_22758_cov_8.333524	1	22758	8	152	0.667897	0.0306705	36.1	0.375
NODE_114_length_22362_cov_39.010266	1	22362	20	1662	7.43225	0.0778106	35.9	1
NODE_119_length_21232_cov_24.778675	1	21232	39	2952	13.9035	0.160701	36.4	0.359
NODE_120_length_20547_cov_20.156207	1	20547	3567	20150	98.0678	14.6763	35.4	41.4
NODE_181_length_12451_cov_62.323975	1	12451	2477	12333	99.0523	17.7646	37.6	1.01
NODE_214_length_10360_cov_3.570597	1	10360	598	10025	96.7664	4.93948	35.3	41.5
NODE_278_length_7396_cov_6.279662	1	7396	13	1049	14.1833	0.153597	37.2	0.923
NODE_286_length_7275_cov_4.567867	1	7275	362	7162	98.4467	4.38488	36.9	41.5
NODE_309_length_6605_cov_445.087328	1	6605	181	5126	77.6079	2.37441	36.3	7.24
NODE_390_length_5581_cov_3.514839	1	5581	168521	5581	100	2633.48	36.4	1.03
NODE_15_length_35381_cov_29.469003	1	35381	0	0	0	0	0	0
NODE_105_length_5492_cov_29.344308	1	5492	0	0	0	0	0	0
NODE_11_length_37351_cov_3.546841	1	37351	0	0	0	0	0	0
NODE_79_length_8516_cov_194.794823	1	8516	0	0	0	0	0	0
NODE_35_length_29279_cov_5.928107	1	29279	0	0	0	0	0	0
NODE_60_length_19783_cov_3.659621	1	19783	0	0	0	0	0	0
NODE_96_length_11662_cov_7.022019	1	11662	0	0	0	0	0	0
NODE_164_length_6286_cov_3.027283	1	6286	0	0	0	0	0	0
NODE_23_length_41397_cov_28.250593	1	41397	0	0	0	0	0	0
NODE_47_length_27680_cov_4.110081	1	27680	0	0	0	0	0	0
NODE_51_length_25928_cov_4.825185	1	25928	0	0	0	0	0	0
NODE_158_length_8436_cov_3.682138	1	8436	0	0	0	0	0	0
NODE_42_length_41397_cov_33.888709	1	41397	0	0	0	0	0	0
NODE_192_length_8422_cov_5.291144	1	8422	0	0	0	0	0	0
NODE_59_length_37102_cov_7.659028	1	37102	0	0	0	0	0	0
NODE_118_length_18955_cov_3.719365	1	18955	0	0	0	0	0	0
NODE_12_length_38621_cov_4.452264	1	38621	0	0	0	0	0	0
NODE_91_length_8647_cov_3.054702	1	8647	0	0	0	0	0	0
NODE_38_length_39875_cov_5.639704	1	39875	0	0	0	0	0	0
NODE_53_length_30710_cov_4.642636	1	30710	0	0	0	0	0	0
NODE_28_length_50686_cov_13.389939	1	50686	0	0	0	0	0	0
NODE_77_length_34914_cov_4.634499	1	34914	0	0	0	0	0	0
