#rname	startpos	endpos	numreads	covbases	coverage	meandepth	meanbaseq	meanmapq
DAS_Check_Bin_09_k119_41989:3-49450	1	45022	3715	43651	96.9548	7.11659	35.9	41.7
NODE_39_length_37768_cov_25.508657	1	35529	21	1749	4.92274	0.0514509	36.1	1
NODE_68_length_36781_cov_8.797283	1	22515	199	11096	49.2827	0.768332	36.1	3.08
NODE_18_length_65286_cov_9.613313	1	61998	424	25446	41.0433	0.592761	36.1	1.13
DAS_Check_Bin_01_k119_158026:3-190576	1	190574	1	91	0.0477505	0.000477505	35.2	42
DAS_Check_Bin_01_k119_45347:194-20015	1	19822	3	272	1.37221	0.0137221	38.1	2
NODE_10_length_44613_cov_10.908120	1	44613	50	3900	8.74185	0.0927084	35.1	0.96
NODE_13_length_36623_cov_12.491687	1	36623	803	29957	81.7983	1.90675	36.5	0.993
NODE_14_length_36060_cov_13.057825	1	36060	4779	35727	99.0765	11.3908	35.9	0.998
NODE_16_length_35370_cov_4.255189	1	35370	498	24517	69.3158	1.23302	36.5	0.982
NODE_18_length_31157_cov_3.163269	1	31157	1986	30731	98.6327	5.60683	36.7	0.989
NODE_22_length_23860_cov_5.129553	1	23860	103	6989	29.2917	0.373345	36.2	4.15
NODE_25_length_23308_cov_5.171419	1	23308	22	1825	7.82993	0.0782993	35.3	1
NODE_28_length_21720_cov_3.485299	1	21720	7	510	2.34807	0.0273941	35	1
NODE_38_length_13971_cov_7.375898	1	13971	6406	13856	99.1769	40.4914	36.9	0.989
NODE_39_length_13673_cov_7.531429	1	13673	2921	13503	98.7567	19.0035	37.2	1.16
NODE_86_length_6245_cov_8.653635	1	6245	72	4145	66.3731	0.983187	35.4	1
NODE_88_length_6209_cov_8.324829	1	6209	1647733	6209	100	23220.4	36.4	0.996
NODE_96_length_5842_cov_1098.051840	1	5842	11333	5630	96.3711	165.1	35.7	1.04
NODE_105_length_5492_cov_29.344308	1	5492	1	91	1.65696	0.0165696	38.1	1
NODE_109_length_5407_cov_11252.763079	1	5407	14231	5287	97.7807	229.473	36.2	0.999
NODE_120_length_5084_cov_34199.553390	1	5084	365545	5084	100	6280.23	36.4	0.997
NODE_2_length_172485_cov_32.775068	1	172485	53357	166055	96.2721	27.4224	37.2	0.992
NODE_6_length_61068_cov_9.739465	1	61068	4200	60693	99.3859	6.04927	36.7	1.1
NODE_7_length_58087_cov_6.947994	1	58087	1343	49493	85.205	2.04023	36.7	1.03
NODE_11_length_41469_cov_25.463877	1	41469	1105	33580	80.9762	2.33514	36.7	1.12
NODE_12_length_40031_cov_3.840454	1	40031	270	13724	34.2834	0.591641	36.1	37.3
NODE_17_length_37325_cov_319.259539	1	37325	29	2415	6.47019	0.0704889	37.5	1
NODE_19_length_36060_cov_32.684877	1	36060	4685	35844	99.401	11.1237	35.8	0.995
NODE_23_length_32292_cov_5.397959	1	32292	334	18250	56.5155	0.889663	35.8	0.991
NODE_24_length_31545_cov_5.801683	1	31545	15	1133	3.59169	0.0392772	34.6	22.9
NODE_28_length_27475_cov_4.040518	1	27475	28	2124	7.73066	0.0790901	35.3	3.14
NODE_30_length_25734_cov_5.275400	1	25734	85	6175	23.9955	0.289151	36.8	1
NODE_31_length_25359_cov_5.009406	1	25359	217	13535	53.3736	0.762964	36.9	0.995
NODE_41_length_22305_cov_25.908899	1	22305	575	17642	79.0944	2.20484	35.6	3.64
NODE_42_length_22193_cov_5.490695	1	22193	89	6386	28.7748	0.348173	35.4	35.2
NODE_48_length_18890_cov_3.341333	1	18890	14	855	4.5262	0.0663843	36.3	0.214
NODE_52_length_17580_cov_3.189843	1	17580	9	787	4.47668	0.0447668	35.4	0.889
NODE_214_length_6245_cov_8.318255	1	6245	83	3753	60.0961	1.15645	35.8	1
NODE_217_length_6209_cov_8.798343	1	6209	1599482	6209	100	22545.7	36.4	0.997
NODE_268_length_5407_cov_226.692078	1	5407	16579	5358	99.0938	267.464	36.2	0.997
NODE_292_length_5084_cov_88208.156095	1	5084	392214	5023	98.8002	6738.65	36.4	0.997
NODE_9_length_43915_cov_6.954241	1	43915	61	4667	10.6273	0.115177	35.7	1
NODE_10_length_38461_cov_14.877649	1	38461	1296	32270	83.9032	2.95011	36.5	18.5
NODE_12_length_36623_cov_10.841993	1	36623	820	29559	80.7116	1.96052	36.5	0.999
NODE_16_length_25443_cov_3.831850	1	25443	344	16663	65.4915	1.1909	36.7	1
NODE_25_length_21201_cov_4.167171	1	21201	118	7694	36.2907	0.47427	35.7	1
NODE_34_length_13780_cov_2.793515	1	13780	357	12074	87.6197	2.25312	35.9	1
NODE_39_length_12439_cov_7.203731	1	12439	5723	12433	99.9518	40.6349	36.9	1.38
NODE_72_length_6209_cov_12.989275	1	6209	1609829	6209	100	22682.3	36.4	0.996
NODE_76_length_5842_cov_1509.613790	1	5842	10132	5628	96.3369	147.66	35.7	0.996
NODE_87_length_5402_cov_34.239200	1	5402	3	182	3.36912	0.0433173	37.5	0.333
NODE_89_length_5277_cov_5.447721	1	5277	7022	5277	100	115.193	35.9	0.997
NODE_4_length_238892_cov_6.753413	1	238892	1111	65498	27.4174	0.408511	36.4	18.3
NODE_5_length_189738_cov_6.430987	1	189738	1460	73753	38.871	0.669102	36.2	33.5
NODE_10_length_119230_cov_6.136941	1	119230	785	49436	41.4627	0.573153	36.1	1.12
NODE_12_length_90299_cov_8.811644	1	90299	4867	86179	95.4374	4.78558	37.3	41.7
NODE_13_length_76125_cov_44.994597	1	76125	907	34253	44.9957	1.05202	36.8	0.996
NODE_18_length_62590_cov_137.633981	1	62590	1292	46585	74.4288	1.77006	35.5	38.3
NODE_20_length_55983_cov_7.738449	1	55983	186	11752	20.9921	0.289159	35.9	21.7
NODE_23_length_52152_cov_8.571204	1	52152	2	181	0.347062	0.00347062	37.6	3
NODE_24_length_47733_cov_200.310583	1	47733	1801	44967	94.2053	3.34108	37	1.06
NODE_32_length_43849_cov_21.327442	1	43849	520	27063	61.7186	1.03913	36.5	0.992
NODE_34_length_42243_cov_6.125960	1	42243	143	10031	23.7459	0.2996	36.9	0.993
NODE_40_length_37489_cov_12.035128	1	37489	38	2673	7.13009	0.0826909	34.5	1
NODE_41_length_37113_cov_5.778240	1	37113	403	21798	58.7341	0.932557	35.8	0.99
NODE_44_length_36060_cov_186.741564	1	36060	4914	35575	98.655	11.6953	35.8	0.993
NODE_57_length_28964_cov_3.647964	1	28964	118	8370	28.8979	0.354647	36.4	42
NODE_58_length_28915_cov_2.851594	1	28915	57	4655	16.0989	0.177174	36.6	1
NODE_61_length_27709_cov_4.008787	1	27709	158	9876	35.6418	0.489336	35.6	1
NODE_63_length_26925_cov_11.515333	1	26925	25	1901	7.06035	0.0803714	35.4	4.12
NODE_64_length_26668_cov_4.755420	1	26668	103	7065	26.4924	0.323609	35	1.12
NODE_66_length_25532_cov_5.218589	1	25532	657	21139	82.7941	2.26872	36.6	1.01
NODE_69_length_23559_cov_18.031867	1	23559	168	9700	41.1732	0.610213	36.1	9.8
NODE_71_length_22160_cov_3.786655	1	22160	593	19129	86.3222	2.3412	36.6	1.1
NODE_86_length_17581_cov_4.636540	1	17581	6	500	2.84398	0.0284398	35.7	4.17
NODE_94_length_15427_cov_6.269321	1	15427	185	9216	59.7394	0.995527	34.7	42
NODE_95_length_15356_cov_3.584733	1	15356	243	10016	65.2253	1.33576	35.3	4.08
NODE_165_length_6963_cov_2699.768674	1	6963	3037	6892	98.9803	38.4854	36.9	1.04
NODE_180_length_6209_cov_8.318817	1	6209	1612259	6209	100	22721.2	36.4	0.997
NODE_194_length_5842_cov_59.714187	1	5842	20076	5798	99.2468	295.564	35.9	1.46
NODE_209_length_5407_cov_424.684417	1	5407	17703	5344	98.8348	285.682	36.2	0.997
NODE_212_length_5277_cov_13.385101	1	5277	7162	5276	99.981	117.421	35.9	0.998
NODE_213_length_5084_cov_56753.835156	1	5084	380771	5084	100	6536.97	36.4	0.997
NODE_3_length_160031_cov_246.186322	1	160031	47594	154529	96.5619	26.3752	37.2	1.01
NODE_4_length_135187_cov_5.588891	1	135187	213	14594	10.7954	0.138586	36.5	0.986
NODE_11_length_82624_cov_5.458404	1	82624	226	14520	17.5736	0.24039	36.4	0.973
NODE_20_length_47234_cov_31.155747	1	47234	1443	36338	76.9319	2.64396	35.9	2.84
NODE_22_length_45867_cov_5.463743	1	45867	85	6853	14.941	0.161467	35.8	0.976
NODE_25_length_43849_cov_10.709458	1	43849	553	27881	63.5841	1.10639	36.6	0.991
NODE_27_length_42291_cov_8.031513	1	42291	146	10193	24.1021	0.30432	36.7	0.986
NODE_30_length_41337_cov_7.787607	1	41337	444	23016	55.6789	0.92162	35.8	0.998
NODE_33_length_39957_cov_24.373239	1	39957	4544	38747	96.9717	9.89576	36	1.14
NODE_34_length_38904_cov_21.835774	1	38904	62	4186	10.7598	0.142864	37.3	1
NODE_37_length_37729_cov_6.620083	1	37729	24	1906	5.05182	0.0573034	36.8	1
NODE_38_length_37629_cov_17.014451	1	37629	34	2580	6.85641	0.0709825	34.8	1
NODE_42_length_35867_cov_6.690467	1	35867	62	4566	12.7304	0.141662	35	41.4
NODE_43_length_35817_cov_5.543007	1	35817	57	4443	12.4047	0.140101	36.8	5.3
NODE_46_length_35128_cov_9.695264	1	35128	163	3429	9.76144	0.402813	36	32.6
NODE_47_length_34443_cov_6.100820	1	34443	125	9365	27.1898	0.322591	37.5	42
NODE_49_length_32550_cov_5.505924	1	32550	35	2853	8.76498	0.090722	35.4	11.4
NODE_72_length_21497_cov_3.547617	1	21497	297	15168	70.5587	1.20338	36.3	41.1
NODE_77_length_19576_cov_17.607807	1	19576	124	7722	39.4463	0.539589	35.8	10.3
NODE_210_length_6209_cov_9.798343	1	6209	1621287	6209	100	22867	36.4	0.996
NODE_243_length_5277_cov_12.775565	1	5277	7057	5272	99.9052	115.787	35.9	0.996
NODE_249_length_5084_cov_78920.386956	1	5084	380827	5084	100	6542.32	36.4	0.997
NODE_1_length_164730_cov_5.305092	1	164730	972	60357	36.64	0.51171	36.2	9.27
NODE_2_length_124404_cov_11.033221	1	124404	2641	94764	76.1744	1.88216	37.4	1.02
NODE_4_length_117427_cov_5.768318	1	117427	206	12725	10.8365	0.153474	36.5	0.976
NODE_8_length_96678_cov_134.288192	1	96678	23209	93782	97.0045	21.2726	37.2	0.991
NODE_28_length_43893_cov_22.428281	1	43893	520	27510	62.6751	1.03698	36.6	1.01
NODE_29_length_42291_cov_14.926058	1	42291	142	10555	24.958	0.296872	37.1	0.993
NODE_33_length_37337_cov_16.555415	1	37337	1263	29933	80.1698	2.91038	35.8	2.04
NODE_34_length_37325_cov_110.555514	1	37325	48	3859	10.3389	0.110837	37.1	0.917
NODE_36_length_36495_cov_5.297722	1	36495	29	2534	6.94342	0.071544	36.8	1
NODE_38_length_36114_cov_4.509720	1	36114	937	31165	86.2962	2.2952	36.8	0.99
NODE_39_length_36060_cov_13.462408	1	36060	4870	35791	99.254	11.593	35.8	0.995
NODE_48_length_30963_cov_4.644332	1	30963	2158	12683	40.9618	6.20321	37.7	1.15
NODE_54_length_29179_cov_6.736266	1	29179	646	23172	79.4133	1.93297	36.3	0.998
NODE_66_length_21974_cov_4.464985	1	21974	15	1295	5.89333	0.0589333	35.1	1
NODE_181_length_6454_cov_8661.914049	1	6454	1996	2334	36.1636	27.02	36.5	0.999
NODE_228_length_5277_cov_15.499043	1	5277	6949	5273	99.9242	113.963	36	0.997
NODE_232_length_5084_cov_53965.325313	1	5084	376647	5084	100	6463.03	36.4	0.997
NODE_2_length_164227_cov_5.664328	1	164227	506	31940	19.4487	0.267155	36.2	0.972
NODE_17_length_61395_cov_5.757956	1	61395	177	11968	19.4934	0.252952	36.1	0.921
NODE_26_length_47746_cov_5.112222	1	47746	2119	21898	45.8635	3.96672	37.7	4.56
NODE_31_length_42291_cov_15.102069	1	42291	130	9996	23.6362	0.272588	37	0.992
NODE_44_length_30436_cov_7.486422	1	30436	9	710	2.33276	0.0258904	38	6.89
NODE_48_length_29632_cov_4.402171	1	29632	20	1660	5.60205	0.0565605	34.5	1
NODE_50_length_28964_cov_4.022381	1	28964	14	1252	4.32261	0.0432261	37.3	1
NODE_51_length_27921_cov_3.034092	1	27921	50	3788	13.5668	0.149529	35.1	1
NODE_55_length_25017_cov_5.657880	1	25017	273	13885	55.5023	0.933006	35.9	0.989
NODE_56_length_24833_cov_5.809872	1	24833	556	19978	80.4494	1.97713	36.6	0.991
NODE_97_length_12527_cov_5.050513	1	12527	350	10335	82.5018	2.48735	37.2	1.58
NODE_184_length_5277_cov_11.715818	1	5277	7044	5275	99.9621	115.288	35.9	0.997
NODE_193_length_5034_cov_15.769632	1	5034	2661	5009	99.5034	45.3532	35.7	7.53
NODE_1_length_114607_cov_10.147007	1	114607	40415	110313	96.2533	31.2398	37.1	0.992
NODE_4_length_36816_cov_7.960991	1	36816	406	20280	55.0847	0.945812	36	0.985
NODE_5_length_36230_cov_4.885114	1	36230	12	1042	2.87607	0.0287607	36	42
NODE_10_length_27385_cov_7.189535	1	27385	32	2617	9.55633	0.101187	35.9	0.969
NODE_11_length_26673_cov_11.045683	1	26673	499	19797	74.2211	1.59836	35.7	0.992
NODE_20_length_17239_cov_6.178596	1	17239	6	543	3.14983	0.0314983	36.1	1
NODE_86_length_6209_cov_9.690445	1	6209	1629063	6209	100	22960.9	36.4	0.996
NODE_124_length_5277_cov_25.805247	1	5277	7290	5276	99.981	119.555	35.9	0.998
NODE_1_length_167064_cov_31.023334	1	167064	10905	163585	97.9176	5.76115	36.9	0.993
NODE_7_length_61042_cov_7.357896	1	61042	4588	60559	99.2087	6.60214	36.6	1.12
NODE_11_length_50106_cov_8.639548	1	50106	645	29768	59.4101	1.10825	35.8	1.59
NODE_13_length_47685_cov_12.449024	1	47685	2124	45868	96.1896	3.92696	36.9	1
NODE_14_length_46328_cov_8.666393	1	46328	657	31589	68.1855	1.22559	35.9	1.25
NODE_26_length_33164_cov_59.471171	1	33164	12922	32916	99.2522	34.7158	37.6	0.992
NODE_27_length_32852_cov_6.310150	1	32852	420	21761	66.2395	1.10794	36	0.993
NODE_29_length_31681_cov_4.792196	1	31681	98	7247	22.8749	0.259872	35.4	0.969
NODE_32_length_29822_cov_3.040481	1	29822	153	9285	31.1347	0.432332	35.3	8.14
NODE_37_length_23975_cov_6.355811	1	23975	815	21546	89.8686	2.94803	36.2	0.991
NODE_79_length_8516_cov_194.794823	1	8516	36831	8516	100	386.344	37.7	0.99
NODE_109_length_6469_cov_258.754599	1	6469	16855	6469	100	229.799	36.7	0.996
NODE_117_length_6209_cov_39356.593760	1	6209	1594242	6209	100	22452.6	36.4	0.997
NODE_131_length_5556_cov_340.263043	1	5556	26501	5556	100	409.407	35.7	0.997
NODE_139_length_5354_cov_334.782412	1	5354	4385	5352	99.9626	70.6266	35.7	0.993
NODE_147_length_5084_cov_13961.725393	1	5084	558862	5084	100	9622.54	36.5	0.997
NODE_3_length_123329_cov_12.346099	1	123329	2526	95627	77.5381	1.82136	37.3	0.993
NODE_6_length_84822_cov_16.799037	1	84822	12370	84772	99.9411	12.9254	37.1	1.67
NODE_7_length_82293_cov_17.234271	1	82293	3384	76499	92.9593	3.48573	35.3	0.996
NODE_13_length_50138_cov_17.827646	1	50138	579	29386	58.6102	0.996769	35.7	1.36
NODE_17_length_47511_cov_6.251033	1	47511	159	11747	24.7248	0.291196	35.5	1
NODE_22_length_41227_cov_3.669387	1	41227	1025	34941	84.7527	2.19999	36.6	0.995
NODE_24_length_39433_cov_10.753847	1	39433	1863	37139	94.1825	4.12135	36.2	24.4
NODE_34_length_29970_cov_6.653919	1	29970	237	14230	47.4808	0.677845	35.7	1.03
NODE_35_length_29279_cov_5.928107	1	29279	177	12316	42.0643	0.537143	37.4	1.46
NODE_36_length_28663_cov_6.412088	1	28663	302	16024	55.9048	0.921536	36.1	0.993
NODE_39_length_25023_cov_3.154598	1	25023	126	8800	35.1676	0.435679	36.4	1
NODE_41_length_24643_cov_3.795713	1	24643	126	8542	34.663	0.436919	35	1
NODE_42_length_24457_cov_5.553315	1	24457	526	18496	75.6266	1.85338	36.1	0.99
NODE_46_length_21332_cov_3.397377	1	21332	24	1934	9.06619	0.0980686	35.6	0.917
NODE_52_length_17163_cov_9.937398	1	17163	426	14501	84.4899	2.14123	35.9	0.986
NODE_119_length_6469_cov_423.735111	1	6469	16962	6469	100	231.209	36.7	0.997
NODE_133_length_5840_cov_3038.520311	1	5840	87688	5840	100	1310.34	36.1	3.7
NODE_140_length_5469_cov_7.356114	1	5469	2044	5469	100	29.4533	33.7	41.8
NODE_1_length_157272_cov_245.867635	1	157272	58761	157223	99.9688	33.1362	37.2	1.38
NODE_3_length_116508_cov_7.831949	1	116508	6889	114287	98.0937	5.22828	36.9	0.999
NODE_5_length_78818_cov_6.835964	1	78818	995	40709	51.6494	1.09747	36.2	28.6
NODE_8_length_61519_cov_6.420002	1	61519	409	26624	43.2777	0.572165	36.1	0.998
NODE_11_length_55539_cov_10.359851	1	55539	335	22589	40.6723	0.524802	36.3	4.1
NODE_12_length_54742_cov_5.935359	1	54742	676	31610	57.7436	1.07848	36.5	17
NODE_15_length_49707_cov_409.118646	1	49707	15194	49590	99.7646	26.4584	36.1	3.3
NODE_19_length_46049_cov_20.145976	1	46049	106	8104	17.5986	0.203457	36.8	1
NODE_31_length_37539_cov_17.903879	1	37539	468	23221	61.8583	1.07656	36	1.61
NODE_32_length_37308_cov_5.588865	1	37308	188	12854	34.4537	0.449957	36.8	2.1
NODE_38_length_34710_cov_5.008022	1	34710	231	13771	39.6744	0.561077	35.2	0.991
NODE_39_length_34383_cov_15.503059	1	34383	2603	33613	97.7605	6.57979	36.2	11.3
NODE_40_length_33198_cov_25.854600	1	33198	575	24030	72.3839	1.50762	36.5	1.1
NODE_41_length_33019_cov_71.818742	1	33019	1199	29156	88.3007	3.17811	36.1	1.3
NODE_42_length_30783_cov_6.353228	1	30783	823	26643	86.551	2.36225	36.6	0.994
NODE_43_length_30206_cov_3.324367	1	30206	147	10243	33.9105	0.420645	36.3	41.4
NODE_51_length_25704_cov_4.962455	1	25704	347	17497	68.0711	1.17472	35.8	0.994
NODE_60_length_19783_cov_3.659621	1	19783	129	8869	44.8314	0.588131	37.6	0.984
NODE_68_length_16862_cov_6.336764	1	16862	591	15674	92.9546	2.97491	35	3.6
NODE_96_length_11662_cov_7.022019	1	11662	337	10399	89.17	2.53533	36.9	41.8
NODE_137_length_7399_cov_2.692266	1	7399	16	1240	16.759	0.195972	37.2	1
NODE_157_length_6469_cov_65.568288	1	6469	16697	6468	99.9845	227.414	36.6	0.996
NODE_186_length_5556_cov_469.135975	1	5556	26793	5556	100	413.866	35.7	0.997
NODE_193_length_5407_cov_407.749626	1	5407	29085	5406	99.9815	469.825	36.2	1.49
NODE_194_length_5354_cov_104.200415	1	5354	4591	5351	99.944	73.7038	35.7	0.994
NODE_196_length_5277_cov_172.009958	1	5277	7108	5273	99.9242	116.756	35.9	0.997
NODE_4_length_95966_cov_30.590652	1	95966	41765	95934	99.9667	38.0747	36.5	3.47
NODE_6_length_82210_cov_5.532554	1	82210	3457	78371	95.3303	3.57212	35.4	1.01
NODE_11_length_50594_cov_377.385821	1	50594	99292	50594	100	171.674	36.3	1.22
NODE_15_length_36350_cov_5.563659	1	36350	1604	34819	95.7882	3.88993	36.8	1.04
NODE_16_length_36268_cov_5.202911	1	36268	776	29609	81.6395	1.87948	36.6	0.994
NODE_17_length_36060_cov_30.766366	1	36060	5495	35989	99.8031	13.1001	35.9	0.991
NODE_22_length_25354_cov_3.861378	1	25354	310	16710	65.9068	1.079	36.5	0.987
NODE_25_length_22867_cov_5.385543	1	22867	1858	22526	98.5088	7.06306	36.2	1.03
NODE_4_length_50595_cov_67.659972	1	50595	96615	50595	100	166.855	36.3	0.993
NODE_9_length_29359_cov_4.137114	1	29359	7917	29348	99.9625	23.4906	36.2	1.33
NODE_22_length_12612_cov_2.735526	1	12612	237	8795	69.7352	1.57239	35.1	1.11
NODE_3_length_50595_cov_82.409794	1	50595	98443	50595	100	170.135	36.3	0.993
NODE_5_length_44363_cov_4.177530	1	44363	14467	44332	99.9301	28.3014	36.1	1.23
NODE_7_length_36147_cov_14.136346	1	36147	5711	36018	99.6431	13.5798	35.8	1.12
NODE_18_length_15213_cov_9.438580	1	15213	79486	15213	100	460.284	36.7	41.8
NODE_47_length_5840_cov_40.463440	1	5840	65147	5840	100	967.837	35.9	1.37
NODE_51_length_5556_cov_13.876568	1	5556	26788	5556	100	412.847	35.7	0.997
NODE_57_length_5407_cov_151.267377	1	5407	27208	5406	99.9815	439.561	36.2	1.02
NODE_62_length_5084_cov_1208.538278	1	5084	563117	5084	100	9700.4	36.5	0.997
NODE_2_length_148288_cov_23.186888	1	148288	965	62846	42.381	0.579845	37.4	13.3
NODE_6_length_84805_cov_14.802077	1	84805	12466	84777	99.967	13.0292	37.1	1.06
NODE_23_length_41397_cov_28.250593	1	41397	319	18861	45.5613	0.684349	37.7	0.987
NODE_24_length_41128_cov_5.105933	1	41128	250	16229	39.4597	0.527767	36	0.996
NODE_25_length_41104_cov_10.069039	1	41104	815	31589	76.8514	1.73713	36.4	1.07
NODE_35_length_36642_cov_6.903080	1	36642	738	28325	77.302	1.75438	36.3	0.993
NODE_42_length_32103_cov_4.370444	1	32103	928	28186	87.7986	2.52606	36.4	41.3
NODE_45_length_29051_cov_4.288419	1	29051	129	9850	33.9059	0.396923	37	0.992
NODE_47_length_27680_cov_4.110081	1	27680	179	11499	41.5426	0.541799	35.6	0.994
NODE_51_length_25928_cov_4.825185	1	25928	185	12057	46.5019	0.634334	37.5	0.989
NODE_54_length_22851_cov_9.800140	1	22851	97	6411	28.0557	0.358978	35.6	0.979
NODE_102_length_12697_cov_5.155751	1	12697	7327	12648	99.6141	50.8779	36.9	4.78
NODE_158_length_8436_cov_3.682138	1	8436	37517	8411	99.7037	397.303	37.6	0.992
NODE_209_length_6209_cov_65496.679721	1	6209	1603775	6209	100	22601.3	36.4	1
NODE_235_length_5556_cov_134.878749	1	5556	26380	5556	100	406.957	35.7	0.997
NODE_249_length_5277_cov_379.647453	1	5277	7312	5275	99.9621	120.305	35.9	0.998
NODE_4_length_133646_cov_16.294571	1	133646	3654	112478	84.1611	2.39284	36.2	16.3
NODE_7_length_115553_cov_35.746429	1	115553	685	45553	39.4217	0.528883	37.5	0.981
NODE_18_length_57319_cov_76.520624	1	57319	224	15638	27.2824	0.33652	36.1	0.973
NODE_24_length_50596_cov_1234.024079	1	50596	97827	50595	99.998	169.118	36.3	0.993
NODE_35_length_43849_cov_26.763073	1	43849	492	27456	62.6149	0.982987	36.6	0.99
NODE_38_length_43069_cov_9.555959	1	43069	231	15503	35.9957	0.467506	36.4	1.03
NODE_42_length_41397_cov_33.888709	1	41397	342	21298	51.4482	0.74288	37.7	0.985
NODE_49_length_38057_cov_4.796748	1	38057	362	21012	55.2119	0.842788	36.7	13.3
NODE_51_length_37849_cov_4.749140	1	37849	147	10420	27.5304	0.343576	36.7	0.986
NODE_53_length_36807_cov_5.676671	1	36807	47	3529	9.58785	0.105686	35.6	21.1
NODE_61_length_31489_cov_8.070020	1	31489	214	13386	42.5101	0.600781	36.6	1
NODE_63_length_27891_cov_6.995761	1	27891	427	18338	65.7488	1.33588	36.4	18.6
NODE_64_length_27677_cov_8.435522	1	27677	78	5510	19.9082	0.233587	34.9	1
NODE_69_length_26777_cov_5.823441	1	26777	24	1865	6.96493	0.0710311	34.7	0.917
NODE_76_length_25339_cov_4.381387	1	25339	556	19928	78.6456	1.94001	36.6	0.991
NODE_77_length_25099_cov_4.340960	1	25099	70	5097	20.3076	0.249293	36.2	5.39
NODE_78_length_24488_cov_6.858102	1	24488	66	5053	20.6346	0.23097	36.2	42
NODE_80_length_24274_cov_3.099385	1	24274	142	8161	33.6203	0.498888	35.5	39.3
NODE_86_length_22502_cov_3.552991	1	22502	142	9475	42.1074	0.565105	37.2	10.4
NODE_101_length_17827_cov_4.586484	1	17827	559	15728	88.2257	2.6328	34.9	1.05
NODE_110_length_17112_cov_3.368119	1	17112	486	15702	91.7602	2.44285	35.9	0.998
NODE_192_length_8422_cov_5.291144	1	8422	37277	8422	100	395.713	37.7	0.992
NODE_229_length_6678_cov_5.842066	1	6678	2932	6678	100	38.7541	36.9	1.26
NODE_261_length_5874_cov_27.383915	1	5874	4540	5812	98.9445	66.3192	35.7	0.993
NODE_4_length_127150_cov_117.090247	1	127150	2563	92768	72.9595	1.78924	37.3	0.991
NODE_7_length_88941_cov_46.993812	1	88941	732	37661	42.3438	0.728415	37.2	19.5
NODE_11_length_72839_cov_23.773563	1	72839	4253	67026	92.0194	5.00734	35.6	41.9
NODE_21_length_59130_cov_12.292323	1	59130	1368	49888	84.37	2.04524	36.8	0.993
NODE_23_length_57177_cov_114.389377	1	57177	201	14146	24.7407	0.307956	36.2	0.96
NODE_28_length_50596_cov_1491.292179	1	50596	98722	50596	100	170.614	36.3	0.992
NODE_30_length_49587_cov_4.531979	1	49587	304	20293	40.924	0.53514	36.4	1
NODE_35_length_46803_cov_6.051467	1	46803	526	27546	58.8552	0.975814	36.3	20.5
NODE_36_length_46752_cov_29.126753	1	46752	367	23132	49.4781	0.673511	35.6	1.18
NODE_39_length_43620_cov_4.962217	1	43620	203	14416	33.0491	0.406396	36.4	1
NODE_40_length_43084_cov_6.633898	1	43084	1434	39050	90.6369	2.85159	35.4	1.06
NODE_45_length_40665_cov_4.748239	1	40665	68	5300	13.0333	0.146834	36.5	0.926
NODE_50_length_39226_cov_10.101606	1	39226	188	12704	32.3867	0.417886	36.6	41.8
NODE_56_length_37457_cov_9.262072	1	37457	432	23659	63.1631	1.0047	36	1.73
NODE_58_length_37241_cov_46.337493	1	37241	782	29771	79.9415	1.81869	36.3	1.3
NODE_59_length_37102_cov_7.659028	1	37102	229	14515	39.1219	0.533125	35.7	1
NODE_60_length_36992_cov_10.212497	1	36992	358	19956	53.9468	0.852292	36.9	18.7
NODE_64_length_33972_cov_8.070260	1	33972	300	17783	52.346	0.764159	36.1	41
NODE_68_length_32950_cov_15.789907	1	32950	467	21871	66.3763	1.23269	35.9	1.09
NODE_75_length_29643_cov_5.344836	1	29643	63	5171	17.4443	0.191074	37.4	41.3
NODE_76_length_29309_cov_5.208553	1	29309	61	5033	17.1722	0.180388	35.9	17.1
NODE_77_length_28348_cov_7.729650	1	28348	261	15333	54.0885	0.815895	37.1	0.989
NODE_80_length_27821_cov_14.253908	1	27821	181	10421	37.4573	0.556702	35.7	2.8
NODE_90_length_25254_cov_6.697329	1	25254	24	1896	7.50772	0.0799873	35.6	1
NODE_92_length_24473_cov_5.235728	1	24473	526	18880	77.1462	1.89433	36.5	0.992
NODE_98_length_23476_cov_4.904359	1	23476	136	9589	40.846	0.511288	36.7	12
NODE_107_length_20703_cov_32.120399	1	20703	338	15436	74.5592	1.38207	35.6	0.988
NODE_119_length_18951_cov_5.567686	1	18951	234	12382	65.3369	1.08459	36.4	0.996
NODE_127_length_17877_cov_5.437717	1	17877	44	3534	19.7684	0.214521	35.8	42
NODE_337_length_5407_cov_169.755419	1	5407	26628	5407	100	431.732	36.3	0.996
NODE_345_length_5277_cov_154.251628	1	5277	7192	5274	99.9431	118.045	35.9	0.998
NODE_17_length_37229_cov_5.527304	1	37229	1004	32423	87.0907	2.37063	36.6	1.08
NODE_35_length_16708_cov_7.810064	1	16708	417	13739	82.2301	2.11372	35.1	2.44
NODE_79_length_6268_cov_7.561404	1	6268	43	2878	45.9158	0.580568	35.5	1
NODE_1_length_167064_cov_29.887916	1	167064	11170	163917	98.1163	5.9134	36.9	1.01
NODE_2_length_128004_cov_9.723710	1	128004	49832	127976	99.9781	34.5397	37.2	0.999
NODE_9_length_50597_cov_221.425567	1	50597	97789	50597	100	168.827	36.3	1
NODE_15_length_44579_cov_4.400862	1	44579	725	31704	71.1187	1.39889	35.9	1.82
NODE_25_length_26906_cov_5.574876	1	26906	411	19664	73.0841	1.30852	35.7	1.05
NODE_66_length_7415_cov_2.395924	1	7415	19	1402	18.9076	0.218071	37.6	1.53
NODE_81_length_6245_cov_24.756704	1	6245	61	3639	58.2706	0.851401	35.7	1
NODE_98_length_5354_cov_128.256463	1	5354	4357	5354	100	70.124	35.7	0.993
NODE_14_length_82374_cov_240.205894	1	82374	3514	77275	93.8099	3.61065	35.3	0.995
NODE_21_length_64073_cov_37.552313	1	64073	934	41441	64.6778	1.24603	36	10.4
NODE_22_length_61496_cov_10.163685	1	61496	423	26606	43.2646	0.594299	36.2	0.993
NODE_27_length_56163_cov_10.570810	1	56163	387	24641	43.8741	0.598134	36.1	1.24
NODE_29_length_50686_cov_11.681381	1	50686	283	17730	34.9801	0.456161	34.5	0.993
NODE_34_length_49123_cov_12.946462	1	49123	402	22246	45.2863	0.690878	35.3	15.9
NODE_35_length_48678_cov_17.660634	1	48678	131	9588	19.6968	0.227557	35.3	0.985
NODE_36_length_48286_cov_161.551720	1	48286	21678	48142	99.7018	40.0158	37.6	11
NODE_41_length_46049_cov_22.527873	1	46049	81	6571	14.2696	0.155747	36.6	0.975
NODE_42_length_46014_cov_7.064688	1	46014	398	23602	51.2931	0.749815	36.3	0.957
NODE_44_length_45313_cov_24.797539	1	45313	112	8228	18.1581	0.213846	36.1	1.73
NODE_45_length_44530_cov_6.085261	1	44530	121	8409	18.8839	0.2223	34.5	12.5
NODE_50_length_42455_cov_9.957995	1	42455	263	16631	39.1732	0.520245	35.3	5.68
NODE_54_length_41545_cov_23.951314	1	41545	996	33851	81.4803	2.10798	36.7	1.43
NODE_56_length_41017_cov_5.694693	1	41017	127	9142	22.2883	0.26038	34.9	40.3
NODE_58_length_39387_cov_195.566714	1	39387	5269	38831	98.5884	11.6292	36	2.22
NODE_66_length_37340_cov_6.786992	1	37340	52	4231	11.331	0.124505	37.4	1
NODE_74_length_32607_cov_43.428176	1	32607	1322	29757	91.2595	3.53206	36.1	0.986
NODE_76_length_32402_cov_4.278047	1	32402	654	24835	76.6465	1.77881	36.7	1.41
NODE_85_length_29888_cov_3.843428	1	29888	124	8877	29.7009	0.360479	36.5	1
NODE_86_length_29401_cov_5.339501	1	29401	281	13391	45.5461	0.801741	35.2	8.54
NODE_90_length_26510_cov_4.099074	1	26510	212	12196	46.0053	0.691286	35.8	0.986
NODE_91_length_25386_cov_3.813628	1	25386	41	3174	12.503	0.135035	35.3	1
NODE_98_length_23399_cov_4.973441	1	23399	80	5963	25.484	0.301466	36.7	0.975
NODE_99_length_23338_cov_3.337113	1	23338	171	11105	47.5833	0.649327	36.8	1.26
NODE_100_length_23190_cov_23.457402	1	23190	300	14691	63.3506	1.13342	36.4	1.03
NODE_102_length_22820_cov_4.048935	1	22820	231	13023	57.0684	0.871998	36.1	0.987
NODE_103_length_22548_cov_3.955764	1	22548	48	3735	16.5647	0.185781	37.1	0.958
NODE_122_length_18523_cov_15.849144	1	18523	47	3443	18.5877	0.216704	35	1
NODE_137_length_15986_cov_191.716590	1	15986	3614	15828	99.0116	20.0915	37.1	4.65
NODE_142_length_15505_cov_266.883107	1	15505	5582	15425	99.484	31.2898	36.1	8.27
NODE_286_length_7396_cov_5.191118	1	7396	8	647	8.74797	0.0930233	35.5	1
NODE_394_length_5277_cov_264.588280	1	5277	7137	5275	99.9621	116.924	35.9	0.997
NODE_2_length_111600_cov_9.640486	1	111600	2139	80548	72.1756	1.69643	37.3	0.993
NODE_9_length_45523_cov_3.740213	1	45523	4472	45169	99.2224	8.69923	37	1
NODE_11_length_38676_cov_4.256959	1	38676	1014	32686	84.5124	2.29752	36.3	0.995
NODE_12_length_38621_cov_4.452264	1	38621	351	19742	51.1173	0.80855	37.6	0.991
NODE_14_length_36134_cov_22.605782	1	36134	5401	36029	99.7094	12.8307	35.8	1.01
NODE_16_length_32623_cov_3.888142	1	32623	1485	30386	93.1429	4.01836	36.9	0.996
NODE_23_length_22286_cov_4.358508	1	22286	243	13488	60.5223	0.968231	36.6	0.996
NODE_25_length_20188_cov_3.698455	1	20188	116	7575	37.5223	0.493561	35.9	0.948
NODE_50_length_10983_cov_6.236914	1	10983	4749	10933	99.5448	37.5887	36	0.993
NODE_97_length_5840_cov_82.570614	1	5840	62053	5840	100	922.053	36	1.08
NODE_1_length_291783_cov_17.309309	1	291783	665	51834	17.7646	0.202462	37.4	1.46
NODE_2_length_224719_cov_12.772874	1	224719	414	32658	14.5328	0.164441	37.6	1.08
NODE_5_length_146551_cov_138.816527	1	146551	60775	146380	99.8833	36.2374	36.5	1.02
NODE_9_length_107083_cov_7.960225	1	107083	2416	84238	78.6661	2.004	37.3	0.991
NODE_18_length_51491_cov_4.309861	1	51491	63	5243	10.1824	0.106407	36.4	4.25
NODE_23_length_46505_cov_8.013886	1	46505	703	32637	70.1796	1.30653	35.8	1.13
NODE_28_length_40659_cov_13.346394	1	40659	353	20495	50.407	0.748174	36.2	1.02
NODE_34_length_37084_cov_5.937697	1	37084	337	19282	51.9955	0.789694	36.3	0.961
NODE_37_length_29802_cov_5.098867	1	29802	326	18280	61.3382	0.959533	36.6	0.979
NODE_39_length_28630_cov_5.069326	1	28630	401	19971	69.7555	1.20405	35.8	1.1
NODE_42_length_27529_cov_6.863980	1	27529	46	3535	12.841	0.146391	37.8	42
NODE_44_length_27445_cov_5.378131	1	27445	625	22571	82.2408	2.00353	36.6	0.995
NODE_46_length_25582_cov_5.547381	1	25582	154	9351	36.553	0.52107	35.5	1
NODE_48_length_24386_cov_133.440549	1	24386	12615	24278	99.5571	45.5869	36.6	41.8
NODE_60_length_14961_cov_14.778747	1	14961	34	2612	17.4587	0.198516	37	21.3
NODE_63_length_14529_cov_5.416955	1	14529	456	12756	87.7968	2.61635	34.9	2.97
NODE_85_length_9810_cov_429.929062	1	9810	16105	6465	65.9021	144.883	36.7	0.997
NODE_91_length_8647_cov_3.054702	1	8647	248	7636	88.3081	2.4834	36.2	40.8
NODE_122_length_6209_cov_70622.697433	1	6209	1618518	6209	100	22814.5	36.4	0.997
NODE_136_length_5744_cov_864.749341	1	5744	4669	5685	98.9728	70.1388	35.8	1.05
NODE_147_length_5556_cov_89.738411	1	5556	27270	5555	99.982	420.843	35.7	0.998
NODE_1_length_224519_cov_7.116856	1	224519	413	33689	15.005	0.16387	37.5	0.988
NODE_2_length_167110_cov_64.689713	1	167110	10733	163002	97.5417	5.66995	36.9	0.999
NODE_4_length_142877_cov_8.785747	1	142877	247	19998	13.9967	0.154602	37.8	0.988
NODE_5_length_139191_cov_8.620788	1	139191	284	23034	16.5485	0.181599	37.4	0.965
NODE_21_length_49714_cov_4.278741	1	49714	80	6688	13.453	0.143601	36.7	0.975
NODE_26_length_46532_cov_8.982421	1	46532	437	25011	53.7501	0.820511	36.1	0.943
NODE_28_length_46427_cov_14.788256	1	46427	660	31770	68.43	1.23749	35.8	0.994
NODE_29_length_46367_cov_11.001188	1	46367	292	19014	41.0076	0.536739	35.7	0.993
NODE_30_length_46266_cov_83.710480	1	46266	5512	46236	99.9352	10.5531	37.2	1.29
NODE_31_length_43850_cov_11.756000	1	43850	625	31022	70.7457	1.25117	36.6	0.998
NODE_32_length_43436_cov_7.077891	1	43436	126	9014	20.7524	0.255479	36.1	1.65
NODE_35_length_40899_cov_23.333831	1	40899	318	17880	43.7175	0.666251	36	0.997
NODE_38_length_39875_cov_5.639704	1	39875	239	15046	37.7329	0.49911	34.7	1
NODE_46_length_36623_cov_13.706793	1	36623	822	29560	80.7143	1.96822	36.4	0.995
NODE_49_length_32431_cov_3.692241	1	32431	901	27947	86.1737	2.43943	36.5	0.997
NODE_54_length_30192_cov_5.904702	1	30192	92	7077	23.44	0.258545	34.8	1
NODE_55_length_29701_cov_27.068205	1	29701	24	1906	6.41729	0.069863	37.4	22.8
NODE_56_length_28912_cov_8.397962	1	28912	20	1664	5.7554	0.0614624	36.5	5.1
NODE_58_length_27890_cov_4.360841	1	27890	337	17218	61.7354	1.06081	36.2	1.08
NODE_60_length_25063_cov_6.534149	1	25063	20	1490	5.94502	0.0608866	33.8	1
NODE_87_length_14015_cov_251.795559	1	14015	457	12367	88.2412	2.9091	37.2	1.81
NODE_101_length_12031_cov_26.306363	1	12031	38	2755	22.8992	0.276785	37.6	20
NODE_153_length_7396_cov_5.593380	1	7396	19	1459	19.7269	0.216874	37.4	1
NODE_173_length_6469_cov_774.838478	1	6469	17243	6468	99.9845	234.771	36.6	0.995
NODE_218_length_5084_cov_12194.464307	1	5084	521006	5084	100	8960.45	36.4	0.997
NODE_4_length_149990_cov_22.694054	1	149990	3215	116730	77.8252	1.9041	37.4	8.27
NODE_11_length_90295_cov_118.359719	1	90295	28889	90285	99.9889	27.9118	36.5	1.02
NODE_14_length_82304_cov_225.187151	1	82304	3446	77401	94.0428	3.54118	35.3	1.02
NODE_17_length_66579_cov_12.543699	1	66579	1438	53556	80.4398	1.90318	36.7	1.1
NODE_28_length_50686_cov_13.389939	1	50686	294	18449	36.3986	0.475772	34.6	1
NODE_33_length_48678_cov_22.032392	1	48678	155	11494	23.6123	0.269198	35.4	0.974
NODE_34_length_48295_cov_29.851223	1	48295	357	21692	44.9156	0.635594	35.8	1.43
NODE_39_length_46496_cov_26.700803	1	46496	656	32077	68.9887	1.20514	35.8	0.997
NODE_40_length_46294_cov_8.238197	1	46294	658	30266	65.3778	1.20942	35.8	16.2
NODE_44_length_45871_cov_5.078160	1	45871	75	5925	12.9167	0.138257	35.6	0.973
NODE_49_length_42667_cov_9.849948	1	42667	18029	42653	99.9672	37.2824	36.8	41.8
NODE_52_length_42307_cov_7.097250	1	42307	126	9616	22.7291	0.261895	36.7	1
NODE_54_length_41741_cov_10.161829	1	41741	203	14127	33.8444	0.423684	36.3	0.99
NODE_55_length_41584_cov_17.221676	1	41584	1108	34041	81.8608	2.33828	36.6	1.14
NODE_65_length_38961_cov_7.399476	1	38961	39	3419	8.77544	0.0877544	36.8	5.21
NODE_66_length_38717_cov_7.546868	1	38717	85	6161	15.9129	0.178991	34.6	1.12
NODE_68_length_38440_cov_54.510460	1	38440	131	9048	23.538	0.279761	35	1.19
NODE_69_length_37272_cov_3.102802	1	37272	52	3933	10.5522	0.120036	35.6	9.08
NODE_76_length_34918_cov_18.678370	1	34918	166	11074	31.7143	0.397646	35.1	3.6
NODE_77_length_34914_cov_4.634499	1	34914	136	9550	27.3529	0.335539	35.8	42
NODE_78_length_34810_cov_11.848741	1	34810	250	15777	45.3232	0.639759	37.5	8.56
NODE_82_length_32967_cov_14.811011	1	32967	20	1771	5.37204	0.0537204	35.2	1
NODE_84_length_32573_cov_4.820715	1	32573	786	24597	75.5135	2.03592	35.2	41.9
NODE_85_length_32529_cov_5.865646	1	32529	669	26046	80.0701	1.82071	36.6	1.7
NODE_86_length_32364_cov_4.582315	1	32364	150	9406	29.0632	0.408015	36.6	16.9
NODE_87_length_32215_cov_15.592506	1	32215	125	8752	27.1675	0.328015	34.9	0.992
NODE_88_length_32149_cov_48.332741	1	32149	389	18817	58.5306	1.05198	36.2	1.2
NODE_89_length_31829_cov_62.477403	1	31829	1371	28206	88.6173	3.61934	34.9	22.9
NODE_90_length_31247_cov_3.493845	1	31247	66	5300	16.9616	0.184562	36.6	14.7
NODE_92_length_30284_cov_3.410831	1	30284	171	10778	35.5898	0.494188	36.8	11.4
NODE_94_length_29316_cov_3.978435	1	29316	169	10893	37.1572	0.51054	36.8	41
NODE_98_length_27642_cov_3.629318	1	27642	268	15511	56.1139	0.841509	36.1	0.993
NODE_99_length_27136_cov_4.809424	1	27136	286	15050	55.4614	0.914542	36	1.93
NODE_103_length_25437_cov_4.427586	1	25437	248	12796	50.3047	0.821205	35.3	1.03
NODE_110_length_22758_cov_8.333524	1	22758	223	12734	55.954	0.864883	36.3	0.933
NODE_114_length_22362_cov_39.010266	1	22362	924	20008	89.4732	3.58215	36	1.02
NODE_119_length_21232_cov_24.778675	1	21232	407	15105	71.1426	1.65717	36.3	0.98
NODE_120_length_20547_cov_20.156207	1	20547	108	7144	34.7691	0.443179	35.2	41.6
NODE_181_length_12451_cov_62.323975	1	12451	400	10771	86.5071	2.86941	37.3	0.995
NODE_214_length_10360_cov_3.570597	1	10360	12	949	9.16023	0.102606	34.4	42
NODE_278_length_7396_cov_6.279662	1	7396	18	1364	18.4424	0.214035	36.4	1
NODE_286_length_7275_cov_4.567867	1	7275	448	7142	98.1718	5.43189	36.6	41.9
NODE_309_length_6605_cov_445.087328	1	6605	4683	6604	99.9849	61.0939	35.8	1.61
NODE_21_length_46020_cov_7.992255	1	44173	0	0	0	0	0	0
DAS_Check_Bin_07_k119_159765:247-42184	1	41938	0	0	0	0	0	0
NODE_15_length_35381_cov_29.469003	1	35381	0	0	0	0	0	0
NODE_99_length_5721_cov_1061.804977	1	5721	0	0	0	0	0	0
NODE_102_length_5581_cov_15638.208288	1	5581	0	0	0	0	0	0
NODE_104_length_5514_cov_1878.878732	1	5514	0	0	0	0	0	0
NODE_258_length_5581_cov_2813.330800	1	5581	0	0	0	0	0	0
NODE_262_length_5514_cov_38.326067	1	5514	0	0	0	0	0	0
NODE_7_length_46020_cov_16.937757	1	46020	0	0	0	0	0	0
NODE_11_length_37351_cov_3.546841	1	37351	0	0	0	0	0	0
NODE_14_length_35381_cov_20.886033	1	35381	0	0	0	0	0	0
NODE_57_length_7439_cov_2.481446	1	7439	0	0	0	0	0	0
NODE_27_length_46064_cov_34.699428	1	46064	0	0	0	0	0	0
NODE_113_length_12763_cov_3.351196	1	12763	0	0	0	0	0	0
NODE_203_length_5535_cov_3.585219	1	5535	0	0	0	0	0	0
NODE_205_length_5514_cov_740.579227	1	5514	0	0	0	0	0	0
NODE_24_length_43860_cov_6.177765	1	43860	0	0	0	0	0	0
NODE_103_length_15861_cov_5.174997	1	15861	0	0	0	0	0	0
NODE_235_length_5514_cov_1351.351346	1	5514	0	0	0	0	0	0
NODE_176_length_5514_cov_454.349698	1	5514	0	0	0	0	0	0
NODE_113_length_5514_cov_54.894486	1	5514	0	0	0	0	0	0
NODE_164_length_6286_cov_3.027283	1	6286	0	0	0	0	0	0
NODE_118_length_18955_cov_3.719365	1	18955	0	0	0	0	0	0
NODE_53_length_30710_cov_4.642636	1	30710	0	0	0	0	0	0
NODE_390_length_5581_cov_3.514839	1	5581	0	0	0	0	0	0
