#rname	startpos	endpos	numreads	covbases	coverage	meandepth	meanbaseq	meanmapq
DAS_Check_Bin_09_k119_41989:3-49450	1	45022	18342	44678	99.2359	35.327	36	41.7
NODE_39_length_37768_cov_25.508657	1	35529	4	363	1.0217	0.010217	38.6	1
NODE_21_length_46020_cov_7.992255	1	44173	2	169	0.382587	0.00412016	35.9	0
NODE_68_length_36781_cov_8.797283	1	22515	275	14486	64.3393	1.06711	36.3	3.73
NODE_18_length_65286_cov_9.613313	1	61998	140	10155	16.3796	0.197587	36.3	0.993
DAS_Check_Bin_01_k119_158026:3-190576	1	190574	6	477	0.250296	0.00285453	37.3	42
DAS_Check_Bin_01_k119_45347:194-20015	1	19822	2	181	0.913127	0.00913127	33.7	21
NODE_10_length_44613_cov_10.908120	1	44613	61	4748	10.6426	0.118306	36.3	0.967
NODE_13_length_36623_cov_12.491687	1	36623	337	19186	52.3878	0.808618	36.5	0.991
NODE_14_length_36060_cov_13.057825	1	36060	5211	35516	98.4914	12.4446	35.9	0.995
NODE_16_length_35370_cov_4.255189	1	35370	454	22939	64.8544	1.12576	36.8	0.991
NODE_18_length_31157_cov_3.163269	1	31157	615	25519	81.9045	1.74972	36.8	0.987
NODE_22_length_23860_cov_5.129553	1	23860	69	5241	21.9656	0.253479	36.3	3.38
NODE_25_length_23308_cov_5.171419	1	23308	99	7193	30.8606	0.362022	35.7	0.97
NODE_28_length_21720_cov_3.485299	1	21720	180	10010	46.0866	0.682873	34.7	0.983
NODE_38_length_13971_cov_7.375898	1	13971	120	6528	46.7254	0.757211	37	0.983
NODE_39_length_13673_cov_7.531429	1	13673	6647	13597	99.4442	43.3062	37.3	1.12
NODE_86_length_6245_cov_8.653635	1	6245	389	6134	98.2226	5.36829	36	0.997
NODE_88_length_6209_cov_8.324829	1	6209	2344749	6209	100	33155.7	36.5	0.994
NODE_96_length_5842_cov_1098.051840	1	5842	1957	5222	89.3872	28.6474	35.8	0.998
NODE_105_length_5492_cov_29.344308	1	5492	2	144	2.622	0.02622	33.1	1
NODE_109_length_5407_cov_11252.763079	1	5407	39626	5330	98.5759	641.417	36.3	0.996
NODE_120_length_5084_cov_34199.553390	1	5084	54796	5072	99.764	945.207	36.5	0.997
NODE_2_length_172485_cov_32.775068	1	172485	811	54160	31.3998	0.416164	37.3	1
NODE_6_length_61068_cov_9.739465	1	61068	1450	51885	84.9627	2.08646	36.7	1.03
NODE_7_length_58087_cov_6.947994	1	58087	162	12217	21.0322	0.246596	36.6	0.988
NODE_11_length_41469_cov_25.463877	1	41469	1736	37646	90.7811	3.68487	36.6	1.09
NODE_12_length_40031_cov_3.840454	1	40031	544	19218	48.0078	1.17974	36.3	37
NODE_17_length_37325_cov_319.259539	1	37325	23	2006	5.37441	0.0548158	37.6	1
NODE_19_length_36060_cov_32.684877	1	36060	5487	35828	99.3566	13.1253	35.9	0.993
NODE_23_length_32292_cov_5.397959	1	32292	515	22435	69.4754	1.37455	35.9	0.988
NODE_24_length_31545_cov_5.801683	1	31545	7	492	1.55968	0.0177524	34.7	1
NODE_28_length_27475_cov_4.040518	1	27475	151	8877	32.3094	0.468353	35.5	0.974
NODE_30_length_25734_cov_5.275400	1	25734	34	2492	9.68369	0.11308	36.5	0.941
NODE_31_length_25359_cov_5.009406	1	25359	187	11726	46.24	0.651169	36.9	0.995
NODE_41_length_22305_cov_25.908899	1	22305	1370	20827	93.3737	5.28716	35.8	2.26
NODE_42_length_22193_cov_5.490695	1	22193	108	6604	29.7571	0.412833	35.6	36.4
NODE_48_length_18890_cov_3.341333	1	18890	8	417	2.20752	0.0363155	35.7	0.375
NODE_52_length_17580_cov_3.189843	1	17580	51	3484	19.818	0.236746	35	0.98
NODE_214_length_6245_cov_8.318255	1	6245	369	6098	97.6461	5.06453	35.8	0.995
NODE_217_length_6209_cov_8.798343	1	6209	2272043	6209	100	32141.2	36.5	0.995
NODE_268_length_5407_cov_226.692078	1	5407	44295	5362	99.1677	717.107	36.3	0.996
NODE_292_length_5084_cov_88208.156095	1	5084	58087	5021	98.7608	1001.73	36.5	0.995
NODE_7_length_46020_cov_16.937757	1	46020	2	139	0.302043	0.00310734	32.3	1
NODE_9_length_43915_cov_6.954241	1	43915	72	5298	12.0642	0.139451	36	0.986
NODE_10_length_38461_cov_14.877649	1	38461	392	18882	49.0939	0.896857	36.5	19.9
NODE_12_length_36623_cov_10.841993	1	36623	251	15060	41.1217	0.599514	36.6	0.988
NODE_16_length_25443_cov_3.831850	1	25443	268	13813	54.29	0.929293	36.6	0.996
NODE_25_length_21201_cov_4.167171	1	21201	76	5278	24.8951	0.309938	36.4	0.974
NODE_34_length_13780_cov_2.793515	1	13780	195	8578	62.2496	1.23665	36.1	0.995
NODE_39_length_12439_cov_7.203731	1	12439	100	6327	50.8642	0.718707	37	0.99
NODE_57_length_7439_cov_2.481446	1	7439	29	1898	25.5142	0.34104	36.2	41.9
NODE_72_length_6209_cov_12.989275	1	6209	2296548	6209	100	32476.2	36.5	0.994
NODE_76_length_5842_cov_1509.613790	1	5842	1775	5209	89.1647	26.0358	35.9	0.989
NODE_87_length_5402_cov_34.239200	1	5402	8	512	9.47797	0.12699	36.5	0.75
NODE_89_length_5277_cov_5.447721	1	5277	23199	5277	100	382.196	36.1	0.998
NODE_4_length_238892_cov_6.753413	1	238892	2245	93881	39.2985	0.823025	36.4	18.6
NODE_5_length_189738_cov_6.430987	1	189738	2872	103199	54.3903	1.32875	36.5	32.5
NODE_10_length_119230_cov_6.136941	1	119230	1421	68435	57.3975	1.04047	36.3	1.16
NODE_12_length_90299_cov_8.811644	1	90299	689	39804	44.0802	0.67787	37.5	41.9
NODE_13_length_76125_cov_44.994597	1	76125	163	10274	13.4962	0.187691	36.4	0.988
NODE_18_length_62590_cov_137.633981	1	62590	4052	60158	96.1144	5.56098	35.7	37
NODE_20_length_55983_cov_7.738449	1	55983	765	22485	40.164	1.18463	36.2	1.42
NODE_24_length_47733_cov_200.310583	1	47733	2673	46071	96.5181	4.96956	37.1	1.12
NODE_32_length_43849_cov_21.327442	1	43849	545	26148	59.6319	1.09576	36.6	0.994
NODE_34_length_42243_cov_6.125960	1	42243	38	3180	7.52787	0.0801316	36.8	1
NODE_40_length_37489_cov_12.035128	1	37489	262	15738	41.9803	0.583024	35.2	1
NODE_41_length_37113_cov_5.778240	1	37113	564	24708	66.5751	1.32393	36	0.995
NODE_44_length_36060_cov_186.741564	1	36060	5459	35646	98.8519	13.0875	35.9	0.992
NODE_57_length_28964_cov_3.647964	1	28964	40	2603	8.98702	0.11756	35.8	42
NODE_58_length_28915_cov_2.851594	1	28915	47	3763	13.014	0.136089	36	0.957
NODE_61_length_27709_cov_4.008787	1	27709	58	4367	15.7602	0.177199	35.6	1
NODE_63_length_26925_cov_11.515333	1	26925	132	8390	31.1606	0.41467	35.4	2.77
NODE_66_length_25532_cov_5.218589	1	25532	1116	23482	91.9709	3.84553	36.7	1.15
NODE_69_length_23559_cov_18.031867	1	23559	434	12940	54.9259	1.60253	36.2	12.7
NODE_71_length_22160_cov_3.786655	1	22160	197	11890	53.6552	0.786868	36.5	1
NODE_94_length_15427_cov_6.269321	1	15427	429	12971	84.0799	2.31374	34.6	41.6
NODE_95_length_15356_cov_3.584733	1	15356	399	11777	76.6931	2.18286	35.3	2.83
NODE_165_length_6963_cov_2699.768674	1	6963	73	3993	57.346	0.923596	37	1
NODE_180_length_6209_cov_8.318817	1	6209	2295565	6209	100	32471.3	36.5	0.996
NODE_194_length_5842_cov_59.714187	1	5842	3149	5629	96.354	46.3875	36	1.4
NODE_203_length_5535_cov_3.585219	1	5535	34	1986	35.8808	0.555917	36.8	38.5
NODE_209_length_5407_cov_424.684417	1	5407	46150	5352	98.9828	747.464	36.3	0.995
NODE_212_length_5277_cov_13.385101	1	5277	23589	5277	100	389.081	36.1	0.997
NODE_213_length_5084_cov_56753.835156	1	5084	56391	5083	99.9803	971.983	36.5	1
NODE_3_length_160031_cov_246.186322	1	160031	649	44542	27.8334	0.359699	37.2	1.01
NODE_4_length_135187_cov_5.588891	1	135187	418	20855	15.4268	0.271269	36.5	0.981
NODE_11_length_82624_cov_5.458404	1	82624	424	23935	28.9686	0.450523	36.5	0.894
NODE_20_length_47234_cov_31.155747	1	47234	3006	43130	91.3113	5.50383	36.1	2.33
NODE_22_length_45867_cov_5.463743	1	45867	77	5954	12.981	0.145508	36.2	0.896
NODE_24_length_43860_cov_6.177765	1	43860	2	175	0.398997	0.00398997	35.6	23
NODE_25_length_43849_cov_10.709458	1	43849	559	27454	62.6103	1.12034	36.8	0.982
NODE_27_length_42291_cov_8.031513	1	42291	55	4338	10.2575	0.114492	36.9	1
NODE_30_length_41337_cov_7.787607	1	41337	605	27172	65.7329	1.26168	35.9	0.979
NODE_33_length_39957_cov_24.373239	1	39957	3140	37626	94.1662	6.85184	36.2	1.1
NODE_34_length_38904_cov_21.835774	1	38904	18	1402	3.60374	0.041204	36.3	1
NODE_37_length_37729_cov_6.620083	1	37729	3	230	0.609611	0.00609611	33.7	1
NODE_38_length_37629_cov_17.014451	1	37629	329	18142	48.2128	0.726514	35	0.988
NODE_42_length_35867_cov_6.690467	1	35867	113	7375	20.5621	0.260323	35.3	41.7
NODE_43_length_35817_cov_5.543007	1	35817	335	19394	54.1475	0.828741	36.7	7.49
NODE_46_length_35128_cov_9.695264	1	35128	148	3369	9.59064	0.373548	36.4	29.5
NODE_47_length_34443_cov_6.100820	1	34443	67	5141	14.9261	0.172227	37.6	42
NODE_49_length_32550_cov_5.505924	1	32550	156	10427	32.0338	0.402919	35.2	13.1
NODE_72_length_21497_cov_3.547617	1	21497	42	3035	14.1182	0.170349	35.7	36.6
NODE_77_length_19576_cov_17.607807	1	19576	164	7624	38.9456	0.731763	35.8	3.16
NODE_210_length_6209_cov_9.798343	1	6209	2310560	6209	100	32698.9	36.6	0.994
NODE_243_length_5277_cov_12.775565	1	5277	23602	5277	100	389.437	36.1	0.998
NODE_249_length_5084_cov_78920.386956	1	5084	56108	5084	100	967.316	36.5	0.997
NODE_1_length_164730_cov_5.305092	1	164730	1768	85195	51.718	0.933224	36.3	10
NODE_2_length_124404_cov_11.033221	1	124404	4830	110414	88.7544	3.44697	37.4	0.987
NODE_4_length_117427_cov_5.768318	1	117427	387	18914	16.107	0.290112	36.6	0.982
NODE_8_length_96678_cov_134.288192	1	96678	358	25867	26.7558	0.328234	37.3	0.989
NODE_28_length_43893_cov_22.428281	1	43893	526	25901	59.0094	1.04857	36.6	0.99
NODE_29_length_42291_cov_14.926058	1	42291	58	4533	10.7186	0.123123	36.6	1
NODE_33_length_37337_cov_16.555415	1	37337	2669	34864	93.3765	6.15499	35.9	1.9
NODE_34_length_37325_cov_110.555514	1	37325	6	538	1.44139	0.0144139	36.4	1
NODE_36_length_36495_cov_5.297722	1	36495	8	621	1.7016	0.0192355	36.5	1
NODE_38_length_36114_cov_4.509720	1	36114	172	11569	32.0347	0.420059	36.7	0.988
NODE_39_length_36060_cov_13.462408	1	36060	5383	35836	99.3788	12.8869	35.9	0.993
NODE_48_length_30963_cov_4.644332	1	30963	520	8614	27.8203	1.49527	37.9	1.02
NODE_54_length_29179_cov_6.736266	1	29179	235	13606	46.6294	0.705336	36.4	0.996
NODE_66_length_21974_cov_4.464985	1	21974	168	9681	44.0566	0.634841	35	0.988
NODE_181_length_6454_cov_8661.914049	1	6454	1754	2408	37.3102	23.8672	36.7	1
NODE_228_length_5277_cov_15.499043	1	5277	23218	5277	100	382.482	36.1	0.998
NODE_232_length_5084_cov_53965.325313	1	5084	55517	5084	100	956.303	36.5	0.995
NODE_2_length_164227_cov_5.664328	1	164227	1117	54530	33.204	0.599238	36.5	0.943
NODE_17_length_61395_cov_5.757956	1	61395	376	18690	30.4422	0.535939	36.6	0.981
NODE_26_length_47746_cov_5.112222	1	47746	456	9398	19.6833	0.855946	37.9	2.58
NODE_31_length_42291_cov_15.102069	1	42291	40	2894	6.84306	0.0844861	36.4	1
NODE_48_length_29632_cov_4.402171	1	29632	215	12394	41.8264	0.602423	34.9	0.995
NODE_50_length_28964_cov_4.022381	1	28964	6	482	1.66413	0.0184022	36.9	1
NODE_51_length_27921_cov_3.034092	1	27921	40	3147	11.2711	0.126249	36.6	0.95
NODE_55_length_25017_cov_5.657880	1	25017	84	5785	23.1243	0.29484	36.1	1
NODE_56_length_24833_cov_5.809872	1	24833	232	12584	50.6745	0.816736	36.5	0.991
NODE_97_length_12527_cov_5.050513	1	12527	67	4027	32.1466	0.479444	37.2	1.67
NODE_184_length_5277_cov_11.715818	1	5277	23105	5277	100	380.264	36.1	0.996
NODE_193_length_5034_cov_15.769632	1	5034	1378	5018	99.6822	23.6734	35.9	13
NODE_1_length_114607_cov_10.147007	1	114607	590	39679	34.6218	0.454772	37.2	0.986
NODE_4_length_36816_cov_7.960991	1	36816	529	23776	64.5806	1.2371	35.9	0.989
NODE_5_length_36230_cov_4.885114	1	36230	50	4084	11.2724	0.121584	36	41.3
NODE_10_length_27385_cov_7.189535	1	27385	18	1565	5.71481	0.0583896	37.6	1
NODE_11_length_26673_cov_11.045683	1	26673	894	23585	88.4227	2.87812	35.8	0.988
NODE_20_length_17239_cov_6.178596	1	17239	273	11287	65.4736	1.37299	35.8	0.993
NODE_86_length_6209_cov_9.690445	1	6209	2308792	6209	100	32664.5	36.6	0.994
NODE_124_length_5277_cov_25.805247	1	5277	23359	5277	100	385.395	36.1	1
NODE_1_length_167064_cov_31.023334	1	167064	88739	167050	99.9916	47.0369	37	0.989
NODE_7_length_61042_cov_7.357896	1	61042	1422	50675	83.0166	2.05275	36.8	1.07
NODE_11_length_50106_cov_8.639548	1	50106	766	33160	66.1797	1.31511	35.8	1.4
NODE_13_length_47685_cov_12.449024	1	47685	2909	46799	98.142	5.37819	37	0.998
NODE_14_length_46328_cov_8.666393	1	46328	835	34988	75.5224	1.55698	35.9	1
NODE_26_length_33164_cov_59.471171	1	33164	2761	32429	97.7837	7.43773	37.8	0.985
NODE_27_length_32852_cov_6.310150	1	32852	120	8991	27.3682	0.318732	36.2	1
NODE_29_length_31681_cov_4.792196	1	31681	171	11001	34.7243	0.461759	35.3	0.906
NODE_32_length_29822_cov_3.040481	1	29822	402	17990	60.3246	1.13138	35.2	11.6
NODE_37_length_23975_cov_6.355811	1	23975	2930	23924	99.7873	10.6456	36.2	1
NODE_79_length_8516_cov_194.794823	1	8516	3088	8506	99.8826	32.4357	37.7	0.988
NODE_109_length_6469_cov_258.754599	1	6469	13790	6469	100	188.365	36.8	0.994
NODE_117_length_6209_cov_39356.593760	1	6209	2271756	6209	100	32118.3	36.5	0.995
NODE_131_length_5556_cov_340.263043	1	5556	32989	5556	100	512.275	35.8	1
NODE_139_length_5354_cov_334.782412	1	5354	1341	5339	99.7198	21.5956	35.8	0.99
NODE_147_length_5084_cov_13961.725393	1	5084	79394	5084	100	1370.55	36.6	0.997
NODE_3_length_123329_cov_12.346099	1	123329	4820	111114	90.0956	3.4879	37.6	0.985
NODE_6_length_84822_cov_16.799037	1	84822	42220	84796	99.9693	44.1874	37.2	1.37
NODE_7_length_82293_cov_17.234271	1	82293	12282	82271	99.9733	12.7598	35.5	0.995
NODE_13_length_50138_cov_17.827646	1	50138	767	33770	67.3541	1.31976	35.9	1.28
NODE_17_length_47511_cov_6.251033	1	47511	213	14542	30.6076	0.38791	35.9	0.944
NODE_22_length_41227_cov_3.669387	1	41227	114	7976	19.3465	0.242778	36.6	1
NODE_24_length_39433_cov_10.753847	1	39433	6087	39382	99.8707	13.4888	36.3	22.9
NODE_34_length_29970_cov_6.653919	1	29970	1304	28433	94.8715	3.74127	35.9	0.988
NODE_35_length_29279_cov_5.928107	1	29279	26	2189	7.47635	0.0789303	37.4	1
NODE_36_length_28663_cov_6.412088	1	28663	426	18406	64.2152	1.30545	36.2	0.979
NODE_39_length_25023_cov_3.154598	1	25023	105	7176	28.6776	0.364305	36.3	0.914
NODE_41_length_24643_cov_3.795713	1	24643	324	16243	65.9132	1.12283	35.1	1
NODE_42_length_24457_cov_5.553315	1	24457	974	22059	90.195	3.47357	36.2	0.985
NODE_46_length_21332_cov_3.397377	1	21332	312	13640	63.9415	1.25066	35.5	0.978
NODE_52_length_17163_cov_9.937398	1	17163	300	12931	75.3423	1.51524	35.9	0.98
NODE_119_length_6469_cov_423.735111	1	6469	13598	6469	100	186.065	36.8	0.994
NODE_133_length_5840_cov_3038.520311	1	5840	12712	5839	99.9829	190.614	36.2	2.56
NODE_140_length_5469_cov_7.356114	1	5469	4308	5468	99.9817	62.7643	33.9	41.9
NODE_1_length_157272_cov_245.867635	1	157272	680	45766	29.0999	0.383228	37.3	1.23
NODE_3_length_116508_cov_7.831949	1	116508	56985	116478	99.9743	43.3814	37	1.04
NODE_5_length_78818_cov_6.835964	1	78818	1428	49582	62.907	1.58673	36.3	26.9
NODE_8_length_61519_cov_6.420002	1	61519	175	12664	20.5855	0.245404	36.1	0.977
NODE_11_length_55539_cov_10.359851	1	55539	170	11718	21.0987	0.269288	36.2	5.03
NODE_12_length_54742_cov_5.935359	1	54742	340	19676	35.9432	0.546856	36.5	14.6
NODE_15_length_49707_cov_409.118646	1	49707	2455	47427	95.4131	4.29941	36.2	3.67
NODE_19_length_46049_cov_20.145976	1	46049	69	5305	11.5203	0.132533	37	1
NODE_31_length_37539_cov_17.903879	1	37539	121	8806	23.4583	0.281574	36.3	2.14
NODE_32_length_37308_cov_5.588865	1	37308	67	5316	14.249	0.158063	36.5	3.43
NODE_38_length_34710_cov_5.008022	1	34710	86	5979	17.2256	0.212043	35.8	1
NODE_39_length_34383_cov_15.503059	1	34383	16	1219	3.54536	0.0396126	37.1	11.2
NODE_40_length_33198_cov_25.854600	1	33198	266	15133	45.5841	0.705073	36.7	1.03
NODE_41_length_33019_cov_71.818742	1	33019	43	3346	10.1336	0.112844	36.2	1
NODE_42_length_30783_cov_6.353228	1	30783	212	13921	45.223	0.609785	36.5	0.986
NODE_43_length_30206_cov_3.324367	1	30206	74	5511	18.2447	0.218566	36.2	41.4
NODE_51_length_25704_cov_4.962455	1	25704	408	18037	70.172	1.38862	36	0.995
NODE_60_length_19783_cov_3.659621	1	19783	19	1290	6.52075	0.0840115	38.1	1
NODE_68_length_16862_cov_6.336764	1	16862	941	16295	96.6374	4.70525	35.2	3.28
NODE_137_length_7399_cov_2.692266	1	7399	18	1265	17.0969	0.217056	37	1
NODE_157_length_6469_cov_65.568288	1	6469	13399	6468	99.9845	183.044	36.8	0.994
NODE_164_length_6286_cov_3.027283	1	6286	255	6107	97.1524	3.55632	36.7	41.7
NODE_186_length_5556_cov_469.135975	1	5556	32696	5556	100	507.293	35.8	0.999
NODE_193_length_5407_cov_407.749626	1	5407	71783	5407	100	1164.69	36.3	1.36
NODE_194_length_5354_cov_104.200415	1	5354	1347	5353	99.9813	21.8022	35.8	0.984
NODE_196_length_5277_cov_172.009958	1	5277	23296	5277	100	384.123	36.1	0.997
NODE_4_length_95966_cov_30.590652	1	95966	135407	95947	99.9802	123.845	36.6	3.77
NODE_6_length_82210_cov_5.532554	1	82210	11876	81970	99.7081	12.3395	35.5	1.03
NODE_11_length_50594_cov_377.385821	1	50594	51289	50594	100	88.8811	36.4	1.19
NODE_15_length_36350_cov_5.563659	1	36350	2165	35806	98.5034	5.26096	37	1
NODE_16_length_36268_cov_5.202911	1	36268	378	20683	57.0282	0.91367	36.5	0.984
NODE_17_length_36060_cov_30.766366	1	36060	5863	36035	99.9307	14.0837	36	0.991
NODE_22_length_25354_cov_3.861378	1	25354	281	14962	59.0124	0.978623	36.8	1
NODE_25_length_22867_cov_5.385543	1	22867	15	1262	5.51887	0.0578126	36.5	1
NODE_4_length_50595_cov_67.659972	1	50595	51862	50595	100	89.9297	36.4	0.991
NODE_9_length_29359_cov_4.137114	1	29359	1138	27929	95.1293	3.36364	36.2	1.38
NODE_22_length_12612_cov_2.735526	1	12612	994	12447	98.6917	6.69656	35.2	1.74
NODE_3_length_50595_cov_82.409794	1	50595	51069	50591	99.9921	88.534	36.4	0.99
NODE_5_length_44363_cov_4.177530	1	44363	2459	43158	97.2838	4.816	36.2	1.26
NODE_7_length_36147_cov_14.136346	1	36147	6158	36072	99.7925	14.7027	35.9	1.2
NODE_18_length_15213_cov_9.438580	1	15213	184693	15213	100	1073.07	36.9	41.7
NODE_47_length_5840_cov_40.463440	1	5840	13048	5840	100	195.381	36.2	1.14
NODE_51_length_5556_cov_13.876568	1	5556	33338	5555	99.982	516.723	35.8	0.998
NODE_57_length_5407_cov_151.267377	1	5407	73945	5407	100	1197.88	36.3	1.04
NODE_62_length_5084_cov_1208.538278	1	5084	79898	5084	100	1380.29	36.6	0.996
NODE_2_length_148288_cov_23.186888	1	148288	13246	146656	98.8994	7.9663	37.5	13.4
NODE_6_length_84805_cov_14.802077	1	84805	42530	84803	99.9976	44.548	37.3	1.07
NODE_23_length_41397_cov_28.250593	1	41397	3668	41136	99.3695	7.91939	37.8	0.986
NODE_24_length_41128_cov_5.105933	1	41128	1832	39294	95.5408	3.84628	35.8	1
NODE_25_length_41104_cov_10.069039	1	41104	350	19472	47.3725	0.742653	36.6	0.991
NODE_35_length_36642_cov_6.903080	1	36642	330	19142	52.2406	0.785874	36.4	0.994
NODE_42_length_32103_cov_4.370444	1	32103	1598	30788	95.9038	4.38227	36.6	41.5
NODE_45_length_29051_cov_4.288419	1	29051	27	2157	7.42487	0.082097	37	1
NODE_47_length_27680_cov_4.110081	1	27680	452	19462	70.3107	1.40802	35.9	0.998
NODE_51_length_25928_cov_4.825185	1	25928	10	889	3.42873	0.0350201	37.4	1
NODE_54_length_22851_cov_9.800140	1	22851	919	21084	92.2673	3.4549	36.1	1.03
NODE_102_length_12697_cov_5.155751	1	12697	137	7480	58.9116	0.940695	37	2.51
NODE_158_length_8436_cov_3.682138	1	8436	3300	8403	99.6088	34.9983	37.8	0.983
NODE_209_length_6209_cov_65496.679721	1	6209	2389014	6209	100	33795.1	36.6	1.25
NODE_235_length_5556_cov_134.878749	1	5556	33340	5556	100	517.786	35.8	1
NODE_249_length_5277_cov_379.647453	1	5277	23611	5277	100	389.296	36.1	0.996
NODE_4_length_133646_cov_16.294571	1	133646	7281	126843	94.9097	4.77752	36.4	16.3
NODE_7_length_115553_cov_35.746429	1	115553	8990	114185	98.8161	6.93072	37.4	0.985
NODE_18_length_57319_cov_76.520624	1	57319	2086	51311	89.5183	3.15859	36.1	1.02
NODE_24_length_50596_cov_1234.024079	1	50596	51559	50595	99.998	89.3528	36.4	0.99
NODE_35_length_43849_cov_26.763073	1	43849	511	26432	60.2796	1.02627	36.6	0.998
NODE_38_length_43069_cov_9.555959	1	43069	315	18777	43.5975	0.645801	36.7	1.23
NODE_42_length_41397_cov_33.888709	1	41397	3658	41209	99.5459	7.89692	37.8	0.988
NODE_49_length_38057_cov_4.796748	1	38057	541	25183	66.1718	1.26098	36.9	13.1
NODE_51_length_37849_cov_4.749140	1	37849	56	4523	11.9501	0.129779	36.6	0.982
NODE_53_length_36807_cov_5.676671	1	36807	295	14493	39.3757	0.687532	35.5	26
NODE_61_length_31489_cov_8.070020	1	31489	258	15483	49.1696	0.727175	37.2	0.984
NODE_63_length_27891_cov_6.995761	1	27891	467	18157	65.0999	1.48471	36.5	20.5
NODE_64_length_27677_cov_8.435522	1	27677	249	13842	50.0126	0.768183	35.7	1.73
NODE_69_length_26777_cov_5.823441	1	26777	265	14584	54.4647	0.824402	35	1.96
NODE_76_length_25339_cov_4.381387	1	25339	175	11101	43.8099	0.610127	37	0.989
NODE_77_length_25099_cov_4.340960	1	25099	66	4792	19.0924	0.232838	35.8	7.21
NODE_78_length_24488_cov_6.858102	1	24488	280	13695	55.9254	1.00302	36.1	41.9
NODE_80_length_24274_cov_3.099385	1	24274	113	7097	29.237	0.39326	35.5	40.7
NODE_86_length_22502_cov_3.552991	1	22502	201	11349	50.4355	0.792107	37.1	10.5
NODE_101_length_17827_cov_4.586484	1	17827	571	15846	88.8876	2.71369	35.2	1.68
NODE_110_length_17112_cov_3.368119	1	17112	273	12126	70.8626	1.37149	36.1	0.993
NODE_192_length_8422_cov_5.291144	1	8422	3084	8401	99.7507	32.7545	37.8	0.984
NODE_229_length_6678_cov_5.842066	1	6678	63	3872	57.9814	0.84097	36.8	1.52
NODE_261_length_5874_cov_27.383915	1	5874	1389	5800	98.7402	20.3568	35.9	0.984
NODE_4_length_127150_cov_117.090247	1	127150	5095	114091	89.7295	3.57322	37.5	1.01
NODE_7_length_88941_cov_46.993812	1	88941	6789	87505	98.3854	6.80386	37.6	21.2
NODE_11_length_72839_cov_23.773563	1	72839	1878	56270	77.2526	2.21745	35.8	41.7
NODE_21_length_59130_cov_12.292323	1	59130	167	12344	20.876	0.249619	36.6	0.976
NODE_23_length_57177_cov_114.389377	1	57177	2251	51964	90.8827	3.44481	36.2	0.992
NODE_28_length_50596_cov_1491.292179	1	50596	51597	50596	100	89.4519	36.4	0.988
NODE_30_length_49587_cov_4.531979	1	49587	188	12747	25.7063	0.334362	36.4	0.941
NODE_35_length_46803_cov_6.051467	1	46803	1096	37928	81.0375	2.04237	36.3	20.2
NODE_36_length_46752_cov_29.126753	1	46752	2086	44189	94.5179	3.8214	35.8	1.03
NODE_39_length_43620_cov_4.962217	1	43620	68	5104	11.7011	0.136084	36.4	1
NODE_40_length_43084_cov_6.633898	1	43084	5703	43004	99.8143	11.2976	35.6	1.33
NODE_45_length_40665_cov_4.748239	1	40665	315	19040	46.8216	0.682208	36.8	1.25
NODE_50_length_39226_cov_10.101606	1	39226	649	27968	71.2996	1.45875	36.7	41.5
NODE_56_length_37457_cov_9.262072	1	37457	154	10092	26.9429	0.36012	36.2	5.6
NODE_58_length_37241_cov_46.337493	1	37241	395	20687	55.549	0.93526	36.5	1.29
NODE_59_length_37102_cov_7.659028	1	37102	635	25462	68.627	1.45879	35.6	0.995
NODE_60_length_36992_cov_10.212497	1	36992	439	21483	58.0747	1.04525	36.7	20.3
NODE_64_length_33972_cov_8.070260	1	33972	848	28308	83.3274	2.19616	36.7	41.5
NODE_68_length_32950_cov_15.789907	1	32950	569	23874	72.4552	1.48282	35.8	0.995
NODE_75_length_29643_cov_5.344836	1	29643	36	2586	8.72381	0.110144	37.7	38.9
NODE_76_length_29309_cov_5.208553	1	29309	81	5881	20.0655	0.241155	36.3	9.1
NODE_77_length_28348_cov_7.729650	1	28348	417	18750	66.1422	1.30256	36.9	0.966
NODE_80_length_27821_cov_14.253908	1	27821	1316	26298	94.5257	4.10427	36.1	2.19
NODE_90_length_25254_cov_6.697329	1	25254	138	8675	34.351	0.470896	35.8	1
NODE_92_length_24473_cov_5.235728	1	24473	207	11453	46.7985	0.745556	36.6	0.99
NODE_98_length_23476_cov_4.904359	1	23476	207	11929	50.8136	0.787102	37	15.2
NODE_107_length_20703_cov_32.120399	1	20703	610	18143	87.6346	2.54374	35.8	0.985
NODE_118_length_18955_cov_3.719365	1	18955	434	15665	82.6431	1.9425	35.6	41.6
NODE_119_length_18951_cov_5.567686	1	18951	22	1580	8.33729	0.105219	37.1	1
NODE_127_length_17877_cov_5.437717	1	17877	53	3959	22.1458	0.258768	36.5	42
NODE_337_length_5407_cov_169.755419	1	5407	70705	5407	100	1146.96	36.4	0.994
NODE_345_length_5277_cov_154.251628	1	5277	23511	5275	99.9621	387.924	36.1	0.996
NODE_17_length_37229_cov_5.527304	1	37229	1667	35750	96.0273	3.97263	36.8	1.17
NODE_35_length_16708_cov_7.810064	1	16708	1396	16579	99.2279	7.08541	35.3	2.87
NODE_79_length_6268_cov_7.561404	1	6268	387	6069	96.8251	5.35402	36.1	0.995
NODE_1_length_167064_cov_29.887916	1	167064	90180	167058	99.9964	47.7814	37	1.02
NODE_2_length_128004_cov_9.723710	1	128004	667	41617	32.5123	0.461361	37.2	1.01
NODE_9_length_50597_cov_221.425567	1	50597	51695	50597	100	89.4911	36.4	1.01
NODE_15_length_44579_cov_4.400862	1	44579	604	28091	63.014	1.16725	36	1.62
NODE_25_length_26906_cov_5.574876	1	26906	478	19645	73.0135	1.52063	35.8	1.59
NODE_66_length_7415_cov_2.395924	1	7415	30	2223	29.9798	0.356709	37.8	2.67
NODE_81_length_6245_cov_24.756704	1	6245	341	6147	98.4307	4.78127	35.9	1
NODE_98_length_5354_cov_128.256463	1	5354	1462	5348	99.8879	23.5889	35.8	0.983
NODE_14_length_82374_cov_240.205894	1	82374	12333	82269	99.8725	12.7927	35.5	0.998
NODE_21_length_64073_cov_37.552313	1	64073	791	36342	56.7197	1.06009	36	10.2
NODE_22_length_61496_cov_10.163685	1	61496	187	13043	21.2095	0.259513	36.2	0.989
NODE_27_length_56163_cov_10.570810	1	56163	503	26993	48.0619	0.783683	36.4	1.37
NODE_29_length_50686_cov_11.681381	1	50686	169	11575	22.8367	0.280235	34.8	1
NODE_34_length_49123_cov_12.946462	1	49123	135	9651	19.6466	0.234554	35.6	19.6
NODE_35_length_48678_cov_17.660634	1	48678	290	17584	36.1231	0.517482	35.6	0.976
NODE_36_length_48286_cov_161.551720	1	48286	4619	47292	97.9414	8.54869	37.7	10.6
NODE_41_length_46049_cov_22.527873	1	46049	43	3526	7.65706	0.0828465	37.1	1
NODE_42_length_46014_cov_7.064688	1	46014	253	16233	35.2784	0.483831	36.5	1.49
NODE_44_length_45313_cov_24.797539	1	45313	7	581	1.28219	0.0134178	34	1
NODE_45_length_44530_cov_6.085261	1	44530	154	10487	23.5504	0.290478	34.7	7.74
NODE_50_length_42455_cov_9.957995	1	42455	549	25809	60.7914	1.10823	35.6	3.99
NODE_54_length_41545_cov_23.951314	1	41545	203	13001	31.2938	0.430112	36.8	2.92
NODE_56_length_41017_cov_5.694693	1	41017	30	2350	5.72933	0.0619987	35.1	42
NODE_58_length_39387_cov_195.566714	1	39387	3540	38524	97.8089	7.84264	36.2	2.06
NODE_66_length_37340_cov_6.786992	1	37340	16	1256	3.36369	0.038511	37.7	1
NODE_74_length_32607_cov_43.428176	1	32607	35	2601	7.97681	0.0924648	35.8	1
NODE_76_length_32402_cov_4.278047	1	32402	286	16750	51.6943	0.781618	36.8	1.28
NODE_85_length_29888_cov_3.843428	1	29888	54	4227	14.1428	0.159194	36.8	1
NODE_86_length_29401_cov_5.339501	1	29401	55	4065	13.8261	0.15741	35.2	5.47
NODE_90_length_26510_cov_4.099074	1	26510	82	5419	20.4413	0.269031	35.5	0.988
NODE_91_length_25386_cov_3.813628	1	25386	149	9228	36.3507	0.50327	35.7	1.07
NODE_98_length_23399_cov_4.973441	1	23399	29	2162	9.23971	0.108594	36.3	1
NODE_99_length_23338_cov_3.337113	1	23338	181	10531	45.1238	0.679878	36.9	1.34
NODE_100_length_23190_cov_23.457402	1	23190	151	9896	42.6736	0.568262	36.6	1.13
NODE_102_length_22820_cov_4.048935	1	22820	22	1824	7.99299	0.0855828	36.4	1
NODE_137_length_15986_cov_191.716590	1	15986	8263	15892	99.412	45.9818	37.3	4.55
NODE_142_length_15505_cov_266.883107	1	15505	4036	15419	99.4453	22.8085	36.3	8.43
NODE_286_length_7396_cov_5.191118	1	7396	16	1051	14.2104	0.176447	36.2	0.875
NODE_394_length_5277_cov_264.588280	1	5277	23074	5276	99.981	379.991	36.1	0.994
NODE_2_length_111600_cov_9.640486	1	111600	4018	98379	88.1532	3.20746	37.5	0.989
NODE_9_length_45523_cov_3.740213	1	45523	21660	45492	99.9319	42.1824	37.2	1.04
NODE_11_length_38676_cov_4.256959	1	38676	2082	37433	96.7861	4.73919	36.5	1.01
NODE_12_length_38621_cov_4.452264	1	38621	3420	38431	99.508	7.91155	37.9	0.984
NODE_14_length_36134_cov_22.605782	1	36134	6196	36080	99.8506	14.8261	36	1.02
NODE_16_length_32623_cov_3.888142	1	32623	1938	31767	97.3761	5.26187	37.1	0.988
NODE_23_length_22286_cov_4.358508	1	22286	251	12744	57.1839	0.987795	36.2	0.988
NODE_25_length_20188_cov_3.698455	1	20188	901	18931	93.7735	3.85259	35.9	1.03
NODE_50_length_10983_cov_6.236914	1	10983	3461	10894	99.1897	27.5652	36.2	1.02
NODE_97_length_5840_cov_82.570614	1	5840	14018	5837	99.9486	209.966	36.2	1.54
NODE_1_length_291783_cov_17.309309	1	291783	150	9828	3.36826	0.0451808	36.8	0.667
NODE_2_length_224719_cov_12.772874	1	224719	62	4825	2.14713	0.0248577	38.1	0.919
NODE_5_length_146551_cov_138.816527	1	146551	189694	146541	99.9932	113.444	36.6	1.04
NODE_9_length_107083_cov_7.960225	1	107083	4554	96424	90.046	3.78682	37.5	0.984
NODE_18_length_51491_cov_4.309861	1	51491	344	21649	42.0442	0.594997	36.8	1.35
NODE_23_length_46505_cov_8.013886	1	46505	804	33984	73.076	1.4984	36	0.999
NODE_28_length_40659_cov_13.346394	1	40659	584	25090	61.7084	1.26575	36.4	1.13
NODE_34_length_37084_cov_5.937697	1	37084	206	13749	37.0753	0.485978	36.5	0.971
NODE_37_length_29802_cov_5.098867	1	29802	352	17507	58.7444	1.04527	36.7	0.98
NODE_39_length_28630_cov_5.069326	1	28630	1067	26423	92.2913	3.20713	35.9	1.01
NODE_42_length_27529_cov_6.863980	1	27529	14	1190	4.32271	0.0462058	38	30
NODE_44_length_27445_cov_5.378131	1	27445	256	14985	54.6001	0.826161	36.6	0.984
NODE_46_length_25582_cov_5.547381	1	25582	973	23402	91.4784	3.2922	35.8	0.985
NODE_48_length_24386_cov_133.440549	1	24386	13290	24214	99.2947	48.1202	36.7	41.7
NODE_63_length_14529_cov_5.416955	1	14529	737	13942	95.9598	4.25983	35.1	1.75
NODE_85_length_9810_cov_429.929062	1	9810	13130	6720	68.5015	118.402	36.8	1.02
NODE_122_length_6209_cov_70622.697433	1	6209	2302997	6209	100	32574.6	36.5	0.995
NODE_136_length_5744_cov_864.749341	1	5744	1536	5687	99.0077	23.0588	35.8	1.63
NODE_147_length_5556_cov_89.738411	1	5556	33538	5556	100	520.444	35.8	0.998
NODE_1_length_224519_cov_7.116856	1	224519	47	3745	1.66801	0.0184439	37.8	0.979
NODE_2_length_167110_cov_64.689713	1	167110	89097	167091	99.9886	47.2096	37	0.996
NODE_4_length_142877_cov_8.785747	1	142877	44	3675	2.57214	0.0262883	37.9	0.955
NODE_5_length_139191_cov_8.620788	1	139191	84	6252	4.49167	0.05315	37.2	0.702
NODE_21_length_49714_cov_4.278741	1	49714	368	21210	42.664	0.645874	36.4	0.992
NODE_26_length_46532_cov_8.982421	1	46532	240	15514	33.3405	0.458093	36.6	0.967
NODE_28_length_46427_cov_14.788256	1	46427	796	35400	76.2487	1.48185	35.9	0.994
NODE_29_length_46367_cov_11.001188	1	46367	1881	43836	94.5414	3.50549	35.9	0.989
NODE_30_length_46266_cov_83.710480	1	46266	18880	45937	99.2889	36.2242	37.3	0.998
NODE_31_length_43850_cov_11.756000	1	43850	543	28312	64.5656	1.08914	36.8	0.993
NODE_32_length_43436_cov_7.077891	1	43436	15	1152	2.65218	0.0291003	35.8	1
NODE_35_length_40899_cov_23.333831	1	40899	533	25243	61.7203	1.13511	36.3	1.01
NODE_38_length_39875_cov_5.639704	1	39875	100	7127	17.8734	0.213417	34.9	1
NODE_46_length_36623_cov_13.706793	1	36623	336	17812	48.6361	0.801136	36.5	0.997
NODE_49_length_32431_cov_3.692241	1	32431	147	9659	29.7832	0.403534	37.1	0.973
NODE_54_length_30192_cov_5.904702	1	30192	381	18322	60.6849	1.06084	35	1.18
NODE_56_length_28912_cov_8.397962	1	28912	402	19257	66.6056	1.18048	35.4	13
NODE_58_length_27890_cov_4.360841	1	27890	95	6288	22.5457	0.301147	36.2	1.21
NODE_60_length_25063_cov_6.534149	1	25063	218	12060	48.1187	0.725532	35	0.991
NODE_87_length_14015_cov_251.795559	1	14015	94	5390	38.4588	0.597289	37.4	2.14
NODE_153_length_7396_cov_5.593380	1	7396	8	614	8.30178	0.0927528	36.2	1
NODE_173_length_6469_cov_774.838478	1	6469	13958	6469	100	190.697	36.8	0.993
NODE_218_length_5084_cov_12194.464307	1	5084	75747	5084	100	1306.64	36.6	0.996
NODE_4_length_149990_cov_22.694054	1	149990	5992	136925	91.2894	3.55858	37.5	7.52
NODE_11_length_90295_cov_118.359719	1	90295	90275	90285	99.9889	87.4893	36.6	1.04
NODE_14_length_82304_cov_225.187151	1	82304	12417	82231	99.9113	12.8783	35.5	1.03
NODE_17_length_66579_cov_12.543699	1	66579	158	12055	18.1063	0.21259	36.8	1.25
NODE_28_length_50686_cov_13.389939	1	50686	122	9091	17.9359	0.201811	34.8	1
NODE_33_length_48678_cov_22.032392	1	48678	266	16371	33.6312	0.474896	35.9	0.962
NODE_34_length_48295_cov_29.851223	1	48295	2067	44871	92.9102	3.70299	35.9	1.4
NODE_39_length_46496_cov_26.700803	1	46496	833	34334	73.8429	1.54336	35.9	0.983
NODE_40_length_46294_cov_8.238197	1	46294	1793	42088	90.9146	3.34255	36	18.4
NODE_44_length_45871_cov_5.078160	1	45871	83	6465	14.0939	0.155567	35.8	0.94
NODE_49_length_42667_cov_9.849948	1	42667	4137	42472	99.543	8.59667	36.9	41.7
NODE_52_length_42307_cov_7.097250	1	42307	54	4059	9.59416	0.110124	36.3	0.963
NODE_54_length_41741_cov_10.161829	1	41741	241	15430	36.9661	0.499221	36.4	1.03
NODE_55_length_41584_cov_17.221676	1	41584	1815	38785	93.269	3.85795	36.8	1.15
NODE_65_length_38961_cov_7.399476	1	38961	26	2082	5.34381	0.0585714	36.4	1
NODE_66_length_38717_cov_7.546868	1	38717	113	7708	19.9086	0.234342	34.7	2.13
NODE_68_length_38440_cov_54.510460	1	38440	352	18316	47.6483	0.777523	35.4	1.51
NODE_69_length_37272_cov_3.102802	1	37272	245	15583	41.8089	0.560179	35.3	13.9
NODE_76_length_34918_cov_18.678370	1	34918	6	491	1.40615	0.0151498	35.8	14.7
NODE_77_length_34914_cov_4.634499	1	34914	14	1050	3.00739	0.0351435	36.9	42
NODE_78_length_34810_cov_11.848741	1	34810	25	2020	5.80293	0.0649239	37.9	7.56
NODE_82_length_32967_cov_14.811011	1	32967	313	16080	48.776	0.793369	34.9	1.64
NODE_84_length_32573_cov_4.820715	1	32573	595	22195	68.1393	1.55779	35.6	41.7
NODE_85_length_32529_cov_5.865646	1	32529	276	15391	47.3147	0.75176	36.9	1.53
NODE_86_length_32364_cov_4.582315	1	32364	54	3832	11.8403	0.146428	36.3	17.7
NODE_87_length_32215_cov_15.592506	1	32215	391	19549	60.6829	1.01856	35.3	2.49
NODE_88_length_32149_cov_48.332741	1	32149	102	6986	21.7301	0.278516	36.2	1
NODE_89_length_31829_cov_62.477403	1	31829	1406	28869	90.7003	3.71372	35	23.9
NODE_92_length_30284_cov_3.410831	1	30284	40	3094	10.2166	0.116563	36.3	18.3
NODE_98_length_27642_cov_3.629318	1	27642	49	3682	13.3203	0.154149	36.2	1
NODE_99_length_27136_cov_4.809424	1	27136	48	3633	13.3881	0.153781	36.6	2.17
NODE_103_length_25437_cov_4.427586	1	25437	38	2915	11.4597	0.123796	36.1	0.974
NODE_110_length_22758_cov_8.333524	1	22758	305	14997	65.8977	1.17502	36.4	0.951
NODE_114_length_22362_cov_39.010266	1	22362	37	2909	13.0087	0.144352	36.2	1
NODE_119_length_21232_cov_24.778675	1	21232	161	9686	45.6198	0.667719	36.5	0.938
NODE_120_length_20547_cov_20.156207	1	20547	142	7636	37.1636	0.568404	35.2	41.5
NODE_181_length_12451_cov_62.323975	1	12451	98	5687	45.675	0.700747	37.3	0.98
NODE_214_length_10360_cov_3.570597	1	10360	32	2459	23.7355	0.268147	35.4	39.6
NODE_278_length_7396_cov_6.279662	1	7396	12	976	13.1963	0.146701	36.7	0.833
NODE_286_length_7275_cov_4.567867	1	7275	312	6931	95.2715	3.80467	36.5	41.4
NODE_309_length_6605_cov_445.087328	1	6605	1484	6590	99.7729	19.4294	35.9	2.71
DAS_Check_Bin_07_k119_159765:247-42184	1	41938	0	0	0	0	0	0
NODE_15_length_35381_cov_29.469003	1	35381	0	0	0	0	0	0
NODE_99_length_5721_cov_1061.804977	1	5721	0	0	0	0	0	0
NODE_102_length_5581_cov_15638.208288	1	5581	0	0	0	0	0	0
NODE_104_length_5514_cov_1878.878732	1	5514	0	0	0	0	0	0
NODE_258_length_5581_cov_2813.330800	1	5581	0	0	0	0	0	0
NODE_262_length_5514_cov_38.326067	1	5514	0	0	0	0	0	0
NODE_11_length_37351_cov_3.546841	1	37351	0	0	0	0	0	0
NODE_14_length_35381_cov_20.886033	1	35381	0	0	0	0	0	0
NODE_23_length_52152_cov_8.571204	1	52152	0	0	0	0	0	0
NODE_27_length_46064_cov_34.699428	1	46064	0	0	0	0	0	0
NODE_64_length_26668_cov_4.755420	1	26668	0	0	0	0	0	0
NODE_86_length_17581_cov_4.636540	1	17581	0	0	0	0	0	0
NODE_113_length_12763_cov_3.351196	1	12763	0	0	0	0	0	0
NODE_205_length_5514_cov_740.579227	1	5514	0	0	0	0	0	0
NODE_103_length_15861_cov_5.174997	1	15861	0	0	0	0	0	0
NODE_235_length_5514_cov_1351.351346	1	5514	0	0	0	0	0	0
NODE_44_length_30436_cov_7.486422	1	30436	0	0	0	0	0	0
NODE_176_length_5514_cov_454.349698	1	5514	0	0	0	0	0	0
NODE_113_length_5514_cov_54.894486	1	5514	0	0	0	0	0	0
NODE_96_length_11662_cov_7.022019	1	11662	0	0	0	0	0	0
NODE_103_length_22548_cov_3.955764	1	22548	0	0	0	0	0	0
NODE_122_length_18523_cov_15.849144	1	18523	0	0	0	0	0	0
NODE_60_length_14961_cov_14.778747	1	14961	0	0	0	0	0	0
NODE_91_length_8647_cov_3.054702	1	8647	0	0	0	0	0	0
NODE_53_length_30710_cov_4.642636	1	30710	0	0	0	0	0	0
NODE_55_length_29701_cov_27.068205	1	29701	0	0	0	0	0	0
NODE_101_length_12031_cov_26.306363	1	12031	0	0	0	0	0	0
NODE_90_length_31247_cov_3.493845	1	31247	0	0	0	0	0	0
NODE_94_length_29316_cov_3.978435	1	29316	0	0	0	0	0	0
NODE_390_length_5581_cov_3.514839	1	5581	0	0	0	0	0	0
